63.0.0.0;63.0.0.255;41.8536;-87.6183
63.0.1.0;63.0.1.255;42.3601;-71.0589
63.0.2.0;63.0.2.255;41.8536;-87.6183
63.0.3.0;63.0.6.255;42.3601;-71.0589
63.0.7.0;63.0.9.255;41.8536;-87.6183
63.0.10.0;63.0.13.255;42.3601;-71.0589
63.0.14.0;63.0.14.255;41.8536;-87.6183
63.0.15.0;63.0.16.255;42.3601;-71.0589
63.0.17.0;63.0.17.255;41.8536;-87.6183
63.0.18.0;63.0.19.255;42.3601;-71.0589
63.0.20.0;63.0.20.255;42.6526;-73.7562
63.0.21.0;63.0.21.255;42.3601;-71.0589
63.0.22.0;63.0.22.255;40.7128;-74.006
63.0.23.0;63.0.25.255;42.3601;-71.0589
63.0.26.0;63.0.27.255;42.6526;-73.7562
63.0.28.0;63.0.28.255;42.3601;-71.0589
63.0.29.0;63.0.29.255;41.8536;-87.6183
63.0.30.0;63.0.34.255;42.3601;-71.0589
63.0.35.0;63.0.35.255;41.8781;-87.6298
63.0.36.0;63.0.36.255;42.3601;-71.0589
63.0.37.0;63.0.37.255;41.8536;-87.6183
63.0.38.0;63.0.38.255;42.3601;-71.0589
63.0.39.0;63.0.39.255;41.8536;-87.6183
63.0.40.0;63.0.40.255;42.6526;-73.7562
63.0.41.0;63.0.41.255;41.8536;-87.6183
63.0.42.0;63.0.42.255;40.7128;-74.006
63.0.43.0;63.0.44.255;42.3601;-71.0589
63.0.45.0;63.0.47.255;41.8536;-87.6183
63.0.48.0;63.0.48.255;39.0113;-77.4713
63.0.49.0;63.0.50.255;42.3601;-71.0589
63.0.51.0;63.0.51.255;42.6526;-73.7562
63.0.52.0;63.0.52.255;41.8781;-87.6298
63.0.53.0;63.0.53.255;40.7128;-74.006
63.0.54.0;63.0.54.255;42.3601;-71.0589
63.0.55.0;63.0.55.255;41.8536;-87.6183
63.0.56.0;63.0.56.255;42.3601;-71.0589
63.0.57.0;63.0.59.255;41.8536;-87.6183
63.0.60.0;63.0.60.255;42.3601;-71.0589
63.0.61.0;63.0.61.255;41.8536;-87.6183
63.0.62.0;63.0.62.255;42.3601;-71.0589
63.0.63.0;63.0.63.255;41.8536;-87.6183
63.0.64.0;63.0.64.255;42.3601;-71.0589
63.0.65.0;63.0.66.255;41.8536;-87.6183
63.0.67.0;63.0.67.255;41.8781;-87.6298
63.0.68.0;63.0.68.255;42.6526;-73.7562
63.0.69.0;63.0.70.255;42.3601;-71.0589
63.0.71.0;63.0.71.255;41.8536;-87.6183
63.0.72.0;63.0.73.255;42.3601;-71.0589
63.0.74.0;63.0.74.255;41.8536;-87.6183
63.0.75.0;63.0.77.255;42.3601;-71.0589
63.0.78.0;63.0.78.255;39.0113;-77.4713
63.0.79.0;63.0.79.255;42.3601;-71.0589
63.0.80.0;63.0.80.255;42.6526;-73.7562
63.0.81.0;63.0.81.255;40.7128;-74.006
63.0.82.0;63.0.82.255;42.3601;-71.0589
63.0.83.0;63.0.83.255;41.8536;-87.6183
63.0.84.0;63.0.89.255;42.3601;-71.0589
63.0.90.0;63.0.90.255;42.6526;-73.7562
63.0.91.0;63.0.91.255;42.3601;-71.0589
63.0.92.0;63.0.92.255;41.8536;-87.6183
63.0.93.0;63.0.93.255;42.3601;-71.0589
63.0.94.0;63.0.94.255;41.8781;-87.6298
63.0.95.0;63.0.95.255;41.8536;-87.6183
63.0.96.0;63.0.96.255;42.3601;-71.0589
63.0.97.0;63.0.97.255;40.7128;-74.006
63.0.98.0;63.0.98.255;42.3601;-71.0589
63.0.99.0;63.0.99.255;40.7128;-74.006
63.0.100.0;63.0.101.255;41.8536;-87.6183
63.0.102.0;63.0.102.255;42.3601;-71.0589
63.0.103.0;63.0.103.255;41.8536;-87.6183
63.0.104.0;63.0.105.255;42.6526;-73.7562
63.0.106.0;63.0.106.255;41.8536;-87.6183
63.0.107.0;63.0.107.255;42.3601;-71.0589
63.0.108.0;63.0.108.255;40.7128;-74.006
63.0.109.0;63.0.109.255;42.3601;-71.0589
63.0.110.0;63.0.110.255;41.8536;-87.6183
63.0.111.0;63.0.111.255;42.3601;-71.0589
63.0.112.0;63.0.113.255;42.6526;-73.7562
63.0.114.0;63.0.114.255;41.8536;-87.6183
63.0.115.0;63.0.115.255;42.3601;-71.0589
63.0.116.0;63.0.116.255;41.8536;-87.6183
63.0.117.0;63.0.118.255;42.3601;-71.0589
63.0.119.0;63.0.119.255;42.6526;-73.7562
63.0.120.0;63.0.121.255;41.8536;-87.6183
63.0.122.0;63.0.122.255;40.7128;-74.006
63.0.123.0;63.0.124.255;42.3601;-71.0589
63.0.125.0;63.0.125.255;41.8536;-87.6183
63.0.126.0;63.0.126.255;42.6526;-73.7562
63.0.127.0;63.0.127.255;40.7128;-74.006
63.0.128.0;63.0.129.255;42.3601;-71.0589
63.0.130.0;63.0.130.255;41.8536;-87.6183
63.0.131.0;63.0.131.255;40.7128;-74.006
63.0.132.0;63.0.132.255;42.3601;-71.0589
63.0.133.0;63.0.134.255;41.8536;-87.6183
63.0.135.0;63.0.135.255;42.3601;-71.0589
63.0.136.0;63.0.136.255;42.6526;-73.7562
63.0.137.0;63.0.139.255;42.3601;-71.0589
63.0.140.0;63.0.140.255;41.8536;-87.6183
63.0.141.0;63.0.142.255;42.3601;-71.0589
63.0.143.0;63.0.143.255;41.8536;-87.6183
63.0.144.0;63.0.144.255;42.6526;-73.7562
63.0.145.0;63.0.146.255;42.3601;-71.0589
63.0.147.0;63.0.148.255;41.8536;-87.6183
63.0.149.0;63.0.149.255;42.6526;-73.7562
63.0.150.0;63.0.150.255;40.7128;-74.006
63.0.151.0;63.0.151.255;42.3601;-71.0589
63.0.152.0;63.0.152.255;41.8536;-87.6183
63.0.153.0;63.0.153.255;40.7128;-74.006
63.0.154.0;63.0.155.255;42.3601;-71.0589
63.0.156.0;63.0.156.255;42.6526;-73.7562
63.0.157.0;63.0.157.255;42.3601;-71.0589
63.0.158.0;63.0.159.255;42.6526;-73.7562
63.0.160.0;63.0.160.255;42.3601;-71.0589
63.0.161.0;63.0.162.255;41.8536;-87.6183
63.0.163.0;63.0.166.255;42.6526;-73.7562
63.0.167.0;63.0.167.255;41.8536;-87.6183
63.0.168.0;63.0.168.255;42.3601;-71.0589
63.0.169.0;63.0.169.255;41.8781;-87.6298
63.0.170.0;63.0.171.255;41.8536;-87.6183
63.0.172.0;63.0.174.255;42.3601;-71.0589
63.0.175.0;63.0.175.255;41.8536;-87.6183
63.0.176.0;63.0.176.255;42.3601;-71.0589
63.0.177.0;63.0.177.255;41.8536;-87.6183
63.0.178.0;63.0.179.255;42.6526;-73.7562
63.0.180.0;63.0.180.255;41.8536;-87.6183
63.0.181.0;63.0.181.255;42.6526;-73.7562
63.0.182.0;63.0.185.255;42.3601;-71.0589
63.0.186.0;63.0.186.255;41.8536;-87.6183
63.0.187.0;63.0.187.255;42.6526;-73.7562
63.0.188.0;63.0.191.255;42.3601;-71.0589
63.0.192.0;63.0.193.255;41.8536;-87.6183
63.0.194.0;63.0.194.255;40.7128;-74.006
63.0.195.0;63.0.195.255;41.8536;-87.6183
63.0.196.0;63.0.196.255;42.3601;-71.0589
63.0.197.0;63.0.199.255;42.6526;-73.7562
63.0.200.0;63.0.201.255;41.8536;-87.6183
63.0.202.0;63.0.202.255;42.3601;-71.0589
63.0.203.0;63.0.203.255;42.6526;-73.7562
63.0.204.0;63.0.204.255;42.3601;-71.0589
63.0.205.0;63.0.205.255;42.6526;-73.7562
63.0.206.0;63.0.206.255;42.3601;-71.0589
63.0.207.0;63.0.208.255;41.8536;-87.6183
63.0.209.0;63.0.210.255;42.3601;-71.0589
63.0.211.0;63.0.211.255;42.6526;-73.7562
63.0.212.0;63.0.212.255;41.8536;-87.6183
63.0.213.0;63.0.214.255;42.3601;-71.0589
63.0.215.0;63.0.215.255;41.8536;-87.6183
63.0.216.0;63.0.216.255;42.6526;-73.7562
63.0.217.0;63.0.217.255;42.3601;-71.0589
63.0.218.0;63.0.218.255;40.7128;-74.006
63.0.219.0;63.0.219.255;41.8536;-87.6183
63.0.220.0;63.0.221.255;42.3601;-71.0589
63.0.222.0;63.0.222.255;41.8781;-87.6298
63.0.223.0;63.0.223.255;41.8536;-87.6183
63.0.224.0;63.0.224.255;42.3601;-71.0589
63.0.225.0;63.0.225.255;41.8781;-87.6298
63.0.226.0;63.0.227.255;41.8536;-87.6183
63.0.228.0;63.0.233.255;42.3601;-71.0589
63.0.234.0;63.0.234.255;42.6526;-73.7562
63.0.235.0;63.0.235.255;42.3601;-71.0589
63.0.236.0;63.0.236.255;41.8781;-87.6298
63.0.237.0;63.0.237.255;42.6526;-73.7562
63.0.238.0;63.0.238.255;41.8536;-87.6183
63.0.239.0;63.0.239.255;40.7128;-74.006
63.0.240.0;63.0.240.255;41.8536;-87.6183
63.0.241.0;63.0.241.255;42.6526;-73.7562
63.0.242.0;63.0.242.255;41.8536;-87.6183
63.0.243.0;63.0.243.255;42.3601;-71.0589
63.0.244.0;63.0.244.255;42.6526;-73.7562
63.0.245.0;63.0.246.255;41.8536;-87.6183
63.0.247.0;63.0.248.255;42.3601;-71.0589
63.0.249.0;63.0.249.255;42.6526;-73.7562
63.0.250.0;63.0.250.255;41.8536;-87.6183
63.0.251.0;63.0.253.255;42.3601;-71.0589
63.0.254.0;63.0.255.255;41.8536;-87.6183
63.1.0.0;63.1.0.255;41.8781;-87.6298
63.1.1.0;63.1.2.255;41.8536;-87.6183
63.1.3.0;63.1.4.255;42.3601;-71.0589
63.1.5.0;63.1.5.255;42.6526;-73.7562
63.1.6.0;63.1.7.255;42.3601;-71.0589
63.1.8.0;63.1.8.255;42.6526;-73.7562
63.1.9.0;63.1.10.255;41.8536;-87.6183
63.1.11.0;63.1.11.255;42.3601;-71.0589
63.1.12.0;63.1.12.255;42.6526;-73.7562
63.1.13.0;63.1.13.255;40.7128;-74.006
63.1.14.0;63.1.18.255;42.3601;-71.0589
63.1.19.0;63.1.19.255;40.7128;-74.006
63.1.20.0;63.1.20.255;42.6526;-73.7562
63.1.21.0;63.1.21.255;41.8536;-87.6183
63.1.22.0;63.1.22.255;42.3601;-71.0589
63.1.23.0;63.1.23.255;41.8536;-87.6183
63.1.24.0;63.1.25.255;42.3601;-71.0589
63.1.26.0;63.1.26.255;42.6526;-73.7562
63.1.27.0;63.1.27.255;42.3601;-71.0589
63.1.28.0;63.1.29.255;42.6526;-73.7562
63.1.30.0;63.1.30.255;42.3601;-71.0589
63.1.31.0;63.1.31.255;40.7128;-74.006
63.1.32.0;63.1.32.255;41.8536;-87.6183
63.1.33.0;63.1.33.255;42.6526;-73.7562
63.1.34.0;63.1.36.255;42.3601;-71.0589
63.1.37.0;63.1.37.255;42.6526;-73.7562
63.1.38.0;63.1.38.255;42.3601;-71.0589
63.1.39.0;63.1.39.255;42.6526;-73.7562
63.1.40.0;63.1.40.255;41.8781;-87.6298
63.1.41.0;63.1.41.255;41.8536;-87.6183
63.1.42.0;63.1.42.255;41.8781;-87.6298
63.1.43.0;63.1.43.255;42.6526;-73.7562
63.1.44.0;63.1.44.255;42.3601;-71.0589
63.1.45.0;63.1.45.255;42.6526;-73.7562
63.1.46.0;63.1.46.255;42.3601;-71.0589
63.1.47.0;63.1.47.255;41.8536;-87.6183
63.1.48.0;63.1.51.255;42.3601;-71.0589
63.1.52.0;63.1.52.255;42.6526;-73.7562
63.1.53.0;63.1.53.255;42.3601;-71.0589
63.1.54.0;63.1.54.255;42.6526;-73.7562
63.1.55.0;63.1.55.255;40.7128;-74.006
63.1.56.0;63.1.57.255;41.8536;-87.6183
63.1.58.0;63.1.58.255;42.3601;-71.0589
63.1.59.0;63.1.61.255;41.8536;-87.6183
63.1.62.0;63.1.62.255;42.6526;-73.7562
63.1.63.0;63.1.63.255;41.8536;-87.6183
63.1.64.0;63.1.64.255;41.8781;-87.6298
63.1.65.0;63.1.66.255;42.3601;-71.0589
63.1.67.0;63.1.67.255;41.8781;-87.6298
63.1.68.0;63.1.72.255;42.3601;-71.0589
63.1.73.0;63.1.73.255;41.8536;-87.6183
63.1.74.0;63.1.74.255;42.6526;-73.7562
63.1.75.0;63.1.76.255;42.3601;-71.0589
63.1.77.0;63.1.77.255;42.6526;-73.7562
63.1.78.0;63.1.79.255;42.3601;-71.0589
63.1.80.0;63.1.80.255;41.8536;-87.6183
63.1.81.0;63.1.81.255;42.3601;-71.0589
63.1.82.0;63.1.82.255;40.7128;-74.006
63.1.83.0;63.1.84.255;42.6526;-73.7562
63.1.85.0;63.1.86.255;41.8536;-87.6183
63.1.87.0;63.1.87.255;42.6526;-73.7562
63.1.88.0;63.1.88.255;41.8536;-87.6183
63.1.89.0;63.1.89.255;42.6526;-73.7562
63.1.90.0;63.1.90.255;40.7128;-74.006
63.1.91.0;63.1.93.255;41.8536;-87.6183
63.1.94.0;63.1.94.255;42.6526;-73.7562
63.1.95.0;63.1.99.255;41.8536;-87.6183
63.1.100.0;63.1.101.255;42.3601;-71.0589
63.1.102.0;63.1.102.255;41.8536;-87.6183
63.1.103.0;63.1.104.255;42.3601;-71.0589
63.1.105.0;63.1.105.255;42.6526;-73.7562
63.1.106.0;63.1.107.255;42.3601;-71.0589
63.1.108.0;63.1.108.255;42.6526;-73.7562
63.1.109.0;63.1.110.255;42.3601;-71.0589
63.1.111.0;63.1.111.255;42.6526;-73.7562
63.1.112.0;63.1.112.255;41.8536;-87.6183
63.1.113.0;63.1.113.255;42.6526;-73.7562
63.1.114.0;63.1.114.255;39.0113;-77.4713
63.1.115.0;63.1.117.255;42.3601;-71.0589
63.1.118.0;63.1.118.255;41.8536;-87.6183
63.1.119.0;63.1.120.255;42.3601;-71.0589
63.1.121.0;63.1.121.255;41.8536;-87.6183
63.1.122.0;63.1.126.255;42.3601;-71.0589
63.1.127.0;63.1.127.255;41.8781;-87.6298
63.1.128.0;63.1.128.255;42.3601;-71.0589
63.1.129.0;63.1.129.255;42.6526;-73.7562
63.1.130.0;63.1.130.255;41.8781;-87.6298
63.1.131.0;63.1.131.255;41.8536;-87.6183
63.1.132.0;63.1.132.255;40.7128;-74.006
63.1.133.0;63.1.133.255;42.3601;-71.0589
63.1.134.0;63.1.134.255;42.6526;-73.7562
63.1.135.0;63.1.135.255;42.3601;-71.0589
63.1.136.0;63.1.136.255;41.8536;-87.6183
63.1.137.0;63.1.137.255;42.6526;-73.7562
63.1.138.0;63.1.138.255;41.8536;-87.6183
63.1.139.0;63.1.139.255;42.6526;-73.7562
63.1.140.0;63.1.142.255;41.8536;-87.6183
63.1.143.0;63.1.143.255;42.3601;-71.0589
63.1.144.0;63.1.144.255;41.8536;-87.6183
63.1.145.0;63.1.145.255;42.3601;-71.0589
63.1.146.0;63.1.146.255;39.0113;-77.4713
63.1.147.0;63.1.147.255;41.8536;-87.6183
63.1.148.0;63.1.148.255;40.7128;-74.006
63.1.149.0;63.1.149.255;41.8536;-87.6183
63.1.150.0;63.1.150.255;42.6526;-73.7562
63.1.151.0;63.1.151.255;41.8536;-87.6183
63.1.152.0;63.1.152.255;42.3601;-71.0589
63.1.153.0;63.1.153.255;41.8536;-87.6183
63.1.154.0;63.1.155.255;42.3601;-71.0589
63.1.156.0;63.1.156.255;42.6526;-73.7562
63.1.157.0;63.1.157.255;41.8536;-87.6183
63.1.158.0;63.1.158.255;41.8781;-87.6298
63.1.159.0;63.1.160.255;42.3601;-71.0589
63.1.161.0;63.1.161.255;40.7128;-74.006
63.1.162.0;63.1.162.255;42.3601;-71.0589
63.1.163.0;63.1.164.255;41.8536;-87.6183
63.1.165.0;63.1.165.255;42.3601;-71.0589
63.1.166.0;63.1.166.255;41.8781;-87.6298
63.1.167.0;63.1.167.255;41.8536;-87.6183
63.1.168.0;63.1.168.255;42.3601;-71.0589
63.1.169.0;63.1.169.255;41.8536;-87.6183
63.1.170.0;63.1.170.255;42.6526;-73.7562
63.1.171.0;63.1.172.255;42.3601;-71.0589
63.1.173.0;63.1.173.255;42.6526;-73.7562
63.1.174.0;63.1.175.255;41.8536;-87.6183
63.1.176.0;63.1.176.255;42.3601;-71.0589
63.1.177.0;63.1.177.255;42.6526;-73.7562
63.1.178.0;63.1.178.255;41.8536;-87.6183
63.1.179.0;63.1.179.255;41.8781;-87.6298
63.1.180.0;63.1.181.255;42.3601;-71.0589
63.1.182.0;63.1.182.255;41.8781;-87.6298
63.1.183.0;63.1.183.255;42.3601;-71.0589
63.1.184.0;63.1.184.255;41.8536;-87.6183
63.1.185.0;63.1.185.255;42.3601;-71.0589
63.1.186.0;63.1.186.255;42.6526;-73.7562
63.1.187.0;63.1.187.255;42.3601;-71.0589
63.1.188.0;63.1.189.255;41.8536;-87.6183
63.1.190.0;63.1.191.255;42.3601;-71.0589
63.1.192.0;63.1.192.255;41.8536;-87.6183
63.1.193.0;63.1.193.255;42.3601;-71.0589
63.1.194.0;63.1.194.255;41.8536;-87.6183
63.1.195.0;63.1.195.255;42.3601;-71.0589
63.1.196.0;63.1.196.255;41.8536;-87.6183
63.1.197.0;63.1.197.255;40.7128;-74.006
63.1.198.0;63.1.198.255;41.8536;-87.6183
63.1.199.0;63.1.199.255;42.3601;-71.0589
63.1.200.0;63.1.200.255;42.6526;-73.7562
63.1.201.0;63.1.201.255;41.8536;-87.6183
63.1.202.0;63.1.204.255;42.3601;-71.0589
63.1.205.0;63.1.206.255;41.8536;-87.6183
63.1.207.0;63.1.207.255;42.6526;-73.7562
63.1.208.0;63.1.209.255;42.3601;-71.0589
63.1.210.0;63.1.210.255;41.8536;-87.6183
63.1.211.0;63.1.211.255;40.7128;-74.006
63.1.212.0;63.1.212.255;42.6526;-73.7562
63.1.213.0;63.1.213.255;41.8536;-87.6183
63.1.214.0;63.1.215.255;42.3601;-71.0589
63.1.216.0;63.1.217.255;41.8536;-87.6183
63.1.218.0;63.1.218.255;41.8781;-87.6298
63.1.219.0;63.1.219.255;41.8536;-87.6183
63.1.220.0;63.1.220.255;39.0113;-77.4713
63.1.221.0;63.1.222.255;42.3601;-71.0589
63.1.223.0;63.1.224.255;41.8536;-87.6183
63.1.225.0;63.1.225.255;42.3601;-71.0589
63.1.226.0;63.1.226.255;41.8781;-87.6298
63.1.227.0;63.1.227.255;42.3601;-71.0589
63.1.228.0;63.1.228.255;42.6526;-73.7562
63.1.229.0;63.1.229.255;41.8536;-87.6183
63.1.230.0;63.1.230.255;42.6526;-73.7562
63.1.231.0;63.1.231.255;41.8781;-87.6298
63.1.232.0;63.1.232.255;42.3601;-71.0589
63.1.233.0;63.1.233.255;42.6526;-73.7562
63.1.234.0;63.1.234.255;42.3601;-71.0589
63.1.235.0;63.1.235.255;41.8781;-87.6298
63.1.236.0;63.1.236.255;41.8536;-87.6183
63.1.237.0;63.1.237.255;42.3601;-71.0589
63.1.238.0;63.1.238.255;41.8536;-87.6183
63.1.239.0;63.1.239.255;40.7128;-74.006
63.1.240.0;63.1.240.255;41.8536;-87.6183
63.1.241.0;63.1.242.255;42.3601;-71.0589
63.1.243.0;63.1.243.255;41.8781;-87.6298
63.1.244.0;63.1.244.255;42.3601;-71.0589
63.1.245.0;63.1.245.255;40.7128;-74.006
63.1.246.0;63.1.246.255;41.8536;-87.6183
63.1.247.0;63.1.249.255;42.3601;-71.0589
63.1.250.0;63.1.250.255;41.8536;-87.6183
63.1.251.0;63.1.251.255;42.3601;-71.0589
63.1.252.0;63.1.252.255;41.8536;-87.6183
63.1.253.0;63.1.253.255;42.3601;-71.0589
63.1.254.0;63.1.254.255;42.6526;-73.7562
63.1.255.0;63.1.255.255;41.8536;-87.6183
63.2.0.0;63.2.3.255;42.3601;-71.0589
63.2.4.0;63.2.4.255;41.8536;-87.6183
63.2.5.0;63.2.5.255;42.3601;-71.0589
63.2.6.0;63.2.6.255;42.6526;-73.7562
63.2.7.0;63.2.7.255;41.8536;-87.6183
63.2.8.0;63.2.9.255;42.3601;-71.0589
63.2.10.0;63.2.10.255;41.8536;-87.6183
63.2.11.0;63.2.11.255;42.6526;-73.7562
63.2.12.0;63.2.15.255;42.3601;-71.0589
63.2.16.0;63.2.16.255;41.8536;-87.6183
63.2.17.0;63.2.17.255;42.3601;-71.0589
63.2.18.0;63.2.18.255;41.8536;-87.6183
63.2.19.0;63.2.22.255;42.3601;-71.0589
63.2.23.0;63.2.23.255;41.8536;-87.6183
63.2.24.0;63.2.25.255;42.3601;-71.0589
63.2.26.0;63.2.28.255;41.8536;-87.6183
63.2.29.0;63.2.29.255;42.3601;-71.0589
63.2.30.0;63.2.30.255;42.6526;-73.7562
63.2.31.0;63.2.32.255;42.3601;-71.0589
63.2.33.0;63.2.33.255;40.7128;-74.006
63.2.34.0;63.2.34.255;41.8536;-87.6183
63.2.35.0;63.2.35.255;42.3601;-71.0589
63.2.36.0;63.2.36.255;41.8781;-87.6298
63.2.37.0;63.2.37.255;41.8536;-87.6183
63.2.38.0;63.2.38.255;42.3601;-71.0589
63.2.39.0;63.2.39.255;41.8536;-87.6183
63.2.40.0;63.2.40.255;42.3601;-71.0589
63.2.41.0;63.2.41.255;42.6526;-73.7562
63.2.42.0;63.2.42.255;42.3601;-71.0589
63.2.43.0;63.2.43.255;41.8781;-87.6298
63.2.44.0;63.2.45.255;42.3601;-71.0589
63.2.46.0;63.2.47.255;42.6526;-73.7562
63.2.48.0;63.2.48.255;42.3601;-71.0589
63.2.49.0;63.2.49.255;42.6526;-73.7562
63.2.50.0;63.2.50.255;41.8536;-87.6183
63.2.51.0;63.2.51.255;42.3601;-71.0589
63.2.52.0;63.2.52.255;42.6526;-73.7562
63.2.53.0;63.2.53.255;41.8536;-87.6183
63.2.54.0;63.2.55.255;42.3601;-71.0589
63.2.56.0;63.2.56.255;40.7128;-74.006
63.2.57.0;63.2.58.255;41.8536;-87.6183
63.2.59.0;63.2.60.255;42.3601;-71.0589
63.2.61.0;63.2.61.255;42.6526;-73.7562
63.2.62.0;63.2.62.255;42.3601;-71.0589
63.2.63.0;63.2.63.255;41.8536;-87.6183
63.2.64.0;63.2.65.255;42.6526;-73.7562
63.2.66.0;63.2.66.255;41.8536;-87.6183
63.2.67.0;63.2.67.255;41.8781;-87.6298
63.2.68.0;63.2.70.255;42.3601;-71.0589
63.2.71.0;63.2.71.255;42.6526;-73.7562
63.2.72.0;63.2.73.255;41.8536;-87.6183
63.2.74.0;63.2.74.255;42.3601;-71.0589
63.2.75.0;63.2.75.255;41.8536;-87.6183
63.2.76.0;63.2.78.255;42.3601;-71.0589
63.2.79.0;63.2.79.255;41.8536;-87.6183
63.2.80.0;63.2.80.255;42.3601;-71.0589
63.2.81.0;63.2.81.255;41.8781;-87.6298
63.2.82.0;63.2.82.255;41.8536;-87.6183
63.2.83.0;63.2.83.255;40.7128;-74.006
63.2.84.0;63.2.84.255;41.8536;-87.6183
63.2.85.0;63.2.85.255;42.3601;-71.0589
63.2.86.0;63.2.87.255;41.8536;-87.6183
63.2.88.0;63.2.88.255;42.6526;-73.7562
63.2.89.0;63.2.89.255;42.3601;-71.0589
63.2.90.0;63.2.90.255;41.8536;-87.6183
63.2.91.0;63.2.91.255;42.6526;-73.7562
63.2.92.0;63.2.92.255;42.3601;-71.0589
63.2.93.0;63.2.94.255;41.8536;-87.6183
63.2.95.0;63.2.95.255;42.3601;-71.0589
63.2.96.0;63.2.96.255;41.8536;-87.6183
63.2.97.0;63.2.97.255;41.8781;-87.6298
63.2.98.0;63.2.98.255;41.8536;-87.6183
63.2.99.0;63.2.99.255;42.3601;-71.0589
63.2.100.0;63.2.100.255;42.6526;-73.7562
63.2.101.0;63.2.101.255;42.3601;-71.0589
63.2.102.0;63.2.102.255;42.6526;-73.7562
63.2.103.0;63.2.103.255;40.7128;-74.006
63.2.104.0;63.2.104.255;42.6526;-73.7562
63.2.105.0;63.2.105.255;42.3601;-71.0589
63.2.106.0;63.2.106.255;41.8536;-87.6183
63.2.107.0;63.2.107.255;42.3601;-71.0589
63.2.108.0;63.2.108.255;41.8536;-87.6183
63.2.109.0;63.2.109.255;42.3601;-71.0589
63.2.110.0;63.2.110.255;41.8536;-87.6183
63.2.111.0;63.2.111.255;42.6526;-73.7562
63.2.112.0;63.2.112.255;42.3601;-71.0589
63.2.113.0;63.2.113.255;41.8781;-87.6298
63.2.114.0;63.2.114.255;42.3601;-71.0589
63.2.115.0;63.2.115.255;42.6526;-73.7562
63.2.116.0;63.2.116.255;41.8536;-87.6183
63.2.117.0;63.2.117.255;42.3601;-71.0589
63.2.118.0;63.2.118.255;41.8536;-87.6183
63.2.119.0;63.2.120.255;42.6526;-73.7562
63.2.121.0;63.2.121.255;42.3601;-71.0589
63.2.122.0;63.2.123.255;41.8781;-87.6298
63.2.124.0;63.2.124.255;42.6526;-73.7562
63.2.125.0;63.2.126.255;41.8536;-87.6183
63.2.127.0;63.2.128.255;42.3601;-71.0589
63.2.129.0;63.2.129.255;40.7128;-74.006
63.2.130.0;63.2.130.255;42.6526;-73.7562
63.2.131.0;63.2.131.255;41.8536;-87.6183
63.2.132.0;63.2.134.255;42.3601;-71.0589
63.2.135.0;63.2.135.255;41.8536;-87.6183
63.2.136.0;63.2.137.255;42.3601;-71.0589
63.2.138.0;63.2.138.255;41.8781;-87.6298
63.2.139.0;63.2.139.255;42.3601;-71.0589
63.2.140.0;63.2.140.255;42.6526;-73.7562
63.2.141.0;63.2.141.255;41.8536;-87.6183
63.2.142.0;63.2.142.255;42.3601;-71.0589
63.2.143.0;63.2.144.255;41.8781;-87.6298
63.2.145.0;63.2.145.255;41.8536;-87.6183
63.2.146.0;63.2.147.255;42.3601;-71.0589
63.2.148.0;63.2.148.255;41.8536;-87.6183
63.2.149.0;63.2.149.255;42.3601;-71.0589
63.2.150.0;63.2.150.255;41.8536;-87.6183
63.2.151.0;63.2.151.255;42.6526;-73.7562
63.2.152.0;63.2.153.255;42.3601;-71.0589
63.2.154.0;63.2.155.255;42.6526;-73.7562
63.2.156.0;63.2.156.255;41.8536;-87.6183
63.2.157.0;63.2.157.255;42.6526;-73.7562
63.2.158.0;63.2.158.255;42.3601;-71.0589
63.2.159.0;63.2.159.255;42.6526;-73.7562
63.2.160.0;63.2.160.255;41.8536;-87.6183
63.2.161.0;63.2.161.255;42.3601;-71.0589
63.2.162.0;63.2.162.255;41.8536;-87.6183
63.2.163.0;63.2.163.255;42.3601;-71.0589
63.2.164.0;63.2.164.255;41.8536;-87.6183
63.2.165.0;63.2.165.255;42.6526;-73.7562
63.2.166.0;63.2.166.255;41.8536;-87.6183
63.2.167.0;63.2.167.255;42.3601;-71.0589
63.2.168.0;63.2.168.255;40.7128;-74.006
63.2.169.0;63.2.169.255;42.6526;-73.7562
63.2.170.0;63.2.170.255;41.8536;-87.6183
63.2.171.0;63.2.172.255;42.3601;-71.0589
63.2.173.0;63.2.173.255;41.8536;-87.6183
63.2.174.0;63.2.174.255;42.3601;-71.0589
63.2.175.0;63.2.175.255;42.6526;-73.7562
63.2.176.0;63.2.176.255;42.3601;-71.0589
63.2.177.0;63.2.177.255;41.8781;-87.6298
63.2.178.0;63.2.178.255;42.6526;-73.7562
63.2.179.0;63.2.179.255;41.8781;-87.6298
63.2.180.0;63.2.180.255;42.6526;-73.7562
63.2.181.0;63.2.183.255;42.3601;-71.0589
63.2.184.0;63.2.184.255;41.8536;-87.6183
63.2.185.0;63.2.185.255;40.7128;-74.006
63.2.186.0;63.2.186.255;41.8536;-87.6183
63.2.187.0;63.2.188.255;42.3601;-71.0589
63.2.189.0;63.2.189.255;41.8536;-87.6183
63.2.190.0;63.2.191.255;42.3601;-71.0589
63.2.192.0;63.2.192.255;41.8536;-87.6183
63.2.193.0;63.2.194.255;42.3601;-71.0589
63.2.195.0;63.2.195.255;41.8536;-87.6183
63.2.196.0;63.2.196.255;42.3601;-71.0589
63.2.197.0;63.2.197.255;42.6526;-73.7562
63.2.198.0;63.2.198.255;41.8781;-87.6298
63.2.199.0;63.2.200.255;42.3601;-71.0589
63.2.201.0;63.2.201.255;41.8781;-87.6298
63.2.202.0;63.2.202.255;42.3601;-71.0589
63.2.203.0;63.2.204.255;41.8536;-87.6183
63.2.205.0;63.2.205.255;42.6526;-73.7562
63.2.206.0;63.2.206.255;41.8536;-87.6183
63.2.207.0;63.2.207.255;42.3601;-71.0589
63.2.208.0;63.2.209.255;41.8536;-87.6183
63.2.210.0;63.2.211.255;42.6526;-73.7562
63.2.212.0;63.2.213.255;42.3601;-71.0589
63.2.214.0;63.2.214.255;41.8781;-87.6298
63.2.215.0;63.2.215.255;42.3601;-71.0589
63.2.216.0;63.2.216.255;41.8536;-87.6183
63.2.217.0;63.2.217.255;42.3601;-71.0589
63.2.218.0;63.2.218.255;42.6526;-73.7562
63.2.219.0;63.2.220.255;42.3601;-71.0589
63.2.221.0;63.2.222.255;42.6526;-73.7562
63.2.223.0;63.2.223.255;42.3601;-71.0589
63.2.224.0;63.2.224.255;42.6526;-73.7562
63.2.225.0;63.2.226.255;42.3601;-71.0589
63.2.227.0;63.2.227.255;41.8781;-87.6298
63.2.228.0;63.2.228.255;42.3601;-71.0589
63.2.229.0;63.2.229.255;39.0113;-77.4713
63.2.230.0;63.2.230.255;42.3601;-71.0589
63.2.231.0;63.2.232.255;41.8536;-87.6183
63.2.233.0;63.2.235.255;42.6526;-73.7562
63.2.236.0;63.2.236.255;42.3601;-71.0589
63.2.237.0;63.2.237.255;41.8536;-87.6183
63.2.238.0;63.2.238.255;42.6526;-73.7562
63.2.239.0;63.2.240.255;42.3601;-71.0589
63.2.241.0;63.2.241.255;39.0113;-77.4713
63.2.242.0;63.2.242.255;42.6526;-73.7562
63.2.243.0;63.2.243.255;41.8536;-87.6183
63.2.244.0;63.2.244.255;42.3601;-71.0589
63.2.245.0;63.2.246.255;42.6526;-73.7562
63.2.247.0;63.2.249.255;42.3601;-71.0589
63.2.250.0;63.2.250.255;42.6526;-73.7562
63.2.251.0;63.2.251.255;42.3601;-71.0589
63.2.252.0;63.2.252.255;41.8536;-87.6183
63.2.253.0;63.2.253.255;42.6526;-73.7562
63.2.254.0;63.2.255.255;42.3601;-71.0589
63.3.0.0;63.3.1.255;41.8536;-87.6183
63.3.2.0;63.3.2.255;42.3601;-71.0589
63.3.3.0;63.3.3.255;41.8536;-87.6183
63.3.4.0;63.3.4.255;41.8781;-87.6298
63.3.5.0;63.3.5.255;41.8536;-87.6183
63.3.6.0;63.3.6.255;42.6526;-73.7562
63.3.7.0;63.3.7.255;41.8536;-87.6183
63.3.8.0;63.3.8.255;42.6526;-73.7562
63.3.9.0;63.3.9.255;41.8536;-87.6183
63.3.10.0;63.3.11.255;42.6526;-73.7562
63.3.12.0;63.3.13.255;41.8536;-87.6183
63.3.14.0;63.3.14.255;42.6526;-73.7562
63.3.15.0;63.3.15.255;40.7128;-74.006
63.3.16.0;63.3.16.255;41.8781;-87.6298
63.3.17.0;63.3.17.255;42.3601;-71.0589
63.3.18.0;63.3.18.255;41.8536;-87.6183
63.3.19.0;63.3.20.255;42.3601;-71.0589
63.3.21.0;63.3.22.255;41.8536;-87.6183
63.3.23.0;63.3.24.255;42.3601;-71.0589
63.3.25.0;63.3.25.255;42.6526;-73.7562
63.3.26.0;63.3.26.255;42.3601;-71.0589
63.3.27.0;63.3.27.255;42.6526;-73.7562
63.3.28.0;63.3.28.255;42.3601;-71.0589
63.3.29.0;63.3.29.255;41.8536;-87.6183
63.3.30.0;63.3.30.255;42.3601;-71.0589
63.3.31.0;63.3.31.255;41.8536;-87.6183
63.3.32.0;63.3.32.255;42.6526;-73.7562
63.3.33.0;63.3.34.255;42.3601;-71.0589
63.3.35.0;63.3.36.255;41.8536;-87.6183
63.3.37.0;63.3.37.255;42.3601;-71.0589
63.3.38.0;63.3.38.255;40.7128;-74.006
63.3.39.0;63.3.39.255;41.8536;-87.6183
63.3.40.0;63.3.40.255;42.3601;-71.0589
63.3.41.0;63.3.41.255;41.8781;-87.6298
63.3.42.0;63.3.42.255;42.3601;-71.0589
63.3.43.0;63.3.43.255;41.8536;-87.6183
63.3.44.0;63.3.45.255;42.3601;-71.0589
63.3.46.0;63.3.46.255;40.7128;-74.006
63.3.47.0;63.3.47.255;42.3601;-71.0589
63.3.48.0;63.3.48.255;41.8536;-87.6183
63.3.49.0;63.3.50.255;42.3601;-71.0589
63.3.51.0;63.3.51.255;42.6526;-73.7562
63.3.52.0;63.3.53.255;42.3601;-71.0589
63.3.54.0;63.3.54.255;41.8536;-87.6183
63.3.55.0;63.3.55.255;42.6526;-73.7562
63.3.56.0;63.3.56.255;42.3601;-71.0589
63.3.57.0;63.3.57.255;42.6526;-73.7562
63.3.58.0;63.3.58.255;41.8781;-87.6298
63.3.59.0;63.3.59.255;41.8536;-87.6183
63.3.60.0;63.3.60.255;42.3601;-71.0589
63.3.61.0;63.3.61.255;41.8781;-87.6298
63.3.62.0;63.3.62.255;42.6526;-73.7562
63.3.63.0;63.3.63.255;40.7128;-74.006
63.3.64.0;63.3.64.255;42.6526;-73.7562
63.3.65.0;63.3.65.255;41.8781;-87.6298
63.3.66.0;63.3.67.255;42.3601;-71.0589
63.3.68.0;63.3.68.255;42.6526;-73.7562
63.3.69.0;63.3.70.255;42.3601;-71.0589
63.3.71.0;63.3.71.255;41.8536;-87.6183
63.3.72.0;63.3.72.255;42.6526;-73.7562
63.3.73.0;63.3.73.255;42.3601;-71.0589
63.3.74.0;63.3.75.255;41.8536;-87.6183
63.3.76.0;63.3.77.255;42.3601;-71.0589
63.3.78.0;63.3.78.255;40.7128;-74.006
63.3.79.0;63.3.80.255;41.8536;-87.6183
63.3.81.0;63.3.81.255;42.3601;-71.0589
63.3.82.0;63.3.82.255;40.7128;-74.006
63.3.83.0;63.3.83.255;41.8536;-87.6183
63.3.84.0;63.3.84.255;42.3601;-71.0589
63.3.85.0;63.3.85.255;41.8781;-87.6298
63.3.86.0;63.3.86.255;42.3601;-71.0589
63.3.87.0;63.3.87.255;40.7128;-74.006
63.3.88.0;63.3.89.255;42.3601;-71.0589
63.3.90.0;63.3.90.255;42.6526;-73.7562
63.3.91.0;63.3.92.255;42.3601;-71.0589
63.3.93.0;63.3.93.255;41.8536;-87.6183
63.3.94.0;63.3.94.255;42.6526;-73.7562
63.3.95.0;63.3.95.255;40.7128;-74.006
63.3.96.0;63.3.97.255;42.3601;-71.0589
63.3.98.0;63.3.98.255;41.8536;-87.6183
63.3.99.0;63.3.100.255;42.6526;-73.7562
63.3.101.0;63.3.103.255;41.8536;-87.6183
63.3.104.0;63.3.104.255;42.6526;-73.7562
63.3.105.0;63.3.105.255;41.8536;-87.6183
63.3.106.0;63.3.106.255;42.3601;-71.0589
63.3.107.0;63.3.108.255;42.6526;-73.7562
63.3.109.0;63.3.109.255;42.3601;-71.0589
63.3.110.0;63.3.110.255;41.8536;-87.6183
63.3.111.0;63.3.113.255;42.3601;-71.0589
63.3.114.0;63.3.114.255;41.8536;-87.6183
63.3.115.0;63.3.115.255;42.3601;-71.0589
63.3.116.0;63.3.116.255;41.8536;-87.6183
63.3.117.0;63.3.117.255;42.3601;-71.0589
63.3.118.0;63.3.118.255;41.8536;-87.6183
63.3.119.0;63.3.119.255;42.3601;-71.0589
63.3.120.0;63.3.120.255;42.6526;-73.7562
63.3.121.0;63.3.121.255;42.3601;-71.0589
63.3.122.0;63.3.122.255;41.8536;-87.6183
63.3.123.0;63.3.123.255;42.3601;-71.0589
63.3.124.0;63.3.124.255;41.8536;-87.6183
63.3.125.0;63.3.125.255;42.6526;-73.7562
63.3.126.0;63.3.126.255;40.7128;-74.006
63.3.127.0;63.3.127.255;42.6526;-73.7562
63.3.128.0;63.3.128.255;42.3601;-71.0589
63.3.129.0;63.3.130.255;41.8536;-87.6183
63.3.131.0;63.3.131.255;40.7128;-74.006
63.3.132.0;63.3.133.255;42.3601;-71.0589
63.3.134.0;63.3.134.255;42.6526;-73.7562
63.3.135.0;63.3.135.255;42.3601;-71.0589
63.3.136.0;63.3.136.255;41.8536;-87.6183
63.3.137.0;63.3.137.255;41.8781;-87.6298
63.3.138.0;63.3.138.255;41.8536;-87.6183
63.3.139.0;63.3.139.255;42.6526;-73.7562
63.3.140.0;63.3.141.255;42.3601;-71.0589
63.3.142.0;63.3.142.255;41.8536;-87.6183
63.3.143.0;63.3.143.255;42.3601;-71.0589
63.3.144.0;63.3.145.255;41.8536;-87.6183
63.3.146.0;63.3.146.255;42.3601;-71.0589
63.3.147.0;63.3.147.255;41.8536;-87.6183
63.3.148.0;63.3.148.255;42.3601;-71.0589
63.3.149.0;63.3.150.255;41.8536;-87.6183
63.3.151.0;63.3.154.255;42.3601;-71.0589
63.3.155.0;63.3.155.255;42.6526;-73.7562
63.3.156.0;63.3.156.255;40.7128;-74.006
63.3.157.0;63.3.158.255;42.3601;-71.0589
63.3.159.0;63.3.159.255;41.8536;-87.6183
63.3.160.0;63.3.160.255;42.3601;-71.0589
63.3.161.0;63.3.161.255;42.6526;-73.7562
63.3.162.0;63.3.163.255;42.3601;-71.0589
63.3.164.0;63.3.164.255;41.8536;-87.6183
63.3.165.0;63.3.165.255;42.6526;-73.7562
63.3.166.0;63.3.166.255;41.8536;-87.6183
63.3.167.0;63.3.168.255;42.3601;-71.0589
63.3.169.0;63.3.172.255;41.8536;-87.6183
63.3.173.0;63.3.173.255;42.6526;-73.7562
63.3.174.0;63.3.174.255;41.8536;-87.6183
63.3.175.0;63.3.175.255;42.3601;-71.0589
63.3.176.0;63.3.176.255;41.8536;-87.6183
63.3.177.0;63.3.177.255;42.6526;-73.7562
63.3.178.0;63.3.178.255;42.3601;-71.0589
63.3.179.0;63.3.179.255;41.8536;-87.6183
63.3.180.0;63.3.180.255;42.3601;-71.0589
63.3.181.0;63.3.181.255;40.7128;-74.006
63.3.182.0;63.3.182.255;42.3601;-71.0589
63.3.183.0;63.3.184.255;41.8536;-87.6183
63.3.185.0;63.3.185.255;42.3601;-71.0589
63.3.186.0;63.3.186.255;41.8536;-87.6183
63.3.187.0;63.3.187.255;42.6526;-73.7562
63.3.188.0;63.3.188.255;41.8536;-87.6183
63.3.189.0;63.3.189.255;42.3601;-71.0589
63.3.190.0;63.3.190.255;41.8536;-87.6183
63.3.191.0;63.3.192.255;42.6526;-73.7562
63.3.193.0;63.3.193.255;42.3601;-71.0589
63.3.194.0;63.3.194.255;40.7128;-74.006
63.3.195.0;63.3.195.255;42.3601;-71.0589
63.3.196.0;63.3.196.255;40.7128;-74.006
63.3.197.0;63.3.197.255;41.8536;-87.6183
63.3.198.0;63.3.198.255;41.8781;-87.6298
63.3.199.0;63.3.200.255;40.7128;-74.006
63.3.201.0;63.3.201.255;42.6526;-73.7562
63.3.202.0;63.3.202.255;41.8536;-87.6183
63.3.203.0;63.3.203.255;42.3601;-71.0589
63.3.204.0;63.3.204.255;41.8781;-87.6298
63.3.205.0;63.3.205.255;42.3601;-71.0589
63.3.206.0;63.3.206.255;41.8536;-87.6183
63.3.207.0;63.3.208.255;42.3601;-71.0589
63.3.209.0;63.3.209.255;41.8536;-87.6183
63.3.210.0;63.3.210.255;42.6526;-73.7562
63.3.211.0;63.3.211.255;41.8536;-87.6183
63.3.212.0;63.3.212.255;42.6526;-73.7562
63.3.213.0;63.3.213.255;42.3601;-71.0589
63.3.214.0;63.3.214.255;42.6526;-73.7562
63.3.215.0;63.3.215.255;42.3601;-71.0589
63.3.216.0;63.3.216.255;41.8536;-87.6183
63.3.217.0;63.3.217.255;42.3601;-71.0589
63.3.218.0;63.3.218.255;42.6526;-73.7562
63.3.219.0;63.3.219.255;42.3601;-71.0589
63.3.220.0;63.3.220.255;40.7128;-74.006
63.3.221.0;63.3.221.255;41.8536;-87.6183
63.3.222.0;63.3.222.255;42.6526;-73.7562
63.3.223.0;63.3.223.255;42.3601;-71.0589
63.3.224.0;63.3.224.255;41.8536;-87.6183
63.3.225.0;63.3.225.255;42.3601;-71.0589
63.3.226.0;63.3.226.255;42.6526;-73.7562
63.3.227.0;63.3.228.255;42.3601;-71.0589
63.3.229.0;63.3.231.255;41.8536;-87.6183
63.3.232.0;63.3.232.255;40.7128;-74.006
63.3.233.0;63.3.233.255;42.6526;-73.7562
63.3.234.0;63.3.234.255;41.8536;-87.6183
63.3.235.0;63.3.236.255;42.3601;-71.0589
63.3.237.0;63.3.237.255;40.7128;-74.006
63.3.238.0;63.3.240.255;41.8536;-87.6183
63.3.241.0;63.3.241.255;42.6526;-73.7562
63.3.242.0;63.3.242.255;42.3601;-71.0589
63.3.243.0;63.3.243.255;42.6526;-73.7562
63.3.244.0;63.3.244.255;42.3601;-71.0589
63.3.245.0;63.3.245.255;41.8536;-87.6183
63.3.246.0;63.3.246.255;42.6526;-73.7562
63.3.247.0;63.3.247.255;41.8536;-87.6183
63.3.248.0;63.3.248.255;42.6526;-73.7562
63.3.249.0;63.3.249.255;41.8536;-87.6183
63.3.250.0;63.3.250.255;42.3601;-71.0589
63.3.251.0;63.3.251.255;40.7128;-74.006
63.3.252.0;63.3.252.255;41.8536;-87.6183
63.3.253.0;63.3.253.255;42.3601;-71.0589
63.3.254.0;63.3.254.255;41.8536;-87.6183
63.3.255.0;63.3.255.255;41.8781;-87.6298
63.4.0.0;63.4.5.255;42.3601;-71.0589
63.4.6.0;63.4.6.255;42.6526;-73.7562
63.4.7.0;63.4.7.255;41.8536;-87.6183
63.4.8.0;63.4.8.255;42.6526;-73.7562
63.4.9.0;63.4.9.255;41.8536;-87.6183
63.4.10.0;63.4.10.255;40.7128;-74.006
63.4.11.0;63.4.11.255;41.8536;-87.6183
63.4.12.0;63.4.12.255;42.6526;-73.7562
63.4.13.0;63.4.14.255;42.3601;-71.0589
63.4.15.0;63.4.16.255;41.8536;-87.6183
63.4.17.0;63.4.17.255;42.6526;-73.7562
63.4.18.0;63.4.18.255;42.3601;-71.0589
63.4.19.0;63.4.19.255;41.8536;-87.6183
63.4.20.0;63.4.21.255;42.3601;-71.0589
63.4.22.0;63.4.22.255;41.8536;-87.6183
63.4.23.0;63.4.23.255;42.6526;-73.7562
63.4.24.0;63.4.24.255;42.3601;-71.0589
63.4.25.0;63.4.25.255;41.8781;-87.6298
63.4.26.0;63.4.26.255;42.6526;-73.7562
63.4.27.0;63.4.28.255;41.8536;-87.6183
63.4.29.0;63.4.30.255;42.6526;-73.7562
63.4.31.0;63.4.31.255;42.3601;-71.0589
63.4.32.0;63.4.33.255;42.6526;-73.7562
63.4.34.0;63.4.34.255;42.3601;-71.0589
63.4.35.0;63.4.36.255;42.6526;-73.7562
63.4.37.0;63.4.38.255;42.3601;-71.0589
63.4.39.0;63.4.39.255;41.8536;-87.6183
63.4.40.0;63.4.40.255;42.3601;-71.0589
63.4.41.0;63.4.41.255;41.8536;-87.6183
63.4.42.0;63.4.42.255;42.3601;-71.0589
63.4.43.0;63.4.43.255;42.6526;-73.7562
63.4.44.0;63.4.44.255;42.3601;-71.0589
63.4.45.0;63.4.45.255;41.8781;-87.6298
63.4.46.0;63.4.48.255;42.3601;-71.0589
63.4.49.0;63.4.49.255;42.6526;-73.7562
63.4.50.0;63.4.50.255;42.3601;-71.0589
63.4.51.0;63.4.52.255;41.8536;-87.6183
63.4.53.0;63.4.53.255;40.7128;-74.006
63.4.54.0;63.4.54.255;41.8536;-87.6183
63.4.55.0;63.4.56.255;42.3601;-71.0589
63.4.57.0;63.4.58.255;41.8536;-87.6183
63.4.59.0;63.4.59.255;42.6526;-73.7562
63.4.60.0;63.4.60.255;42.3601;-71.0589
63.4.61.0;63.4.61.255;41.8536;-87.6183
63.4.62.0;63.4.63.255;42.3601;-71.0589
63.4.64.0;63.4.64.255;42.6526;-73.7562
63.4.65.0;63.4.66.255;42.3601;-71.0589
63.4.67.0;63.4.67.255;42.6526;-73.7562
63.4.68.0;63.4.69.255;41.8536;-87.6183
63.4.70.0;63.4.70.255;42.6526;-73.7562
63.4.71.0;63.4.75.255;41.8536;-87.6183
63.4.76.0;63.4.76.255;40.7128;-74.006
63.4.77.0;63.4.79.255;42.3601;-71.0589
63.4.80.0;63.4.81.255;41.8536;-87.6183
63.4.82.0;63.4.82.255;42.6526;-73.7562
63.4.83.0;63.4.85.255;42.3601;-71.0589
63.4.86.0;63.4.86.255;40.7128;-74.006
63.4.87.0;63.4.87.255;41.8781;-87.6298
63.4.88.0;63.4.89.255;42.3601;-71.0589
63.4.90.0;63.4.90.255;41.8536;-87.6183
63.4.91.0;63.4.91.255;41.8781;-87.6298
63.4.92.0;63.4.92.255;42.3601;-71.0589
63.4.93.0;63.4.93.255;40.7128;-74.006
63.4.94.0;63.4.94.255;42.3601;-71.0589
63.4.95.0;63.4.95.255;40.7128;-74.006
63.4.96.0;63.4.97.255;42.3601;-71.0589
63.4.98.0;63.4.100.255;41.8536;-87.6183
63.4.101.0;63.4.101.255;42.3601;-71.0589
63.4.102.0;63.4.102.255;41.8536;-87.6183
63.4.103.0;63.4.103.255;42.6526;-73.7562
63.4.104.0;63.4.104.255;42.3601;-71.0589
63.4.105.0;63.4.105.255;41.8536;-87.6183
63.4.106.0;63.4.106.255;42.3601;-71.0589
63.4.107.0;63.4.107.255;42.6526;-73.7562
63.4.108.0;63.4.108.255;41.8536;-87.6183
63.4.109.0;63.4.110.255;42.3601;-71.0589
63.4.111.0;63.4.111.255;41.8536;-87.6183
63.4.112.0;63.4.112.255;42.3601;-71.0589
63.4.113.0;63.4.113.255;41.8536;-87.6183
63.4.114.0;63.4.114.255;42.3601;-71.0589
63.4.115.0;63.4.115.255;41.8536;-87.6183
63.4.116.0;63.4.116.255;40.7128;-74.006
63.4.117.0;63.4.117.255;42.3601;-71.0589
63.4.118.0;63.4.118.255;40.7128;-74.006
63.4.119.0;63.4.119.255;41.8781;-87.6298
63.4.120.0;63.4.121.255;42.3601;-71.0589
63.4.122.0;63.4.122.255;41.8536;-87.6183
63.4.123.0;63.4.123.255;42.6526;-73.7562
63.4.124.0;63.4.124.255;42.3601;-71.0589
63.4.125.0;63.4.125.255;41.8536;-87.6183
63.4.126.0;63.4.126.255;42.3601;-71.0589
63.4.127.0;63.4.127.255;40.7128;-74.006
63.4.128.0;63.4.128.255;42.3601;-71.0589
63.4.129.0;63.4.132.255;41.8536;-87.6183
63.4.133.0;63.4.133.255;42.3601;-71.0589
63.4.134.0;63.4.134.255;40.7128;-74.006
63.4.135.0;63.4.136.255;41.8536;-87.6183
63.4.137.0;63.4.137.255;42.6526;-73.7562
63.4.138.0;63.4.138.255;41.8536;-87.6183
63.4.139.0;63.4.139.255;42.6526;-73.7562
63.4.140.0;63.4.140.255;41.8536;-87.6183
63.4.141.0;63.4.141.255;40.7128;-74.006
63.4.142.0;63.4.142.255;42.6526;-73.7562
63.4.143.0;63.4.143.255;42.3601;-71.0589
63.4.144.0;63.4.144.255;42.6526;-73.7562
63.4.145.0;63.4.147.255;42.3601;-71.0589
63.4.148.0;63.4.148.255;41.8536;-87.6183
63.4.149.0;63.4.151.255;42.3601;-71.0589
63.4.152.0;63.4.152.255;41.8536;-87.6183
63.4.153.0;63.4.155.255;42.3601;-71.0589
63.4.156.0;63.4.158.255;41.8536;-87.6183
63.4.159.0;63.4.159.255;40.7128;-74.006
63.4.160.0;63.4.160.255;41.8536;-87.6183
63.4.161.0;63.4.167.255;42.3601;-71.0589
63.4.168.0;63.4.168.255;41.8536;-87.6183
63.4.169.0;63.4.169.255;41.8781;-87.6298
63.4.170.0;63.4.170.255;42.3601;-71.0589
63.4.171.0;63.4.171.255;42.6526;-73.7562
63.4.172.0;63.4.172.255;41.8536;-87.6183
63.4.173.0;63.4.185.255;42.3601;-71.0589
63.4.186.0;63.4.186.255;41.8781;-87.6298
63.4.187.0;63.4.187.255;41.8536;-87.6183
63.4.188.0;63.4.190.255;42.3601;-71.0589
63.4.191.0;63.4.192.255;40.7128;-74.006
63.4.193.0;63.4.194.255;41.8536;-87.6183
63.4.195.0;63.4.195.255;42.6526;-73.7562
63.4.196.0;63.4.196.255;41.8781;-87.6298
63.4.197.0;63.4.197.255;41.8536;-87.6183
63.4.198.0;63.4.198.255;42.3601;-71.0589
63.4.199.0;63.4.200.255;41.8536;-87.6183
63.4.201.0;63.4.202.255;42.3601;-71.0589
63.4.203.0;63.4.203.255;41.8781;-87.6298
63.4.204.0;63.4.204.255;42.3601;-71.0589
63.4.205.0;63.4.206.255;42.6526;-73.7562
63.4.207.0;63.4.207.255;42.3601;-71.0589
63.4.208.0;63.4.208.255;42.6526;-73.7562
63.4.209.0;63.4.209.255;42.3601;-71.0589
63.4.210.0;63.4.210.255;41.8536;-87.6183
63.4.211.0;63.4.212.255;42.3601;-71.0589
63.4.213.0;63.4.213.255;41.8536;-87.6183
63.4.214.0;63.4.215.255;42.3601;-71.0589
63.4.216.0;63.4.217.255;42.6526;-73.7562
63.4.218.0;63.4.218.255;41.8781;-87.6298
63.4.219.0;63.4.219.255;42.3601;-71.0589
63.4.220.0;63.4.220.255;41.8536;-87.6183
63.4.221.0;63.4.221.255;42.3601;-71.0589
63.4.222.0;63.4.222.255;41.8536;-87.6183
63.4.223.0;63.4.224.255;42.3601;-71.0589
63.4.225.0;63.4.227.255;42.6526;-73.7562
63.4.228.0;63.4.228.255;41.8781;-87.6298
63.4.229.0;63.4.229.255;42.3601;-71.0589
63.4.230.0;63.4.230.255;41.8536;-87.6183
63.4.231.0;63.4.231.255;42.6526;-73.7562
63.4.232.0;63.4.232.255;42.3601;-71.0589
63.4.233.0;63.4.233.255;41.8536;-87.6183
63.4.234.0;63.4.234.255;42.3601;-71.0589
63.4.235.0;63.4.235.255;41.8536;-87.6183
63.4.236.0;63.4.237.255;42.6526;-73.7562
63.4.238.0;63.4.238.255;42.3601;-71.0589
63.4.239.0;63.4.239.255;41.8536;-87.6183
63.4.240.0;63.4.240.255;42.3601;-71.0589
63.4.241.0;63.4.241.255;41.8536;-87.6183
63.4.242.0;63.4.244.255;42.3601;-71.0589
63.4.245.0;63.4.248.255;41.8536;-87.6183
63.4.249.0;63.4.249.255;41.8781;-87.6298
63.4.250.0;63.4.250.255;42.3601;-71.0589
63.4.251.0;63.4.251.255;41.8781;-87.6298
63.4.252.0;63.4.252.255;39.0113;-77.4713
63.4.253.0;63.4.253.255;41.8536;-87.6183
63.4.254.0;63.4.254.255;41.8781;-87.6298
63.4.255.0;63.4.255.255;40.7128;-74.006
63.5.0.0;63.5.2.255;42.3601;-71.0589
63.5.3.0;63.5.3.255;42.6526;-73.7562
63.5.4.0;63.5.4.255;41.8536;-87.6183
63.5.5.0;63.5.5.255;41.8781;-87.6298
63.5.6.0;63.5.6.255;40.7128;-74.006
63.5.7.0;63.5.7.255;41.8536;-87.6183
63.5.8.0;63.5.8.255;42.6526;-73.7562
63.5.9.0;63.5.9.255;42.3601;-71.0589
63.5.10.0;63.5.10.255;40.7128;-74.006
63.5.11.0;63.5.12.255;42.3601;-71.0589
63.5.13.0;63.5.14.255;42.6526;-73.7562
63.5.15.0;63.5.15.255;40.7128;-74.006
63.5.16.0;63.5.19.255;42.3601;-71.0589
63.5.20.0;63.5.20.255;41.8536;-87.6183
63.5.21.0;63.5.21.255;40.7128;-74.006
63.5.22.0;63.5.23.255;42.3601;-71.0589
63.5.24.0;63.5.24.255;41.8536;-87.6183
63.5.25.0;63.5.25.255;42.3601;-71.0589
63.5.26.0;63.5.26.255;41.8536;-87.6183
63.5.27.0;63.5.27.255;42.6526;-73.7562
63.5.28.0;63.5.28.255;42.3601;-71.0589
63.5.29.0;63.5.29.255;41.8536;-87.6183
63.5.30.0;63.5.31.255;41.8781;-87.6298
63.5.32.0;63.5.32.255;41.8536;-87.6183
63.5.33.0;63.5.34.255;42.3601;-71.0589
63.5.35.0;63.5.35.255;41.8536;-87.6183
63.5.36.0;63.5.38.255;42.3601;-71.0589
63.5.39.0;63.5.39.255;42.6526;-73.7562
63.5.40.0;63.5.40.255;41.8781;-87.6298
63.5.41.0;63.5.41.255;41.8536;-87.6183
63.5.42.0;63.5.44.255;42.3601;-71.0589
63.5.45.0;63.5.45.255;42.6526;-73.7562
63.5.46.0;63.5.46.255;41.8536;-87.6183
63.5.47.0;63.5.47.255;42.3601;-71.0589
63.5.48.0;63.5.48.255;42.6526;-73.7562
63.5.49.0;63.5.51.255;42.3601;-71.0589
63.5.52.0;63.5.52.255;42.6526;-73.7562
63.5.53.0;63.5.53.255;42.3601;-71.0589
63.5.54.0;63.5.54.255;41.8536;-87.6183
63.5.55.0;63.5.55.255;42.6526;-73.7562
63.5.56.0;63.5.59.255;42.3601;-71.0589
63.5.60.0;63.5.60.255;41.8536;-87.6183
63.5.61.0;63.5.61.255;42.3601;-71.0589
63.5.62.0;63.5.62.255;41.8536;-87.6183
63.5.63.0;63.5.63.255;42.3601;-71.0589
63.5.64.0;63.5.64.255;41.8536;-87.6183
63.5.65.0;63.5.66.255;42.6526;-73.7562
63.5.67.0;63.5.67.255;42.3601;-71.0589
63.5.68.0;63.5.68.255;41.8781;-87.6298
63.5.69.0;63.5.69.255;42.3601;-71.0589
63.5.70.0;63.5.70.255;42.6526;-73.7562
63.5.71.0;63.5.71.255;41.8781;-87.6298
63.5.72.0;63.5.72.255;42.6526;-73.7562
63.5.73.0;63.5.74.255;42.3601;-71.0589
63.5.75.0;63.5.75.255;41.8536;-87.6183
63.5.76.0;63.5.76.255;42.3601;-71.0589
63.5.77.0;63.5.78.255;41.8536;-87.6183
63.5.79.0;63.5.79.255;42.3601;-71.0589
63.5.80.0;63.5.81.255;41.8536;-87.6183
63.5.82.0;63.5.82.255;42.3601;-71.0589
63.5.83.0;63.5.83.255;42.6526;-73.7562
63.5.84.0;63.5.84.255;42.3601;-71.0589
63.5.85.0;63.5.85.255;41.8536;-87.6183
63.5.86.0;63.5.86.255;41.8781;-87.6298
63.5.87.0;63.5.87.255;42.6526;-73.7562
63.5.88.0;63.5.88.255;42.3601;-71.0589
63.5.89.0;63.5.89.255;42.6526;-73.7562
63.5.90.0;63.5.90.255;40.7128;-74.006
63.5.91.0;63.5.91.255;42.3601;-71.0589
63.5.92.0;63.5.92.255;42.6526;-73.7562
63.5.93.0;63.5.93.255;42.3601;-71.0589
63.5.94.0;63.5.96.255;41.8536;-87.6183
63.5.97.0;63.5.98.255;42.3601;-71.0589
63.5.99.0;63.5.99.255;42.6526;-73.7562
63.5.100.0;63.5.101.255;42.3601;-71.0589
63.5.102.0;63.5.102.255;39.0113;-77.4713
63.5.103.0;63.5.103.255;41.8536;-87.6183
63.5.104.0;63.5.106.255;42.3601;-71.0589
63.5.107.0;63.5.107.255;41.8536;-87.6183
63.5.108.0;63.5.108.255;42.6526;-73.7562
63.5.109.0;63.5.109.255;41.8536;-87.6183
63.5.110.0;63.5.110.255;42.3601;-71.0589
63.5.111.0;63.5.111.255;42.6526;-73.7562
63.5.112.0;63.5.113.255;41.8536;-87.6183
63.5.114.0;63.5.114.255;41.8781;-87.6298
63.5.115.0;63.5.116.255;41.8536;-87.6183
63.5.117.0;63.5.118.255;42.3601;-71.0589
63.5.119.0;63.5.119.255;41.8781;-87.6298
63.5.120.0;63.5.124.255;42.3601;-71.0589
63.5.125.0;63.5.125.255;41.8536;-87.6183
63.5.126.0;63.5.126.255;42.3601;-71.0589
63.5.127.0;63.5.128.255;41.8536;-87.6183
63.5.129.0;63.5.129.255;42.6526;-73.7562
63.5.130.0;63.5.131.255;42.3601;-71.0589
63.5.132.0;63.5.132.255;42.6526;-73.7562
63.5.133.0;63.5.133.255;40.7128;-74.006
63.5.134.0;63.5.134.255;42.3601;-71.0589
63.5.135.0;63.5.135.255;42.6526;-73.7562
63.5.136.0;63.5.136.255;41.8536;-87.6183
63.5.137.0;63.5.137.255;42.6526;-73.7562
63.5.138.0;63.5.138.255;40.7128;-74.006
63.5.139.0;63.5.139.255;42.3601;-71.0589
63.5.140.0;63.5.140.255;41.8536;-87.6183
63.5.141.0;63.5.141.255;42.6526;-73.7562
63.5.142.0;63.5.142.255;40.7128;-74.006
63.5.143.0;63.5.143.255;42.6526;-73.7562
63.5.144.0;63.5.144.255;42.3601;-71.0589
63.5.145.0;63.5.145.255;41.8536;-87.6183
63.5.146.0;63.5.146.255;42.3601;-71.0589
63.5.147.0;63.5.147.255;42.6526;-73.7562
63.5.148.0;63.5.149.255;40.7128;-74.006
63.5.150.0;63.5.150.255;42.3601;-71.0589
63.5.151.0;63.5.151.255;41.8536;-87.6183
63.5.152.0;63.5.152.255;42.6526;-73.7562
63.5.153.0;63.5.153.255;41.8536;-87.6183
63.5.154.0;63.5.154.255;40.7128;-74.006
63.5.155.0;63.5.155.255;41.8536;-87.6183
63.5.156.0;63.5.156.255;42.3601;-71.0589
63.5.157.0;63.5.158.255;41.8536;-87.6183
63.5.159.0;63.5.161.255;42.6526;-73.7562
63.5.162.0;63.5.162.255;42.3601;-71.0589
63.5.163.0;63.5.163.255;41.8536;-87.6183
63.5.164.0;63.5.164.255;42.3601;-71.0589
63.5.165.0;63.5.165.255;41.8536;-87.6183
63.5.166.0;63.5.166.255;42.3601;-71.0589
63.5.167.0;63.5.168.255;41.8536;-87.6183
63.5.169.0;63.5.169.255;42.6526;-73.7562
63.5.170.0;63.5.171.255;42.3601;-71.0589
63.5.172.0;63.5.172.255;42.6526;-73.7562
63.5.173.0;63.5.173.255;41.8536;-87.6183
63.5.174.0;63.5.174.255;40.7128;-74.006
63.5.175.0;63.5.175.255;41.8536;-87.6183
63.5.176.0;63.5.176.255;42.3601;-71.0589
63.5.177.0;63.5.177.255;40.7128;-74.006
63.5.178.0;63.5.178.255;41.8536;-87.6183
63.5.179.0;63.5.179.255;42.3601;-71.0589
63.5.180.0;63.5.180.255;42.6526;-73.7562
63.5.181.0;63.5.181.255;41.8536;-87.6183
63.5.182.0;63.5.182.255;42.3601;-71.0589
63.5.183.0;63.5.183.255;41.8536;-87.6183
63.5.184.0;63.5.185.255;42.3601;-71.0589
63.5.186.0;63.5.186.255;39.0113;-77.4713
63.5.187.0;63.5.187.255;42.3601;-71.0589
63.5.188.0;63.5.188.255;42.6526;-73.7562
63.5.189.0;63.5.189.255;41.8536;-87.6183
63.5.190.0;63.5.190.255;40.7128;-74.006
63.5.191.0;63.5.191.255;42.6526;-73.7562
63.5.192.0;63.5.192.255;41.8536;-87.6183
63.5.193.0;63.5.194.255;40.7128;-74.006
63.5.195.0;63.5.195.255;42.6526;-73.7562
63.5.196.0;63.5.196.255;41.8781;-87.6298
63.5.197.0;63.5.197.255;42.6526;-73.7562
63.5.198.0;63.5.198.255;40.7128;-74.006
63.5.199.0;63.5.199.255;42.3601;-71.0589
63.5.200.0;63.5.201.255;41.8536;-87.6183
63.5.202.0;63.5.202.255;42.3601;-71.0589
63.5.203.0;63.5.203.255;41.8536;-87.6183
63.5.204.0;63.5.204.255;42.6526;-73.7562
63.5.205.0;63.5.211.255;41.8536;-87.6183
63.5.212.0;63.5.212.255;42.3601;-71.0589
63.5.213.0;63.5.213.255;40.7128;-74.006
63.5.214.0;63.5.214.255;42.6526;-73.7562
63.5.215.0;63.5.215.255;41.8536;-87.6183
63.5.216.0;63.5.216.255;41.8781;-87.6298
63.5.217.0;63.5.217.255;42.3601;-71.0589
63.5.218.0;63.5.219.255;41.8536;-87.6183
63.5.220.0;63.5.220.255;41.8781;-87.6298
63.5.221.0;63.5.221.255;42.3601;-71.0589
63.5.222.0;63.5.222.255;41.8536;-87.6183
63.5.223.0;63.5.223.255;42.3601;-71.0589
63.5.224.0;63.5.224.255;41.8781;-87.6298
63.5.225.0;63.5.226.255;42.6526;-73.7562
63.5.227.0;63.5.227.255;42.3601;-71.0589
63.5.228.0;63.5.228.255;42.6526;-73.7562
63.5.229.0;63.5.236.255;42.3601;-71.0589
63.5.237.0;63.5.237.255;41.8536;-87.6183
63.5.238.0;63.5.238.255;42.6526;-73.7562
63.5.239.0;63.5.239.255;42.3601;-71.0589
63.5.240.0;63.5.241.255;42.6526;-73.7562
63.5.242.0;63.5.243.255;41.8536;-87.6183
63.5.244.0;63.5.244.255;42.6526;-73.7562
63.5.245.0;63.5.245.255;41.8536;-87.6183
63.5.246.0;63.5.248.255;42.3601;-71.0589
63.5.249.0;63.5.252.255;41.8536;-87.6183
63.5.253.0;63.5.253.255;42.3601;-71.0589
63.5.254.0;63.5.255.255;41.8536;-87.6183
63.6.0.0;63.6.0.255;41.8781;-87.6298
63.6.1.0;63.6.1.255;40.7128;-74.006
63.6.2.0;63.6.2.255;42.3601;-71.0589
63.6.3.0;63.6.3.255;42.6526;-73.7562
63.6.4.0;63.6.5.255;42.3601;-71.0589
63.6.6.0;63.6.6.255;41.8536;-87.6183
63.6.7.0;63.6.7.255;42.6526;-73.7562
63.6.8.0;63.6.8.255;41.8536;-87.6183
63.6.9.0;63.6.9.255;41.8781;-87.6298
63.6.10.0;63.6.10.255;42.6526;-73.7562
63.6.11.0;63.6.12.255;41.8536;-87.6183
63.6.13.0;63.6.13.255;40.7128;-74.006
63.6.14.0;63.6.14.255;42.3601;-71.0589
63.6.15.0;63.6.18.255;41.8536;-87.6183
63.6.19.0;63.6.19.255;42.3601;-71.0589
63.6.20.0;63.6.20.255;41.8536;-87.6183
63.6.21.0;63.6.22.255;42.6526;-73.7562
63.6.23.0;63.6.23.255;41.8781;-87.6298
63.6.24.0;63.6.26.255;41.8536;-87.6183
63.6.27.0;63.6.28.255;42.3601;-71.0589
63.6.29.0;63.6.29.255;42.6526;-73.7562
63.6.30.0;63.6.36.255;42.3601;-71.0589
63.6.37.0;63.6.37.255;41.8536;-87.6183
63.6.38.0;63.6.38.255;42.3601;-71.0589
63.6.39.0;63.6.39.255;41.8536;-87.6183
63.6.40.0;63.6.42.255;40.7128;-74.006
63.6.43.0;63.6.43.255;42.6526;-73.7562
63.6.44.0;63.6.44.255;41.8536;-87.6183
63.6.45.0;63.6.45.255;39.0113;-77.4713
63.6.46.0;63.6.46.255;42.3601;-71.0589
63.6.47.0;63.6.47.255;41.8536;-87.6183
63.6.48.0;63.6.48.255;42.6526;-73.7562
63.6.49.0;63.6.49.255;42.3601;-71.0589
63.6.50.0;63.6.50.255;41.8536;-87.6183
63.6.51.0;63.6.54.255;42.3601;-71.0589
63.6.55.0;63.6.56.255;41.8536;-87.6183
63.6.57.0;63.6.58.255;42.3601;-71.0589
63.6.59.0;63.6.59.255;40.7128;-74.006
63.6.60.0;63.6.60.255;42.6526;-73.7562
63.6.61.0;63.6.61.255;40.7128;-74.006
63.6.62.0;63.6.62.255;42.6526;-73.7562
63.6.63.0;63.6.63.255;41.8536;-87.6183
63.6.64.0;63.6.64.255;42.6526;-73.7562
63.6.65.0;63.6.66.255;40.7128;-74.006
63.6.67.0;63.6.67.255;42.6526;-73.7562
63.6.68.0;63.6.68.255;42.3601;-71.0589
63.6.69.0;63.6.71.255;41.8536;-87.6183
63.6.72.0;63.6.72.255;42.6526;-73.7562
63.6.73.0;63.6.73.255;41.8781;-87.6298
63.6.74.0;63.6.74.255;41.8536;-87.6183
63.6.75.0;63.6.76.255;42.3601;-71.0589
63.6.77.0;63.6.77.255;41.8536;-87.6183
63.6.78.0;63.6.78.255;41.8781;-87.6298
63.6.79.0;63.6.79.255;41.8536;-87.6183
63.6.80.0;63.6.82.255;42.3601;-71.0589
63.6.83.0;63.6.83.255;42.6526;-73.7562
63.6.84.0;63.6.84.255;41.8536;-87.6183
63.6.85.0;63.6.85.255;42.3601;-71.0589
63.6.86.0;63.6.86.255;41.8781;-87.6298
63.6.87.0;63.6.87.255;41.8536;-87.6183
63.6.88.0;63.6.88.255;40.7128;-74.006
63.6.89.0;63.6.89.255;42.6526;-73.7562
63.6.90.0;63.6.90.255;42.3601;-71.0589
63.6.91.0;63.6.93.255;41.8536;-87.6183
63.6.94.0;63.6.95.255;42.3601;-71.0589
63.6.96.0;63.6.96.255;42.6526;-73.7562
63.6.97.0;63.6.97.255;41.8781;-87.6298
63.6.98.0;63.6.98.255;41.8536;-87.6183
63.6.99.0;63.6.99.255;42.3601;-71.0589
63.6.100.0;63.6.101.255;41.8536;-87.6183
63.6.102.0;63.6.102.255;42.3601;-71.0589
63.6.103.0;63.6.103.255;41.8536;-87.6183
63.6.104.0;63.6.104.255;41.8781;-87.6298
63.6.105.0;63.6.107.255;41.8536;-87.6183
63.6.108.0;63.6.108.255;42.6526;-73.7562
63.6.109.0;63.6.109.255;41.8536;-87.6183
63.6.110.0;63.6.110.255;42.3601;-71.0589
63.6.111.0;63.6.111.255;41.8536;-87.6183
63.6.112.0;63.6.113.255;42.3601;-71.0589
63.6.114.0;63.6.114.255;41.8536;-87.6183
63.6.115.0;63.6.115.255;42.3601;-71.0589
63.6.116.0;63.6.116.255;41.8536;-87.6183
63.6.117.0;63.6.118.255;42.6526;-73.7562
63.6.119.0;63.6.119.255;42.3601;-71.0589
63.6.120.0;63.6.120.255;42.6526;-73.7562
63.6.121.0;63.6.121.255;42.3601;-71.0589
63.6.122.0;63.6.122.255;41.8536;-87.6183
63.6.123.0;63.6.123.255;40.7128;-74.006
63.6.124.0;63.6.124.255;42.6526;-73.7562
63.6.125.0;63.6.125.255;42.3601;-71.0589
63.6.126.0;63.6.126.255;42.6526;-73.7562
63.6.127.0;63.6.128.255;42.3601;-71.0589
63.6.129.0;63.6.129.255;42.6526;-73.7562
63.6.130.0;63.6.130.255;41.8536;-87.6183
63.6.131.0;63.6.131.255;40.7128;-74.006
63.6.132.0;63.6.132.255;41.8536;-87.6183
63.6.133.0;63.6.133.255;42.6526;-73.7562
63.6.134.0;63.6.134.255;40.7128;-74.006
63.6.135.0;63.6.135.255;42.6526;-73.7562
63.6.136.0;63.6.138.255;41.8536;-87.6183
63.6.139.0;63.6.139.255;41.8781;-87.6298
63.6.140.0;63.6.140.255;42.6526;-73.7562
63.6.141.0;63.6.141.255;41.8536;-87.6183
63.6.142.0;63.6.142.255;42.3601;-71.0589
63.6.143.0;63.6.145.255;41.8536;-87.6183
63.6.146.0;63.6.146.255;42.3601;-71.0589
63.6.147.0;63.6.149.255;41.8536;-87.6183
63.6.150.0;63.6.150.255;41.8781;-87.6298
63.6.151.0;63.6.151.255;40.7128;-74.006
63.6.152.0;63.6.152.255;41.8536;-87.6183
63.6.153.0;63.6.153.255;42.6526;-73.7562
63.6.154.0;63.6.154.255;42.3601;-71.0589
63.6.155.0;63.6.155.255;41.8536;-87.6183
63.6.156.0;63.6.157.255;42.6526;-73.7562
63.6.158.0;63.6.159.255;41.8536;-87.6183
63.6.160.0;63.6.160.255;42.3601;-71.0589
63.6.161.0;63.6.161.255;41.8536;-87.6183
63.6.162.0;63.6.162.255;42.3601;-71.0589
63.6.163.0;63.6.164.255;41.8536;-87.6183
63.6.165.0;63.6.166.255;42.3601;-71.0589
63.6.167.0;63.6.167.255;42.6526;-73.7562
63.6.168.0;63.6.169.255;42.3601;-71.0589
63.6.170.0;63.6.170.255;41.8536;-87.6183
63.6.171.0;63.6.171.255;42.3601;-71.0589
63.6.172.0;63.6.172.255;41.8536;-87.6183
63.6.173.0;63.6.173.255;42.3601;-71.0589
63.6.174.0;63.6.174.255;42.6526;-73.7562
63.6.175.0;63.6.175.255;41.8781;-87.6298
63.6.176.0;63.6.176.255;42.6526;-73.7562
63.6.177.0;63.6.179.255;41.8536;-87.6183
63.6.180.0;63.6.180.255;42.6526;-73.7562
63.6.181.0;63.6.182.255;42.3601;-71.0589
63.6.183.0;63.6.183.255;41.8781;-87.6298
63.6.184.0;63.6.184.255;42.3601;-71.0589
63.6.185.0;63.6.185.255;40.7128;-74.006
63.6.186.0;63.6.186.255;42.6526;-73.7562
63.6.187.0;63.6.187.255;42.3601;-71.0589
63.6.188.0;63.6.188.255;42.6526;-73.7562
63.6.189.0;63.6.189.255;41.8536;-87.6183
63.6.190.0;63.6.190.255;42.3601;-71.0589
63.6.191.0;63.6.191.255;42.6526;-73.7562
63.6.192.0;63.6.193.255;41.8536;-87.6183
63.6.194.0;63.6.194.255;42.6526;-73.7562
63.6.195.0;63.6.200.255;42.3601;-71.0589
63.6.201.0;63.6.202.255;42.6526;-73.7562
63.6.203.0;63.6.203.255;41.8536;-87.6183
63.6.204.0;63.6.204.255;41.8781;-87.6298
63.6.205.0;63.6.205.255;42.3601;-71.0589
63.6.206.0;63.6.206.255;42.6526;-73.7562
63.6.207.0;63.6.207.255;40.7128;-74.006
63.6.208.0;63.6.208.255;42.3601;-71.0589
63.6.209.0;63.6.209.255;41.8536;-87.6183
63.6.210.0;63.6.210.255;42.3601;-71.0589
63.6.211.0;63.6.211.255;41.8536;-87.6183
63.6.212.0;63.6.215.255;42.3601;-71.0589
63.6.216.0;63.6.216.255;42.6526;-73.7562
63.6.217.0;63.6.217.255;41.8781;-87.6298
63.6.218.0;63.6.219.255;42.3601;-71.0589
63.6.220.0;63.6.220.255;41.8536;-87.6183
63.6.221.0;63.6.221.255;42.3601;-71.0589
63.6.222.0;63.6.222.255;41.8536;-87.6183
63.6.223.0;63.6.223.255;42.3601;-71.0589
63.6.224.0;63.6.224.255;41.8781;-87.6298
63.6.225.0;63.6.226.255;42.3601;-71.0589
63.6.227.0;63.6.227.255;40.7128;-74.006
63.6.228.0;63.6.229.255;42.3601;-71.0589
63.6.230.0;63.6.230.255;41.8781;-87.6298
63.6.231.0;63.6.231.255;41.8536;-87.6183
63.6.232.0;63.6.232.255;39.0113;-77.4713
63.6.233.0;63.6.233.255;41.8536;-87.6183
63.6.234.0;63.6.239.255;42.3601;-71.0589
63.6.240.0;63.6.240.255;41.8536;-87.6183
63.6.241.0;63.6.242.255;42.3601;-71.0589
63.6.243.0;63.6.243.255;42.6526;-73.7562
63.6.244.0;63.6.244.255;42.3601;-71.0589
63.6.245.0;63.6.245.255;39.0113;-77.4713
63.6.246.0;63.6.246.255;42.3601;-71.0589
63.6.247.0;63.6.248.255;41.8536;-87.6183
63.6.249.0;63.6.249.255;42.3601;-71.0589
63.6.250.0;63.6.251.255;40.7128;-74.006
63.6.252.0;63.6.252.255;42.6526;-73.7562
63.6.253.0;63.6.253.255;42.3601;-71.0589
63.6.254.0;63.7.1.255;41.8536;-87.6183
63.7.2.0;63.7.3.255;42.3601;-71.0589
63.7.4.0;63.7.4.255;41.8536;-87.6183
63.7.5.0;63.7.5.255;40.7128;-74.006
63.7.6.0;63.7.8.255;42.3601;-71.0589
63.7.9.0;63.7.9.255;41.8536;-87.6183
63.7.10.0;63.7.10.255;42.3601;-71.0589
63.7.11.0;63.7.12.255;41.8536;-87.6183
63.7.13.0;63.7.13.255;42.3601;-71.0589
63.7.14.0;63.7.14.255;41.8536;-87.6183
63.7.15.0;63.7.15.255;42.3601;-71.0589
63.7.16.0;63.7.16.255;42.6526;-73.7562
63.7.17.0;63.7.17.255;42.3601;-71.0589
63.7.18.0;63.7.18.255;42.6526;-73.7562
63.7.19.0;63.7.19.255;42.3601;-71.0589
63.7.20.0;63.7.21.255;41.8536;-87.6183
63.7.22.0;63.7.22.255;42.3601;-71.0589
63.7.23.0;63.7.23.255;42.6526;-73.7562
63.7.24.0;63.7.24.255;42.3601;-71.0589
63.7.25.0;63.7.25.255;41.8536;-87.6183
63.7.26.0;63.7.26.255;42.3601;-71.0589
63.7.27.0;63.7.27.255;41.8536;-87.6183
63.7.28.0;63.7.29.255;42.3601;-71.0589
63.7.30.0;63.7.30.255;41.8536;-87.6183
63.7.31.0;63.7.33.255;42.3601;-71.0589
63.7.34.0;63.7.34.255;41.8536;-87.6183
63.7.35.0;63.7.38.255;42.3601;-71.0589
63.7.39.0;63.7.39.255;40.7128;-74.006
63.7.40.0;63.7.40.255;41.8781;-87.6298
63.7.41.0;63.7.41.255;41.8536;-87.6183
63.7.42.0;63.7.42.255;42.3601;-71.0589
63.7.43.0;63.7.43.255;41.8536;-87.6183
63.7.44.0;63.7.44.255;42.6526;-73.7562
63.7.45.0;63.7.46.255;41.8536;-87.6183
63.7.47.0;63.7.48.255;42.3601;-71.0589
63.7.49.0;63.7.49.255;42.6526;-73.7562
63.7.50.0;63.7.52.255;42.3601;-71.0589
63.7.53.0;63.7.53.255;41.8536;-87.6183
63.7.54.0;63.7.54.255;41.8781;-87.6298
63.7.55.0;63.7.56.255;42.3601;-71.0589
63.7.57.0;63.7.58.255;40.7128;-74.006
63.7.59.0;63.7.59.255;42.3601;-71.0589
63.7.60.0;63.7.60.255;40.7128;-74.006
63.7.61.0;63.7.61.255;42.6526;-73.7562
63.7.62.0;63.7.62.255;42.3601;-71.0589
63.7.63.0;63.7.63.255;41.8781;-87.6298
63.7.64.0;63.7.64.255;40.7128;-74.006
63.7.65.0;63.7.65.255;42.6526;-73.7562
63.7.66.0;63.7.67.255;42.3601;-71.0589
63.7.68.0;63.7.68.255;41.8781;-87.6298
63.7.69.0;63.7.69.255;42.3601;-71.0589
63.7.70.0;63.7.70.255;42.6526;-73.7562
63.7.71.0;63.7.73.255;42.3601;-71.0589
63.7.74.0;63.7.74.255;41.8536;-87.6183
63.7.75.0;63.7.75.255;41.8781;-87.6298
63.7.76.0;63.7.76.255;42.6526;-73.7562
63.7.77.0;63.7.78.255;42.3601;-71.0589
63.7.79.0;63.7.79.255;42.6526;-73.7562
63.7.80.0;63.7.81.255;41.8536;-87.6183
63.7.82.0;63.7.82.255;40.7128;-74.006
63.7.83.0;63.7.83.255;42.3601;-71.0589
63.7.84.0;63.7.84.255;42.6526;-73.7562
63.7.85.0;63.7.86.255;41.8536;-87.6183
63.7.87.0;63.7.88.255;42.3601;-71.0589
63.7.89.0;63.7.89.255;42.6526;-73.7562
63.7.90.0;63.7.90.255;41.8536;-87.6183
63.7.91.0;63.7.93.255;42.3601;-71.0589
63.7.94.0;63.7.94.255;41.8536;-87.6183
63.7.95.0;63.7.95.255;42.6526;-73.7562
63.7.96.0;63.7.97.255;42.3601;-71.0589
63.7.98.0;63.7.98.255;41.8781;-87.6298
63.7.99.0;63.7.100.255;42.6526;-73.7562
63.7.101.0;63.7.102.255;42.3601;-71.0589
63.7.103.0;63.7.103.255;42.6526;-73.7562
63.7.104.0;63.7.104.255;41.8536;-87.6183
63.7.105.0;63.7.105.255;42.6526;-73.7562
63.7.106.0;63.7.106.255;41.8536;-87.6183
63.7.107.0;63.7.107.255;42.3601;-71.0589
63.7.108.0;63.7.109.255;41.8536;-87.6183
63.7.110.0;63.7.110.255;42.3601;-71.0589
63.7.111.0;63.7.112.255;41.8536;-87.6183
63.7.113.0;63.7.113.255;42.3601;-71.0589
63.7.114.0;63.7.114.255;41.8536;-87.6183
63.7.115.0;63.7.116.255;42.3601;-71.0589
63.7.117.0;63.7.117.255;42.6526;-73.7562
63.7.118.0;63.7.118.255;42.3601;-71.0589
63.7.119.0;63.7.119.255;42.6526;-73.7562
63.7.120.0;63.7.122.255;42.3601;-71.0589
63.7.123.0;63.7.124.255;41.8536;-87.6183
63.7.125.0;63.7.126.255;42.3601;-71.0589
63.7.127.0;63.7.127.255;42.6526;-73.7562
63.7.128.0;63.7.128.255;42.3601;-71.0589
63.7.129.0;63.7.129.255;42.6526;-73.7562
63.7.130.0;63.7.130.255;41.8536;-87.6183
63.7.131.0;63.7.131.255;40.7128;-74.006
63.7.132.0;63.7.132.255;41.8536;-87.6183
63.7.133.0;63.7.133.255;42.3601;-71.0589
63.7.134.0;63.7.134.255;41.8536;-87.6183
63.7.135.0;63.7.136.255;42.3601;-71.0589
63.7.137.0;63.7.137.255;42.6526;-73.7562
63.7.138.0;63.7.138.255;42.3601;-71.0589
63.7.139.0;63.7.139.255;41.8536;-87.6183
63.7.140.0;63.7.140.255;42.3601;-71.0589
63.7.141.0;63.7.142.255;41.8536;-87.6183
63.7.143.0;63.7.143.255;42.3601;-71.0589
63.7.144.0;63.7.144.255;40.7128;-74.006
63.7.145.0;63.7.146.255;42.3601;-71.0589
63.7.147.0;63.7.148.255;42.6526;-73.7562
63.7.149.0;63.7.149.255;42.3601;-71.0589
63.7.150.0;63.7.150.255;42.6526;-73.7562
63.7.151.0;63.7.151.255;41.8536;-87.6183
63.7.152.0;63.7.152.255;40.7128;-74.006
63.7.153.0;63.7.154.255;42.6526;-73.7562
63.7.155.0;63.7.155.255;42.3601;-71.0589
63.7.156.0;63.7.156.255;41.8536;-87.6183
63.7.157.0;63.7.157.255;42.3601;-71.0589
63.7.158.0;63.7.158.255;41.8536;-87.6183
63.7.159.0;63.7.159.255;42.3601;-71.0589
63.7.160.0;63.7.160.255;40.7128;-74.006
63.7.161.0;63.7.161.255;41.8536;-87.6183
63.7.162.0;63.7.162.255;40.7128;-74.006
63.7.163.0;63.7.163.255;41.8536;-87.6183
63.7.164.0;63.7.169.255;42.3601;-71.0589
63.7.170.0;63.7.171.255;41.8536;-87.6183
63.7.172.0;63.7.172.255;41.8781;-87.6298
63.7.173.0;63.7.173.255;42.3601;-71.0589
63.7.174.0;63.7.174.255;42.6526;-73.7562
63.7.175.0;63.7.177.255;42.3601;-71.0589
63.7.178.0;63.7.178.255;41.8781;-87.6298
63.7.179.0;63.7.179.255;41.8536;-87.6183
63.7.180.0;63.7.180.255;40.7128;-74.006
63.7.181.0;63.7.182.255;42.3601;-71.0589
63.7.183.0;63.7.184.255;41.8536;-87.6183
63.7.185.0;63.7.185.255;42.6526;-73.7562
63.7.186.0;63.7.186.255;42.3601;-71.0589
63.7.187.0;63.7.188.255;41.8536;-87.6183
63.7.189.0;63.7.189.255;42.3601;-71.0589
63.7.190.0;63.7.190.255;42.6526;-73.7562
63.7.191.0;63.7.191.255;42.3601;-71.0589
63.7.192.0;63.7.192.255;41.8781;-87.6298
63.7.193.0;63.7.193.255;41.8536;-87.6183
63.7.194.0;63.7.194.255;41.8781;-87.6298
63.7.195.0;63.7.195.255;41.8536;-87.6183
63.7.196.0;63.7.197.255;42.3601;-71.0589
63.7.198.0;63.7.198.255;42.6526;-73.7562
63.7.199.0;63.7.199.255;40.7128;-74.006
63.7.200.0;63.7.203.255;42.3601;-71.0589
63.7.204.0;63.7.206.255;41.8536;-87.6183
63.7.207.0;63.7.209.255;42.3601;-71.0589
63.7.210.0;63.7.211.255;42.6526;-73.7562
63.7.212.0;63.7.212.255;40.7128;-74.006
63.7.213.0;63.7.213.255;42.6526;-73.7562
63.7.214.0;63.7.215.255;41.8536;-87.6183
63.7.216.0;63.7.218.255;42.3601;-71.0589
63.7.219.0;63.7.219.255;40.7128;-74.006
63.7.220.0;63.7.220.255;41.8781;-87.6298
63.7.221.0;63.7.222.255;42.3601;-71.0589
63.7.223.0;63.7.223.255;41.8536;-87.6183
63.7.224.0;63.7.224.255;42.3601;-71.0589
63.7.225.0;63.7.225.255;42.6526;-73.7562
63.7.226.0;63.7.226.255;42.3601;-71.0589
63.7.227.0;63.7.227.255;42.6526;-73.7562
63.7.228.0;63.7.229.255;41.8536;-87.6183
63.7.230.0;63.7.230.255;41.8781;-87.6298
63.7.231.0;63.7.232.255;40.7128;-74.006
63.7.233.0;63.7.235.255;41.8536;-87.6183
63.7.236.0;63.7.236.255;42.6526;-73.7562
63.7.237.0;63.7.237.255;42.3601;-71.0589
63.7.238.0;63.7.238.255;41.8781;-87.6298
63.7.239.0;63.7.239.255;41.8536;-87.6183
63.7.240.0;63.7.241.255;42.6526;-73.7562
63.7.242.0;63.7.242.255;41.8536;-87.6183
63.7.243.0;63.7.243.255;42.6526;-73.7562
63.7.244.0;63.7.246.255;42.3601;-71.0589
63.7.247.0;63.7.247.255;42.6526;-73.7562
63.7.248.0;63.7.248.255;42.3601;-71.0589
63.7.249.0;63.7.249.255;41.8536;-87.6183
63.7.250.0;63.7.250.255;39.0113;-77.4713
63.7.251.0;63.7.251.255;42.6526;-73.7562
63.7.252.0;63.7.253.255;42.3601;-71.0589
63.7.254.0;63.7.254.255;41.8536;-87.6183
63.7.255.0;63.7.255.255;42.6526;-73.7562
63.8.0.0;63.8.0.255;42.3601;-71.0589
63.8.1.0;63.8.1.255;41.8536;-87.6183
63.8.2.0;63.8.2.255;42.3601;-71.0589
63.8.3.0;63.8.3.255;41.8536;-87.6183
63.8.4.0;63.8.4.255;42.6526;-73.7562
63.8.5.0;63.8.5.255;41.8536;-87.6183
63.8.6.0;63.8.6.255;42.6526;-73.7562
63.8.7.0;63.8.7.255;41.8536;-87.6183
63.8.8.0;63.8.8.255;42.6526;-73.7562
63.8.9.0;63.8.9.255;42.3601;-71.0589
63.8.10.0;63.8.11.255;41.8536;-87.6183
63.8.12.0;63.8.12.255;42.6526;-73.7562
63.8.13.0;63.8.13.255;40.7128;-74.006
63.8.14.0;63.8.14.255;41.8536;-87.6183
63.8.15.0;63.8.16.255;42.6526;-73.7562
63.8.17.0;63.8.17.255;42.3601;-71.0589
63.8.18.0;63.8.18.255;41.8536;-87.6183
63.8.19.0;63.8.19.255;42.3601;-71.0589
63.8.20.0;63.8.20.255;42.6526;-73.7562
63.8.21.0;63.8.21.255;41.8781;-87.6298
63.8.22.0;63.8.22.255;42.6526;-73.7562
63.8.23.0;63.8.23.255;41.8536;-87.6183
63.8.24.0;63.8.24.255;42.3601;-71.0589
63.8.25.0;63.8.25.255;40.7128;-74.006
63.8.26.0;63.8.26.255;41.8536;-87.6183
63.8.27.0;63.8.27.255;41.8781;-87.6298
63.8.28.0;63.8.28.255;42.3601;-71.0589
63.8.29.0;63.8.29.255;42.6526;-73.7562
63.8.30.0;63.8.30.255;42.3601;-71.0589
63.8.31.0;63.8.31.255;42.6526;-73.7562
63.8.32.0;63.8.32.255;42.3601;-71.0589
63.8.33.0;63.8.34.255;41.8536;-87.6183
63.8.35.0;63.8.36.255;42.3601;-71.0589
63.8.37.0;63.8.37.255;41.8781;-87.6298
63.8.38.0;63.8.40.255;41.8536;-87.6183
63.8.41.0;63.8.41.255;42.3601;-71.0589
63.8.42.0;63.8.42.255;41.8536;-87.6183
63.8.43.0;63.8.43.255;40.7128;-74.006
63.8.44.0;63.8.44.255;42.3601;-71.0589
63.8.45.0;63.8.45.255;41.8536;-87.6183
63.8.46.0;63.8.47.255;42.3601;-71.0589
63.8.48.0;63.8.48.255;41.8536;-87.6183
63.8.49.0;63.8.50.255;41.8781;-87.6298
63.8.51.0;63.8.52.255;42.3601;-71.0589
63.8.53.0;63.8.54.255;41.8536;-87.6183
63.8.55.0;63.8.56.255;42.3601;-71.0589
63.8.57.0;63.8.58.255;41.8536;-87.6183
63.8.59.0;63.8.60.255;42.3601;-71.0589
63.8.61.0;63.8.61.255;42.6526;-73.7562
63.8.62.0;63.8.62.255;41.8536;-87.6183
63.8.63.0;63.8.63.255;42.6526;-73.7562
63.8.64.0;63.8.64.255;42.3601;-71.0589
63.8.65.0;63.8.65.255;41.8536;-87.6183
63.8.66.0;63.8.66.255;41.8781;-87.6298
63.8.67.0;63.8.69.255;42.3601;-71.0589
63.8.70.0;63.8.70.255;42.6526;-73.7562
63.8.71.0;63.8.74.255;42.3601;-71.0589
63.8.75.0;63.8.75.255;42.6526;-73.7562
63.8.76.0;63.8.76.255;42.3601;-71.0589
63.8.77.0;63.8.77.255;41.8536;-87.6183
63.8.78.0;63.8.79.255;42.3601;-71.0589
63.8.80.0;63.8.80.255;42.6526;-73.7562
63.8.81.0;63.8.81.255;42.3601;-71.0589
63.8.82.0;63.8.82.255;42.6526;-73.7562
63.8.83.0;63.8.83.255;42.3601;-71.0589
63.8.84.0;63.8.84.255;42.6526;-73.7562
63.8.85.0;63.8.85.255;41.8536;-87.6183
63.8.86.0;63.8.86.255;42.3601;-71.0589
63.8.87.0;63.8.87.255;41.8781;-87.6298
63.8.88.0;63.8.89.255;40.7128;-74.006
63.8.90.0;63.8.90.255;42.3601;-71.0589
63.8.91.0;63.8.92.255;41.8536;-87.6183
63.8.93.0;63.8.94.255;42.3601;-71.0589
63.8.95.0;63.8.96.255;41.8536;-87.6183
63.8.97.0;63.8.98.255;42.3601;-71.0589
63.8.99.0;63.8.99.255;41.8536;-87.6183
63.8.100.0;63.8.101.255;42.3601;-71.0589
63.8.102.0;63.8.103.255;41.8536;-87.6183
63.8.104.0;63.8.107.255;42.3601;-71.0589
63.8.108.0;63.8.108.255;41.8781;-87.6298
63.8.109.0;63.8.109.255;41.8536;-87.6183
63.8.110.0;63.8.111.255;42.3601;-71.0589
63.8.112.0;63.8.112.255;41.8536;-87.6183
63.8.113.0;63.8.114.255;42.3601;-71.0589
63.8.115.0;63.8.115.255;41.8781;-87.6298
63.8.116.0;63.8.117.255;42.3601;-71.0589
63.8.118.0;63.8.118.255;41.8536;-87.6183
63.8.119.0;63.8.119.255;42.3601;-71.0589
63.8.120.0;63.8.120.255;41.8781;-87.6298
63.8.121.0;63.8.121.255;42.6526;-73.7562
63.8.122.0;63.8.123.255;41.8536;-87.6183
63.8.124.0;63.8.125.255;42.3601;-71.0589
63.8.126.0;63.8.126.255;41.8781;-87.6298
63.8.127.0;63.8.127.255;41.8536;-87.6183
63.8.128.0;63.8.128.255;42.3601;-71.0589
63.8.129.0;63.8.129.255;41.8536;-87.6183
63.8.130.0;63.8.130.255;41.8781;-87.6298
63.8.131.0;63.8.131.255;42.3601;-71.0589
63.8.132.0;63.8.132.255;41.8536;-87.6183
63.8.133.0;63.8.133.255;41.8781;-87.6298
63.8.134.0;63.8.134.255;42.3601;-71.0589
63.8.135.0;63.8.135.255;41.8536;-87.6183
63.8.136.0;63.8.137.255;42.6526;-73.7562
63.8.138.0;63.8.139.255;41.8536;-87.6183
63.8.140.0;63.8.142.255;42.3601;-71.0589
63.8.143.0;63.8.144.255;42.6526;-73.7562
63.8.145.0;63.8.145.255;42.3601;-71.0589
63.8.146.0;63.8.146.255;42.6526;-73.7562
63.8.147.0;63.8.147.255;42.3601;-71.0589
63.8.148.0;63.8.148.255;41.8536;-87.6183
63.8.149.0;63.8.150.255;42.3601;-71.0589
63.8.151.0;63.8.151.255;41.8536;-87.6183
63.8.152.0;63.8.152.255;42.6526;-73.7562
63.8.153.0;63.8.154.255;42.3601;-71.0589
63.8.155.0;63.8.155.255;42.6526;-73.7562
63.8.156.0;63.8.157.255;42.3601;-71.0589
63.8.158.0;63.8.159.255;41.8781;-87.6298
63.8.160.0;63.8.160.255;42.3601;-71.0589
63.8.161.0;63.8.163.255;41.8536;-87.6183
63.8.164.0;63.8.164.255;42.6526;-73.7562
63.8.165.0;63.8.165.255;40.7128;-74.006
63.8.166.0;63.8.166.255;42.3601;-71.0589
63.8.167.0;63.8.167.255;41.8536;-87.6183
63.8.168.0;63.8.168.255;42.3601;-71.0589
63.8.169.0;63.8.169.255;41.8536;-87.6183
63.8.170.0;63.8.170.255;40.7128;-74.006
63.8.171.0;63.8.171.255;42.6526;-73.7562
63.8.172.0;63.8.172.255;42.3601;-71.0589
63.8.173.0;63.8.173.255;40.7128;-74.006
63.8.174.0;63.8.177.255;42.3601;-71.0589
63.8.178.0;63.8.178.255;41.8536;-87.6183
63.8.179.0;63.8.179.255;42.6526;-73.7562
63.8.180.0;63.8.180.255;42.3601;-71.0589
63.8.181.0;63.8.181.255;42.6526;-73.7562
63.8.182.0;63.8.183.255;41.8536;-87.6183
63.8.184.0;63.8.189.255;42.3601;-71.0589
63.8.190.0;63.8.190.255;41.8781;-87.6298
63.8.191.0;63.8.191.255;41.8536;-87.6183
63.8.192.0;63.8.192.255;42.3601;-71.0589
63.8.193.0;63.8.193.255;41.8536;-87.6183
63.8.194.0;63.8.194.255;39.0113;-77.4713
63.8.195.0;63.8.195.255;42.6526;-73.7562
63.8.196.0;63.8.198.255;42.3601;-71.0589
63.8.199.0;63.8.199.255;41.8536;-87.6183
63.8.200.0;63.8.200.255;41.8781;-87.6298
63.8.201.0;63.8.201.255;42.3601;-71.0589
63.8.202.0;63.8.202.255;42.6526;-73.7562
63.8.203.0;63.8.205.255;41.8536;-87.6183
63.8.206.0;63.8.206.255;40.7128;-74.006
63.8.207.0;63.8.208.255;41.8536;-87.6183
63.8.209.0;63.8.209.255;42.3601;-71.0589
63.8.210.0;63.8.213.255;41.8536;-87.6183
63.8.214.0;63.8.214.255;42.3601;-71.0589
63.8.215.0;63.8.215.255;41.8536;-87.6183
63.8.216.0;63.8.216.255;40.7128;-74.006
63.8.217.0;63.8.219.255;41.8536;-87.6183
63.8.220.0;63.8.221.255;42.3601;-71.0589
63.8.222.0;63.8.222.255;40.7128;-74.006
63.8.223.0;63.8.223.255;42.3601;-71.0589
63.8.224.0;63.8.225.255;41.8536;-87.6183
63.8.226.0;63.8.227.255;42.3601;-71.0589
63.8.228.0;63.8.228.255;42.6526;-73.7562
63.8.229.0;63.8.230.255;42.3601;-71.0589
63.8.231.0;63.8.231.255;40.7128;-74.006
63.8.232.0;63.8.232.255;41.8536;-87.6183
63.8.233.0;63.8.233.255;42.6526;-73.7562
63.8.234.0;63.8.236.255;42.3601;-71.0589
63.8.237.0;63.8.237.255;41.8781;-87.6298
63.8.238.0;63.8.238.255;41.8536;-87.6183
63.8.239.0;63.8.239.255;42.6526;-73.7562
63.8.240.0;63.8.240.255;42.3601;-71.0589
63.8.241.0;63.8.241.255;41.8536;-87.6183
63.8.242.0;63.8.242.255;42.6526;-73.7562
63.8.243.0;63.8.243.255;42.3601;-71.0589
63.8.244.0;63.8.244.255;42.6526;-73.7562
63.8.245.0;63.8.245.255;42.3601;-71.0589
63.8.246.0;63.8.246.255;41.8536;-87.6183
63.8.247.0;63.8.247.255;40.7128;-74.006
63.8.248.0;63.8.248.255;42.3601;-71.0589
63.8.249.0;63.8.249.255;41.8781;-87.6298
63.8.250.0;63.8.250.255;42.3601;-71.0589
63.8.251.0;63.8.251.255;42.6526;-73.7562
63.8.252.0;63.8.252.255;42.3601;-71.0589
63.8.253.0;63.8.254.255;41.8536;-87.6183
63.8.255.0;63.8.255.255;42.3601;-71.0589
63.9.0.0;63.9.0.255;41.8536;-87.6183
63.9.1.0;63.9.1.255;40.7128;-74.006
63.9.2.0;63.9.2.255;41.8781;-87.6298
63.9.3.0;63.9.3.255;41.8536;-87.6183
63.9.4.0;63.9.4.255;40.7128;-74.006
63.9.5.0;63.9.9.255;41.8536;-87.6183
63.9.10.0;63.9.11.255;42.3601;-71.0589
63.9.12.0;63.9.12.255;42.6526;-73.7562
63.9.13.0;63.9.13.255;42.3601;-71.0589
63.9.14.0;63.9.15.255;41.8536;-87.6183
63.9.16.0;63.9.16.255;40.7128;-74.006
63.9.17.0;63.9.18.255;41.8536;-87.6183
63.9.19.0;63.9.21.255;42.3601;-71.0589
63.9.22.0;63.9.23.255;42.6526;-73.7562
63.9.24.0;63.9.24.255;42.3601;-71.0589
63.9.25.0;63.9.25.255;39.0113;-77.4713
63.9.26.0;63.9.26.255;42.3601;-71.0589
63.9.27.0;63.9.27.255;41.8536;-87.6183
63.9.28.0;63.9.28.255;42.6526;-73.7562
63.9.29.0;63.9.29.255;41.8536;-87.6183
63.9.30.0;63.9.31.255;42.3601;-71.0589
63.9.32.0;63.9.32.255;42.6526;-73.7562
63.9.33.0;63.9.35.255;41.8536;-87.6183
63.9.36.0;63.9.36.255;42.6526;-73.7562
63.9.37.0;63.9.37.255;41.8781;-87.6298
63.9.38.0;63.9.38.255;41.8536;-87.6183
63.9.39.0;63.9.39.255;41.8781;-87.6298
63.9.40.0;63.9.41.255;42.3601;-71.0589
63.9.42.0;63.9.42.255;41.8781;-87.6298
63.9.43.0;63.9.43.255;42.6526;-73.7562
63.9.44.0;63.9.45.255;42.3601;-71.0589
63.9.46.0;63.9.46.255;41.8536;-87.6183
63.9.47.0;63.9.47.255;42.6526;-73.7562
63.9.48.0;63.9.48.255;41.8536;-87.6183
63.9.49.0;63.9.49.255;42.6526;-73.7562
63.9.50.0;63.9.50.255;42.3601;-71.0589
63.9.51.0;63.9.51.255;41.8536;-87.6183
63.9.52.0;63.9.52.255;40.7128;-74.006
63.9.53.0;63.9.53.255;41.8781;-87.6298
63.9.54.0;63.9.54.255;42.6526;-73.7562
63.9.55.0;63.9.55.255;40.7128;-74.006
63.9.56.0;63.9.56.255;41.8536;-87.6183
63.9.57.0;63.9.57.255;42.3601;-71.0589
63.9.58.0;63.9.59.255;42.6526;-73.7562
63.9.60.0;63.9.60.255;41.8536;-87.6183
63.9.61.0;63.9.62.255;42.6526;-73.7562
63.9.63.0;63.9.63.255;42.3601;-71.0589
63.9.64.0;63.9.64.255;41.8536;-87.6183
63.9.65.0;63.9.65.255;40.7128;-74.006
63.9.66.0;63.9.66.255;41.8536;-87.6183
63.9.67.0;63.9.67.255;42.6526;-73.7562
63.9.68.0;63.9.68.255;41.8536;-87.6183
63.9.69.0;63.9.69.255;40.7128;-74.006
63.9.70.0;63.9.70.255;41.8536;-87.6183
63.9.71.0;63.9.71.255;42.3601;-71.0589
63.9.72.0;63.9.72.255;40.7128;-74.006
63.9.73.0;63.9.74.255;42.3601;-71.0589
63.9.75.0;63.9.76.255;41.8536;-87.6183
63.9.77.0;63.9.79.255;42.3601;-71.0589
63.9.80.0;63.9.81.255;42.6526;-73.7562
63.9.82.0;63.9.82.255;41.8536;-87.6183
63.9.83.0;63.9.83.255;40.7128;-74.006
63.9.84.0;63.9.84.255;41.8536;-87.6183
63.9.85.0;63.9.85.255;42.3601;-71.0589
63.9.86.0;63.9.87.255;41.8536;-87.6183
63.9.88.0;63.9.88.255;40.7128;-74.006
63.9.89.0;63.9.90.255;42.6526;-73.7562
63.9.91.0;63.9.91.255;42.3601;-71.0589
63.9.92.0;63.9.92.255;41.8781;-87.6298
63.9.93.0;63.9.93.255;41.8536;-87.6183
63.9.94.0;63.9.94.255;42.6526;-73.7562
63.9.95.0;63.9.95.255;39.0113;-77.4713
63.9.96.0;63.9.96.255;40.7128;-74.006
63.9.97.0;63.9.97.255;42.6526;-73.7562
63.9.98.0;63.9.98.255;42.3601;-71.0589
63.9.99.0;63.9.99.255;42.6526;-73.7562
63.9.100.0;63.9.100.255;41.8536;-87.6183
63.9.101.0;63.9.101.255;42.3601;-71.0589
63.9.102.0;63.9.102.255;41.8536;-87.6183
63.9.103.0;63.9.103.255;42.6526;-73.7562
63.9.104.0;63.9.104.255;42.3601;-71.0589
63.9.105.0;63.9.105.255;41.8781;-87.6298
63.9.106.0;63.9.106.255;42.6526;-73.7562
63.9.107.0;63.9.108.255;42.3601;-71.0589
63.9.109.0;63.9.109.255;39.0113;-77.4713
63.9.110.0;63.9.110.255;42.3601;-71.0589
63.9.111.0;63.9.111.255;41.8536;-87.6183
63.9.112.0;63.9.112.255;42.3601;-71.0589
63.9.113.0;63.9.113.255;41.8536;-87.6183
63.9.114.0;63.9.114.255;42.3601;-71.0589
63.9.115.0;63.9.115.255;42.6526;-73.7562
63.9.116.0;63.9.118.255;42.3601;-71.0589
63.9.119.0;63.9.119.255;42.6526;-73.7562
63.9.120.0;63.9.120.255;41.8536;-87.6183
63.9.121.0;63.9.121.255;42.3601;-71.0589
63.9.122.0;63.9.122.255;42.6526;-73.7562
63.9.123.0;63.9.123.255;42.3601;-71.0589
63.9.124.0;63.9.125.255;41.8536;-87.6183
63.9.126.0;63.9.126.255;42.3601;-71.0589
63.9.127.0;63.9.127.255;42.6526;-73.7562
63.9.128.0;63.9.128.255;41.8536;-87.6183
63.9.129.0;63.9.129.255;42.6526;-73.7562
63.9.130.0;63.9.130.255;42.3601;-71.0589
63.9.131.0;63.9.131.255;40.7128;-74.006
63.9.132.0;63.9.132.255;41.8536;-87.6183
63.9.133.0;63.9.133.255;42.6526;-73.7562
63.9.134.0;63.9.135.255;40.7128;-74.006
63.9.136.0;63.9.136.255;42.3601;-71.0589
63.9.137.0;63.9.137.255;41.8781;-87.6298
63.9.138.0;63.9.138.255;42.6526;-73.7562
63.9.139.0;63.9.139.255;41.8536;-87.6183
63.9.140.0;63.9.140.255;42.6526;-73.7562
63.9.141.0;63.9.141.255;40.7128;-74.006
63.9.142.0;63.9.143.255;42.3601;-71.0589
63.9.144.0;63.9.144.255;40.7128;-74.006
63.9.145.0;63.9.146.255;42.3601;-71.0589
63.9.147.0;63.9.147.255;41.8781;-87.6298
63.9.148.0;63.9.149.255;41.8536;-87.6183
63.9.150.0;63.9.151.255;42.3601;-71.0589
63.9.152.0;63.9.153.255;41.8536;-87.6183
63.9.154.0;63.9.157.255;42.3601;-71.0589
63.9.158.0;63.9.159.255;41.8536;-87.6183
63.9.160.0;63.9.160.255;42.6526;-73.7562
63.9.161.0;63.9.162.255;42.3601;-71.0589
63.9.163.0;63.9.163.255;41.8781;-87.6298
63.9.164.0;63.9.164.255;42.6526;-73.7562
63.9.165.0;63.9.165.255;41.8536;-87.6183
63.9.166.0;63.9.166.255;42.3601;-71.0589
63.9.167.0;63.9.168.255;41.8536;-87.6183
63.9.169.0;63.9.169.255;42.6526;-73.7562
63.9.170.0;63.9.170.255;42.3601;-71.0589
63.9.171.0;63.9.171.255;41.8536;-87.6183
63.9.172.0;63.9.172.255;42.3601;-71.0589
63.9.173.0;63.9.173.255;42.6526;-73.7562
63.9.174.0;63.9.174.255;41.8781;-87.6298
63.9.175.0;63.9.175.255;41.8536;-87.6183
63.9.176.0;63.9.176.255;42.6526;-73.7562
63.9.177.0;63.9.177.255;42.3601;-71.0589
63.9.178.0;63.9.178.255;41.8536;-87.6183
63.9.179.0;63.9.181.255;42.3601;-71.0589
63.9.182.0;63.9.183.255;41.8536;-87.6183
63.9.184.0;63.9.184.255;42.3601;-71.0589
63.9.185.0;63.9.185.255;42.6526;-73.7562
63.9.186.0;63.9.186.255;42.3601;-71.0589
63.9.187.0;63.9.189.255;41.8536;-87.6183
63.9.190.0;63.9.190.255;41.8781;-87.6298
63.9.191.0;63.9.192.255;42.6526;-73.7562
63.9.193.0;63.9.193.255;41.8536;-87.6183
63.9.194.0;63.9.194.255;41.8781;-87.6298
63.9.195.0;63.9.195.255;42.3601;-71.0589
63.9.196.0;63.9.196.255;42.6526;-73.7562
63.9.197.0;63.9.201.255;42.3601;-71.0589
63.9.202.0;63.9.202.255;41.8536;-87.6183
63.9.203.0;63.9.203.255;42.3601;-71.0589
63.9.204.0;63.9.204.255;40.7128;-74.006
63.9.205.0;63.9.205.255;42.3601;-71.0589
63.9.206.0;63.9.206.255;40.7128;-74.006
63.9.207.0;63.9.208.255;42.3601;-71.0589
63.9.209.0;63.9.209.255;42.6526;-73.7562
63.9.210.0;63.9.210.255;41.8781;-87.6298
63.9.211.0;63.9.212.255;42.3601;-71.0589
63.9.213.0;63.9.213.255;41.8781;-87.6298
63.9.214.0;63.9.218.255;42.3601;-71.0589
63.9.219.0;63.9.219.255;42.6526;-73.7562
63.9.220.0;63.9.220.255;42.3601;-71.0589
63.9.221.0;63.9.222.255;41.8536;-87.6183
63.9.223.0;63.9.223.255;42.6526;-73.7562
63.9.224.0;63.9.224.255;41.8536;-87.6183
63.9.225.0;63.9.225.255;41.8781;-87.6298
63.9.226.0;63.9.226.255;42.6526;-73.7562
63.9.227.0;63.9.227.255;42.3601;-71.0589
63.9.228.0;63.9.228.255;41.8536;-87.6183
63.9.229.0;63.9.231.255;42.3601;-71.0589
63.9.232.0;63.9.232.255;41.8536;-87.6183
63.9.233.0;63.9.234.255;42.3601;-71.0589
63.9.235.0;63.9.235.255;41.8781;-87.6298
63.9.236.0;63.9.236.255;42.3601;-71.0589
63.9.237.0;63.9.237.255;41.8536;-87.6183
63.9.238.0;63.9.238.255;42.3601;-71.0589
63.9.239.0;63.9.239.255;40.7128;-74.006
63.9.240.0;63.9.241.255;41.8536;-87.6183
63.9.242.0;63.9.242.255;42.3601;-71.0589
63.9.243.0;63.9.244.255;41.8536;-87.6183
63.9.245.0;63.9.245.255;42.3601;-71.0589
63.9.246.0;63.9.246.255;41.8781;-87.6298
63.9.247.0;63.9.247.255;42.6526;-73.7562
63.9.248.0;63.9.248.255;42.3601;-71.0589
63.9.249.0;63.9.249.255;41.8536;-87.6183
63.9.250.0;63.9.250.255;42.6526;-73.7562
63.9.251.0;63.9.251.255;42.3601;-71.0589
63.9.252.0;63.9.252.255;42.6526;-73.7562
63.9.253.0;63.9.253.255;41.8536;-87.6183
63.9.254.0;63.9.254.255;42.3601;-71.0589
63.9.255.0;63.9.255.255;41.8536;-87.6183
63.10.0.0;63.10.2.255;42.3601;-71.0589
63.10.3.0;63.10.4.255;41.8536;-87.6183
63.10.5.0;63.10.5.255;42.6526;-73.7562
63.10.6.0;63.10.9.255;42.3601;-71.0589
63.10.10.0;63.10.10.255;41.8536;-87.6183
63.10.11.0;63.10.11.255;42.3601;-71.0589
63.10.12.0;63.10.12.255;41.8536;-87.6183
63.10.13.0;63.10.17.255;42.3601;-71.0589
63.10.18.0;63.10.18.255;42.6526;-73.7562
63.10.19.0;63.10.20.255;42.3601;-71.0589
63.10.21.0;63.10.22.255;41.8536;-87.6183
63.10.23.0;63.10.24.255;42.3601;-71.0589
63.10.25.0;63.10.26.255;42.6526;-73.7562
63.10.27.0;63.10.28.255;42.3601;-71.0589
63.10.29.0;63.10.29.255;41.8781;-87.6298
63.10.30.0;63.10.30.255;41.8536;-87.6183
63.10.31.0;63.10.31.255;42.3601;-71.0589
63.10.32.0;63.10.32.255;41.8536;-87.6183
63.10.33.0;63.10.33.255;40.7128;-74.006
63.10.34.0;63.10.34.255;42.3601;-71.0589
63.10.35.0;63.10.35.255;41.8536;-87.6183
63.10.36.0;63.10.38.255;42.6526;-73.7562
63.10.39.0;63.10.39.255;41.8536;-87.6183
63.10.40.0;63.10.42.255;42.3601;-71.0589
63.10.43.0;63.10.43.255;42.6526;-73.7562
63.10.44.0;63.10.45.255;42.3601;-71.0589
63.10.46.0;63.10.46.255;42.6526;-73.7562
63.10.47.0;63.10.50.255;42.3601;-71.0589
63.10.51.0;63.10.51.255;41.8536;-87.6183
63.10.52.0;63.10.53.255;42.6526;-73.7562
63.10.54.0;63.10.54.255;42.3601;-71.0589
63.10.55.0;63.10.55.255;41.8536;-87.6183
63.10.56.0;63.10.56.255;41.8781;-87.6298
63.10.57.0;63.10.57.255;40.7128;-74.006
63.10.58.0;63.10.58.255;42.3601;-71.0589
63.10.59.0;63.10.59.255;40.7128;-74.006
63.10.60.0;63.10.61.255;42.3601;-71.0589
63.10.62.0;63.10.62.255;41.8536;-87.6183
63.10.63.0;63.10.64.255;42.3601;-71.0589
63.10.65.0;63.10.65.255;42.6526;-73.7562
63.10.66.0;63.10.66.255;41.8536;-87.6183
63.10.67.0;63.10.67.255;42.6526;-73.7562
63.10.68.0;63.10.68.255;42.3601;-71.0589
63.10.69.0;63.10.69.255;41.8536;-87.6183
63.10.70.0;63.10.70.255;42.3601;-71.0589
63.10.71.0;63.10.71.255;41.8781;-87.6298
63.10.72.0;63.10.72.255;42.3601;-71.0589
63.10.73.0;63.10.73.255;41.8536;-87.6183
63.10.74.0;63.10.74.255;42.3601;-71.0589
63.10.75.0;63.10.76.255;41.8536;-87.6183
63.10.77.0;63.10.78.255;42.3601;-71.0589
63.10.79.0;63.10.79.255;41.8536;-87.6183
63.10.80.0;63.10.80.255;42.3601;-71.0589
63.10.81.0;63.10.81.255;42.6526;-73.7562
63.10.82.0;63.10.85.255;42.3601;-71.0589
63.10.86.0;63.10.86.255;41.8536;-87.6183
63.10.87.0;63.10.87.255;40.7128;-74.006
63.10.88.0;63.10.89.255;41.8536;-87.6183
63.10.90.0;63.10.90.255;42.3601;-71.0589
63.10.91.0;63.10.91.255;42.6526;-73.7562
63.10.92.0;63.10.94.255;41.8536;-87.6183
63.10.95.0;63.10.95.255;42.6526;-73.7562
63.10.96.0;63.10.97.255;41.8536;-87.6183
63.10.98.0;63.10.99.255;42.3601;-71.0589
63.10.100.0;63.10.100.255;42.6526;-73.7562
63.10.101.0;63.10.102.255;42.3601;-71.0589
63.10.103.0;63.10.103.255;41.8781;-87.6298
63.10.104.0;63.10.105.255;42.3601;-71.0589
63.10.106.0;63.10.106.255;42.6526;-73.7562
63.10.107.0;63.10.108.255;42.3601;-71.0589
63.10.109.0;63.10.109.255;41.8781;-87.6298
63.10.110.0;63.10.110.255;42.3601;-71.0589
63.10.111.0;63.10.111.255;41.8536;-87.6183
63.10.112.0;63.10.112.255;42.3601;-71.0589
63.10.113.0;63.10.113.255;39.0113;-77.4713
63.10.114.0;63.10.115.255;41.8536;-87.6183
63.10.116.0;63.10.116.255;42.3601;-71.0589
63.10.117.0;63.10.117.255;41.8536;-87.6183
63.10.118.0;63.10.118.255;41.8781;-87.6298
63.10.119.0;63.10.119.255;41.8536;-87.6183
63.10.120.0;63.10.120.255;42.6526;-73.7562
63.10.121.0;63.10.121.255;41.8536;-87.6183
63.10.122.0;63.10.122.255;42.6526;-73.7562
63.10.123.0;63.10.127.255;42.3601;-71.0589
63.10.128.0;63.10.128.255;42.6526;-73.7562
63.10.129.0;63.10.129.255;40.7128;-74.006
63.10.130.0;63.10.130.255;41.8781;-87.6298
63.10.131.0;63.10.132.255;42.6526;-73.7562
63.10.133.0;63.10.134.255;41.8536;-87.6183
63.10.135.0;63.10.135.255;42.6526;-73.7562
63.10.136.0;63.10.136.255;42.3601;-71.0589
63.10.137.0;63.10.137.255;41.8536;-87.6183
63.10.138.0;63.10.138.255;42.3601;-71.0589
63.10.139.0;63.10.139.255;41.8536;-87.6183
63.10.140.0;63.10.140.255;41.8781;-87.6298
63.10.141.0;63.10.146.255;42.3601;-71.0589
63.10.147.0;63.10.147.255;42.6526;-73.7562
63.10.148.0;63.10.149.255;42.3601;-71.0589
63.10.150.0;63.10.150.255;42.6526;-73.7562
63.10.151.0;63.10.151.255;40.7128;-74.006
63.10.152.0;63.10.154.255;42.3601;-71.0589
63.10.155.0;63.10.155.255;42.6526;-73.7562
63.10.156.0;63.10.156.255;41.8536;-87.6183
63.10.157.0;63.10.157.255;42.3601;-71.0589
63.10.158.0;63.10.158.255;40.7128;-74.006
63.10.159.0;63.10.160.255;42.3601;-71.0589
63.10.161.0;63.10.161.255;42.6526;-73.7562
63.10.162.0;63.10.164.255;41.8536;-87.6183
63.10.165.0;63.10.165.255;42.3601;-71.0589
63.10.166.0;63.10.166.255;41.8781;-87.6298
63.10.167.0;63.10.167.255;41.8536;-87.6183
63.10.168.0;63.10.168.255;41.8781;-87.6298
63.10.169.0;63.10.169.255;42.3601;-71.0589
63.10.170.0;63.10.170.255;41.8781;-87.6298
63.10.171.0;63.10.171.255;42.6526;-73.7562
63.10.172.0;63.10.173.255;42.3601;-71.0589
63.10.174.0;63.10.174.255;41.8536;-87.6183
63.10.175.0;63.10.175.255;40.7128;-74.006
63.10.176.0;63.10.177.255;41.8536;-87.6183
63.10.178.0;63.10.178.255;42.6526;-73.7562
63.10.179.0;63.10.179.255;42.3601;-71.0589
63.10.180.0;63.10.180.255;41.8536;-87.6183
63.10.181.0;63.10.181.255;42.6526;-73.7562
63.10.182.0;63.10.182.255;41.8536;-87.6183
63.10.183.0;63.10.183.255;42.3601;-71.0589
63.10.184.0;63.10.184.255;41.8536;-87.6183
63.10.185.0;63.10.185.255;42.6526;-73.7562
63.10.186.0;63.10.186.255;41.8781;-87.6298
63.10.187.0;63.10.187.255;42.6526;-73.7562
63.10.188.0;63.10.191.255;42.3601;-71.0589
63.10.192.0;63.10.192.255;41.8536;-87.6183
63.10.193.0;63.10.193.255;42.3601;-71.0589
63.10.194.0;63.10.194.255;42.6526;-73.7562
63.10.195.0;63.10.195.255;41.8536;-87.6183
63.10.196.0;63.10.196.255;42.6526;-73.7562
63.10.197.0;63.10.197.255;41.8536;-87.6183
63.10.198.0;63.10.199.255;42.3601;-71.0589
63.10.200.0;63.10.202.255;42.6526;-73.7562
63.10.203.0;63.10.203.255;41.8536;-87.6183
63.10.204.0;63.10.204.255;42.6526;-73.7562
63.10.205.0;63.10.208.255;41.8536;-87.6183
63.10.209.0;63.10.210.255;42.3601;-71.0589
63.10.211.0;63.10.211.255;41.8536;-87.6183
63.10.212.0;63.10.212.255;42.3601;-71.0589
63.10.213.0;63.10.213.255;42.6526;-73.7562
63.10.214.0;63.10.214.255;42.3601;-71.0589
63.10.215.0;63.10.215.255;41.8536;-87.6183
63.10.216.0;63.10.216.255;42.3601;-71.0589
63.10.217.0;63.10.217.255;40.7128;-74.006
63.10.218.0;63.10.218.255;42.3601;-71.0589
63.10.219.0;63.10.219.255;41.8536;-87.6183
63.10.220.0;63.10.221.255;42.3601;-71.0589
63.10.222.0;63.10.222.255;42.6526;-73.7562
63.10.223.0;63.10.227.255;42.3601;-71.0589
63.10.228.0;63.10.229.255;41.8536;-87.6183
63.10.230.0;63.10.230.255;41.8781;-87.6298
63.10.231.0;63.10.231.255;42.3601;-71.0589
63.10.232.0;63.10.233.255;41.8536;-87.6183
63.10.234.0;63.10.234.255;42.3601;-71.0589
63.10.235.0;63.10.235.255;41.8536;-87.6183
63.10.236.0;63.10.238.255;42.3601;-71.0589
63.10.239.0;63.10.239.255;41.8536;-87.6183
63.10.240.0;63.10.241.255;42.3601;-71.0589
63.10.242.0;63.10.242.255;41.8536;-87.6183
63.10.243.0;63.10.243.255;42.3601;-71.0589
63.10.244.0;63.10.244.255;41.8536;-87.6183
63.10.245.0;63.10.245.255;42.3601;-71.0589
63.10.246.0;63.10.247.255;41.8536;-87.6183
63.10.248.0;63.10.248.255;42.3601;-71.0589
63.10.249.0;63.10.249.255;41.8536;-87.6183
63.10.250.0;63.10.250.255;42.6526;-73.7562
63.10.251.0;63.10.251.255;42.3601;-71.0589
63.10.252.0;63.10.254.255;41.8536;-87.6183
63.10.255.0;63.10.255.255;42.6526;-73.7562
63.11.0.0;63.11.1.255;42.3601;-71.0589
63.11.2.0;63.11.4.255;41.8536;-87.6183
63.11.5.0;63.11.7.255;42.6526;-73.7562
63.11.8.0;63.11.8.255;41.8781;-87.6298
63.11.9.0;63.11.9.255;41.8536;-87.6183
63.11.10.0;63.11.11.255;42.3601;-71.0589
63.11.12.0;63.11.16.255;41.8536;-87.6183
63.11.17.0;63.11.17.255;40.7128;-74.006
63.11.18.0;63.11.18.255;42.3601;-71.0589
63.11.19.0;63.11.19.255;41.8781;-87.6298
63.11.20.0;63.11.20.255;42.6526;-73.7562
63.11.21.0;63.11.24.255;42.3601;-71.0589
63.11.25.0;63.11.26.255;42.6526;-73.7562
63.11.27.0;63.11.27.255;40.7128;-74.006
63.11.28.0;63.11.28.255;42.6526;-73.7562
63.11.29.0;63.11.29.255;42.3601;-71.0589
63.11.30.0;63.11.30.255;41.8536;-87.6183
63.11.31.0;63.11.31.255;42.3601;-71.0589
63.11.32.0;63.11.33.255;42.6526;-73.7562
63.11.34.0;63.11.34.255;40.7128;-74.006
63.11.35.0;63.11.36.255;42.3601;-71.0589
63.11.37.0;63.11.37.255;42.6526;-73.7562
63.11.38.0;63.11.40.255;41.8536;-87.6183
63.11.41.0;63.11.41.255;42.6526;-73.7562
63.11.42.0;63.11.42.255;41.8536;-87.6183
63.11.43.0;63.11.43.255;42.3601;-71.0589
63.11.44.0;63.11.44.255;42.6526;-73.7562
63.11.45.0;63.11.46.255;42.3601;-71.0589
63.11.47.0;63.11.47.255;40.7128;-74.006
63.11.48.0;63.11.49.255;42.3601;-71.0589
63.11.50.0;63.11.50.255;42.6526;-73.7562
63.11.51.0;63.11.51.255;41.8536;-87.6183
63.11.52.0;63.11.52.255;42.3601;-71.0589
63.11.53.0;63.11.53.255;42.6526;-73.7562
63.11.54.0;63.11.55.255;42.3601;-71.0589
63.11.56.0;63.11.56.255;41.8536;-87.6183
63.11.57.0;63.11.57.255;42.6526;-73.7562
63.11.58.0;63.11.58.255;42.3601;-71.0589
63.11.59.0;63.11.60.255;41.8536;-87.6183
63.11.61.0;63.11.61.255;42.3601;-71.0589
63.11.62.0;63.11.62.255;42.6526;-73.7562
63.11.63.0;63.11.63.255;42.3601;-71.0589
63.11.64.0;63.11.64.255;41.8781;-87.6298
63.11.65.0;63.11.66.255;41.8536;-87.6183
63.11.67.0;63.11.67.255;42.6526;-73.7562
63.11.68.0;63.11.68.255;40.7128;-74.006
63.11.69.0;63.11.73.255;41.8536;-87.6183
63.11.74.0;63.11.74.255;42.3601;-71.0589
63.11.75.0;63.11.75.255;41.8781;-87.6298
63.11.76.0;63.11.76.255;41.8536;-87.6183
63.11.77.0;63.11.77.255;42.3601;-71.0589
63.11.78.0;63.11.78.255;41.8536;-87.6183
63.11.79.0;63.11.79.255;42.6526;-73.7562
63.11.80.0;63.11.82.255;42.3601;-71.0589
63.11.83.0;63.11.83.255;42.6526;-73.7562
63.11.84.0;63.11.86.255;42.3601;-71.0589
63.11.87.0;63.11.88.255;41.8536;-87.6183
63.11.89.0;63.11.89.255;41.8781;-87.6298
63.11.90.0;63.11.90.255;41.8536;-87.6183
63.11.91.0;63.11.91.255;42.3601;-71.0589
63.11.92.0;63.11.92.255;40.7128;-74.006
63.11.93.0;63.11.93.255;41.8781;-87.6298
63.11.94.0;63.11.94.255;42.6526;-73.7562
63.11.95.0;63.11.97.255;42.3601;-71.0589
63.11.98.0;63.11.98.255;42.6526;-73.7562
63.11.99.0;63.11.99.255;41.8536;-87.6183
63.11.100.0;63.11.100.255;42.3601;-71.0589
63.11.101.0;63.11.102.255;42.6526;-73.7562
63.11.103.0;63.11.103.255;42.3601;-71.0589
63.11.104.0;63.11.104.255;41.8781;-87.6298
63.11.105.0;63.11.105.255;41.8536;-87.6183
63.11.106.0;63.11.107.255;42.3601;-71.0589
63.11.108.0;63.11.109.255;41.8536;-87.6183
63.11.110.0;63.11.110.255;42.6526;-73.7562
63.11.111.0;63.11.111.255;41.8536;-87.6183
63.11.112.0;63.11.113.255;42.6526;-73.7562
63.11.114.0;63.11.114.255;41.8536;-87.6183
63.11.115.0;63.11.115.255;42.3601;-71.0589
63.11.116.0;63.11.117.255;41.8536;-87.6183
63.11.118.0;63.11.118.255;42.3601;-71.0589
63.11.119.0;63.11.119.255;40.7128;-74.006
63.11.120.0;63.11.121.255;42.3601;-71.0589
63.11.122.0;63.11.122.255;41.8536;-87.6183
63.11.123.0;63.11.123.255;42.3601;-71.0589
63.11.124.0;63.11.124.255;42.6526;-73.7562
63.11.125.0;63.11.125.255;40.7128;-74.006
63.11.126.0;63.11.126.255;41.8536;-87.6183
63.11.127.0;63.11.128.255;42.3601;-71.0589
63.11.129.0;63.11.129.255;42.6526;-73.7562
63.11.130.0;63.11.130.255;42.3601;-71.0589
63.11.131.0;63.11.132.255;41.8536;-87.6183
63.11.133.0;63.11.134.255;42.3601;-71.0589
63.11.135.0;63.11.135.255;41.8536;-87.6183
63.11.136.0;63.11.136.255;42.6526;-73.7562
63.11.137.0;63.11.138.255;42.3601;-71.0589
63.11.139.0;63.11.141.255;41.8536;-87.6183
63.11.142.0;63.11.142.255;42.3601;-71.0589
63.11.143.0;63.11.143.255;41.8536;-87.6183
63.11.144.0;63.11.144.255;42.6526;-73.7562
63.11.145.0;63.11.145.255;42.3601;-71.0589
63.11.146.0;63.11.146.255;41.8536;-87.6183
63.11.147.0;63.11.147.255;42.6526;-73.7562
63.11.148.0;63.11.148.255;42.3601;-71.0589
63.11.149.0;63.11.149.255;42.6526;-73.7562
63.11.150.0;63.11.150.255;41.8536;-87.6183
63.11.151.0;63.11.151.255;42.6526;-73.7562
63.11.152.0;63.11.155.255;42.3601;-71.0589
63.11.156.0;63.11.156.255;42.6526;-73.7562
63.11.157.0;63.11.157.255;41.8536;-87.6183
63.11.158.0;63.11.158.255;41.8781;-87.6298
63.11.159.0;63.11.159.255;41.8536;-87.6183
63.11.160.0;63.11.160.255;41.8781;-87.6298
63.11.161.0;63.11.161.255;41.8536;-87.6183
63.11.162.0;63.11.162.255;41.8781;-87.6298
63.11.163.0;63.11.163.255;41.8536;-87.6183
63.11.164.0;63.11.165.255;42.3601;-71.0589
63.11.166.0;63.11.166.255;42.6526;-73.7562
63.11.167.0;63.11.168.255;42.3601;-71.0589
63.11.169.0;63.11.169.255;41.8536;-87.6183
63.11.170.0;63.11.170.255;42.3601;-71.0589
63.11.171.0;63.11.171.255;40.7128;-74.006
63.11.172.0;63.11.172.255;42.6526;-73.7562
63.11.173.0;63.11.175.255;41.8536;-87.6183
63.11.176.0;63.11.176.255;41.8781;-87.6298
63.11.177.0;63.11.177.255;41.8536;-87.6183
63.11.178.0;63.11.180.255;42.3601;-71.0589
63.11.181.0;63.11.182.255;41.8536;-87.6183
63.11.183.0;63.11.184.255;42.3601;-71.0589
63.11.185.0;63.11.185.255;42.6526;-73.7562
63.11.186.0;63.11.186.255;41.8536;-87.6183
63.11.187.0;63.11.188.255;42.3601;-71.0589
63.11.189.0;63.11.190.255;41.8536;-87.6183
63.11.191.0;63.11.191.255;42.3601;-71.0589
63.11.192.0;63.11.192.255;42.6526;-73.7562
63.11.193.0;63.11.194.255;42.3601;-71.0589
63.11.195.0;63.11.195.255;42.6526;-73.7562
63.11.196.0;63.11.196.255;42.3601;-71.0589
63.11.197.0;63.11.197.255;41.8536;-87.6183
63.11.198.0;63.11.198.255;42.6526;-73.7562
63.11.199.0;63.11.199.255;41.8781;-87.6298
63.11.200.0;63.11.200.255;41.8536;-87.6183
63.11.201.0;63.11.201.255;41.8781;-87.6298
63.11.202.0;63.11.203.255;41.8536;-87.6183
63.11.204.0;63.11.204.255;42.3601;-71.0589
63.11.205.0;63.11.205.255;41.8536;-87.6183
63.11.206.0;63.11.207.255;42.3601;-71.0589
63.11.208.0;63.11.208.255;41.8536;-87.6183
63.11.209.0;63.11.213.255;42.3601;-71.0589
63.11.214.0;63.11.214.255;42.6526;-73.7562
63.11.215.0;63.11.215.255;41.8536;-87.6183
63.11.216.0;63.11.216.255;42.6526;-73.7562
63.11.217.0;63.11.218.255;41.8536;-87.6183
63.11.219.0;63.11.219.255;42.6526;-73.7562
63.11.220.0;63.11.221.255;42.3601;-71.0589
63.11.222.0;63.11.222.255;41.8781;-87.6298
63.11.223.0;63.11.223.255;42.6526;-73.7562
63.11.224.0;63.11.224.255;41.8536;-87.6183
63.11.225.0;63.11.225.255;40.7128;-74.006
63.11.226.0;63.11.226.255;42.3601;-71.0589
63.11.227.0;63.11.227.255;42.6526;-73.7562
63.11.228.0;63.11.230.255;42.3601;-71.0589
63.11.231.0;63.11.234.255;41.8536;-87.6183
63.11.235.0;63.11.238.255;42.3601;-71.0589
63.11.239.0;63.11.240.255;41.8536;-87.6183
63.11.241.0;63.11.241.255;42.3601;-71.0589
63.11.242.0;63.11.243.255;41.8536;-87.6183
63.11.244.0;63.11.244.255;41.8781;-87.6298
63.11.245.0;63.11.245.255;42.3601;-71.0589
63.11.246.0;63.11.246.255;41.8536;-87.6183
63.11.247.0;63.11.247.255;42.3601;-71.0589
63.11.248.0;63.11.248.255;41.8536;-87.6183
63.11.249.0;63.11.249.255;42.6526;-73.7562
63.11.250.0;63.11.252.255;42.3601;-71.0589
63.11.253.0;63.11.253.255;41.8536;-87.6183
63.11.254.0;63.11.254.255;42.3601;-71.0589
63.11.255.0;63.11.255.255;42.6526;-73.7562
63.12.0.0;63.12.2.255;42.3601;-71.0589
63.12.3.0;63.12.3.255;41.8536;-87.6183
63.12.4.0;63.12.4.255;42.3601;-71.0589
63.12.5.0;63.12.5.255;41.8536;-87.6183
63.12.6.0;63.12.6.255;42.3601;-71.0589
63.12.7.0;63.12.8.255;41.8536;-87.6183
63.12.9.0;63.12.9.255;42.3601;-71.0589
63.12.10.0;63.12.10.255;41.8536;-87.6183
63.12.11.0;63.12.11.255;42.3601;-71.0589
63.12.12.0;63.12.13.255;41.8536;-87.6183
63.12.14.0;63.12.14.255;42.3601;-71.0589
63.12.15.0;63.12.17.255;41.8536;-87.6183
63.12.18.0;63.12.20.255;42.3601;-71.0589
63.12.21.0;63.12.21.255;41.8536;-87.6183
63.12.22.0;63.12.23.255;41.8781;-87.6298
63.12.24.0;63.12.25.255;41.8536;-87.6183
63.12.26.0;63.12.27.255;42.3601;-71.0589
63.12.28.0;63.12.29.255;41.8536;-87.6183
63.12.30.0;63.12.30.255;42.6526;-73.7562
63.12.31.0;63.12.31.255;41.8536;-87.6183
63.12.32.0;63.12.32.255;42.3601;-71.0589
63.12.33.0;63.12.33.255;41.8536;-87.6183
63.12.34.0;63.12.36.255;42.3601;-71.0589
63.12.37.0;63.12.37.255;41.8536;-87.6183
63.12.38.0;63.12.42.255;42.3601;-71.0589
63.12.43.0;63.12.43.255;42.6526;-73.7562
63.12.44.0;63.12.45.255;41.8536;-87.6183
63.12.46.0;63.12.46.255;42.6526;-73.7562
63.12.47.0;63.12.49.255;41.8536;-87.6183
63.12.50.0;63.12.50.255;42.3601;-71.0589
63.12.51.0;63.12.51.255;41.8536;-87.6183
63.12.52.0;63.12.52.255;42.6526;-73.7562
63.12.53.0;63.12.55.255;42.3601;-71.0589
63.12.56.0;63.12.56.255;41.8536;-87.6183
63.12.57.0;63.12.57.255;42.6526;-73.7562
63.12.58.0;63.12.58.255;41.8781;-87.6298
63.12.59.0;63.12.59.255;42.3601;-71.0589
63.12.60.0;63.12.61.255;41.8536;-87.6183
63.12.62.0;63.12.63.255;42.3601;-71.0589
63.12.64.0;63.12.64.255;42.6526;-73.7562
63.12.65.0;63.12.65.255;41.8536;-87.6183
63.12.66.0;63.12.66.255;42.3601;-71.0589
63.12.67.0;63.12.67.255;42.6526;-73.7562
63.12.68.0;63.12.68.255;41.8536;-87.6183
63.12.69.0;63.12.69.255;42.6526;-73.7562
63.12.70.0;63.12.70.255;42.3601;-71.0589
63.12.71.0;63.12.71.255;40.7128;-74.006
63.12.72.0;63.12.72.255;41.8781;-87.6298
63.12.73.0;63.12.73.255;42.3601;-71.0589
63.12.74.0;63.12.74.255;40.7128;-74.006
63.12.75.0;63.12.75.255;42.3601;-71.0589
63.12.76.0;63.12.76.255;42.6526;-73.7562
63.12.77.0;63.12.77.255;41.8536;-87.6183
63.12.78.0;63.12.78.255;42.6526;-73.7562
63.12.79.0;63.12.79.255;41.8536;-87.6183
63.12.80.0;63.12.80.255;42.3601;-71.0589
63.12.81.0;63.12.81.255;41.8536;-87.6183
63.12.82.0;63.12.82.255;42.6526;-73.7562
63.12.83.0;63.12.84.255;41.8536;-87.6183
63.12.85.0;63.12.85.255;42.3601;-71.0589
63.12.86.0;63.12.87.255;41.8536;-87.6183
63.12.88.0;63.12.88.255;42.3601;-71.0589
63.12.89.0;63.12.89.255;41.8536;-87.6183
63.12.90.0;63.12.90.255;42.6526;-73.7562
63.12.91.0;63.12.94.255;41.8536;-87.6183
63.12.95.0;63.12.95.255;42.3601;-71.0589
63.12.96.0;63.12.96.255;40.7128;-74.006
63.12.97.0;63.12.97.255;42.6526;-73.7562
63.12.98.0;63.12.98.255;41.8781;-87.6298
63.12.99.0;63.12.99.255;42.6526;-73.7562
63.12.100.0;63.12.102.255;41.8536;-87.6183
63.12.103.0;63.12.103.255;42.3601;-71.0589
63.12.104.0;63.12.104.255;41.8536;-87.6183
63.12.105.0;63.12.106.255;42.6526;-73.7562
63.12.107.0;63.12.107.255;41.8536;-87.6183
63.12.108.0;63.12.108.255;42.6526;-73.7562
63.12.109.0;63.12.110.255;41.8536;-87.6183
63.12.111.0;63.12.111.255;41.8781;-87.6298
63.12.112.0;63.12.113.255;42.3601;-71.0589
63.12.114.0;63.12.114.255;41.8536;-87.6183
63.12.115.0;63.12.115.255;40.7128;-74.006
63.12.116.0;63.12.116.255;41.8536;-87.6183
63.12.117.0;63.12.117.255;42.3601;-71.0589
63.12.118.0;63.12.118.255;41.8536;-87.6183
63.12.119.0;63.12.119.255;42.3601;-71.0589
63.12.120.0;63.12.120.255;42.6526;-73.7562
63.12.121.0;63.12.121.255;41.8781;-87.6298
63.12.122.0;63.12.123.255;42.3601;-71.0589
63.12.124.0;63.12.124.255;42.6526;-73.7562
63.12.125.0;63.12.126.255;42.3601;-71.0589
63.12.127.0;63.12.127.255;40.7128;-74.006
63.12.128.0;63.12.128.255;42.6526;-73.7562
63.12.129.0;63.12.129.255;41.8781;-87.6298
63.12.130.0;63.12.131.255;41.8536;-87.6183
63.12.132.0;63.12.132.255;42.6526;-73.7562
63.12.133.0;63.12.133.255;40.7128;-74.006
63.12.134.0;63.12.136.255;42.3601;-71.0589
63.12.137.0;63.12.137.255;42.6526;-73.7562
63.12.138.0;63.12.140.255;41.8536;-87.6183
63.12.141.0;63.12.141.255;42.3601;-71.0589
63.12.142.0;63.12.144.255;41.8536;-87.6183
63.12.145.0;63.12.145.255;42.3601;-71.0589
63.12.146.0;63.12.146.255;42.6526;-73.7562
63.12.147.0;63.12.148.255;41.8536;-87.6183
63.12.149.0;63.12.149.255;42.3601;-71.0589
63.12.150.0;63.12.151.255;42.6526;-73.7562
63.12.152.0;63.12.152.255;42.3601;-71.0589
63.12.153.0;63.12.154.255;41.8536;-87.6183
63.12.155.0;63.12.157.255;42.3601;-71.0589
63.12.158.0;63.12.158.255;41.8536;-87.6183
63.12.159.0;63.12.159.255;42.3601;-71.0589
63.12.160.0;63.12.161.255;41.8536;-87.6183
63.12.162.0;63.12.163.255;42.3601;-71.0589
63.12.164.0;63.12.164.255;42.6526;-73.7562
63.12.165.0;63.12.165.255;42.3601;-71.0589
63.12.166.0;63.12.167.255;42.6526;-73.7562
63.12.168.0;63.12.168.255;41.8536;-87.6183
63.12.169.0;63.12.169.255;42.6526;-73.7562
63.12.170.0;63.12.170.255;41.8536;-87.6183
63.12.171.0;63.12.171.255;42.6526;-73.7562
63.12.172.0;63.12.172.255;41.8536;-87.6183
63.12.173.0;63.12.173.255;42.6526;-73.7562
63.12.174.0;63.12.176.255;42.3601;-71.0589
63.12.177.0;63.12.177.255;41.8536;-87.6183
63.12.178.0;63.12.178.255;42.3601;-71.0589
63.12.179.0;63.12.179.255;41.8536;-87.6183
63.12.180.0;63.12.180.255;42.6526;-73.7562
63.12.181.0;63.12.181.255;40.7128;-74.006
63.12.182.0;63.12.182.255;41.8781;-87.6298
63.12.183.0;63.12.184.255;42.3601;-71.0589
63.12.185.0;63.12.185.255;42.6526;-73.7562
63.12.186.0;63.12.187.255;41.8781;-87.6298
63.12.188.0;63.12.188.255;42.6526;-73.7562
63.12.189.0;63.12.189.255;41.8781;-87.6298
63.12.190.0;63.12.190.255;41.8536;-87.6183
63.12.191.0;63.12.191.255;42.6526;-73.7562
63.12.192.0;63.12.194.255;41.8536;-87.6183
63.12.195.0;63.12.195.255;42.6526;-73.7562
63.12.196.0;63.12.196.255;42.3601;-71.0589
63.12.197.0;63.12.198.255;41.8536;-87.6183
63.12.199.0;63.12.200.255;42.3601;-71.0589
63.12.201.0;63.12.201.255;42.6526;-73.7562
63.12.202.0;63.12.202.255;41.8536;-87.6183
63.12.203.0;63.12.203.255;42.6526;-73.7562
63.12.204.0;63.12.204.255;41.8536;-87.6183
63.12.205.0;63.12.205.255;41.8781;-87.6298
63.12.206.0;63.12.206.255;41.8536;-87.6183
63.12.207.0;63.12.208.255;42.3601;-71.0589
63.12.209.0;63.12.209.255;40.7128;-74.006
63.12.210.0;63.12.210.255;42.6526;-73.7562
63.12.211.0;63.12.213.255;41.8536;-87.6183
63.12.214.0;63.12.214.255;42.3601;-71.0589
63.12.215.0;63.12.215.255;41.8536;-87.6183
63.12.216.0;63.12.216.255;40.7128;-74.006
63.12.217.0;63.12.217.255;42.3601;-71.0589
63.12.218.0;63.12.218.255;42.6526;-73.7562
63.12.219.0;63.12.219.255;42.3601;-71.0589
63.12.220.0;63.12.220.255;42.6526;-73.7562
63.12.221.0;63.12.221.255;41.8536;-87.6183
63.12.222.0;63.12.222.255;41.8781;-87.6298
63.12.223.0;63.12.223.255;42.3601;-71.0589
63.12.224.0;63.12.224.255;41.8536;-87.6183
63.12.225.0;63.12.225.255;42.6526;-73.7562
63.12.226.0;63.12.228.255;42.3601;-71.0589
63.12.229.0;63.12.229.255;42.6526;-73.7562
63.12.230.0;63.12.230.255;41.8536;-87.6183
63.12.231.0;63.12.231.255;42.3601;-71.0589
63.12.232.0;63.12.234.255;41.8536;-87.6183
63.12.235.0;63.12.235.255;42.6526;-73.7562
63.12.236.0;63.12.236.255;42.3601;-71.0589
63.12.237.0;63.12.237.255;41.8781;-87.6298
63.12.238.0;63.12.238.255;42.6526;-73.7562
63.12.239.0;63.12.240.255;41.8536;-87.6183
63.12.241.0;63.12.244.255;42.3601;-71.0589
63.12.245.0;63.12.245.255;41.8536;-87.6183
63.12.246.0;63.12.246.255;42.3601;-71.0589
63.12.247.0;63.12.248.255;41.8536;-87.6183
63.12.249.0;63.12.249.255;40.7128;-74.006
63.12.250.0;63.12.251.255;41.8781;-87.6298
63.12.252.0;63.12.252.255;41.8536;-87.6183
63.12.253.0;63.12.253.255;42.3601;-71.0589
63.12.254.0;63.13.1.255;41.8536;-87.6183
63.13.2.0;63.13.2.255;42.3601;-71.0589
63.13.3.0;63.13.3.255;42.6526;-73.7562
63.13.4.0;63.13.4.255;41.8536;-87.6183
63.13.5.0;63.13.5.255;40.7128;-74.006
63.13.6.0;63.13.7.255;41.8536;-87.6183
63.13.8.0;63.13.8.255;42.6526;-73.7562
63.13.9.0;63.13.10.255;42.3601;-71.0589
63.13.11.0;63.13.11.255;40.7128;-74.006
63.13.12.0;63.13.12.255;41.8536;-87.6183
63.13.13.0;63.13.13.255;42.3601;-71.0589
63.13.14.0;63.13.14.255;42.6526;-73.7562
63.13.15.0;63.13.15.255;41.8536;-87.6183
63.13.16.0;63.13.16.255;42.6526;-73.7562
63.13.17.0;63.13.17.255;42.3601;-71.0589
63.13.18.0;63.13.18.255;42.6526;-73.7562
63.13.19.0;63.13.19.255;41.8781;-87.6298
63.13.20.0;63.13.22.255;42.3601;-71.0589
63.13.23.0;63.13.23.255;41.8536;-87.6183
63.13.24.0;63.13.24.255;42.6526;-73.7562
63.13.25.0;63.13.25.255;40.7128;-74.006
63.13.26.0;63.13.26.255;41.8536;-87.6183
63.13.27.0;63.13.27.255;42.3601;-71.0589
63.13.28.0;63.13.28.255;41.8536;-87.6183
63.13.29.0;63.13.30.255;42.3601;-71.0589
63.13.31.0;63.13.31.255;41.8781;-87.6298
63.13.32.0;63.13.33.255;42.3601;-71.0589
63.13.34.0;63.13.34.255;41.8536;-87.6183
63.13.35.0;63.13.35.255;42.6526;-73.7562
63.13.36.0;63.13.36.255;42.3601;-71.0589
63.13.37.0;63.13.38.255;41.8536;-87.6183
63.13.39.0;63.13.39.255;42.3601;-71.0589
63.13.40.0;63.13.43.255;41.8536;-87.6183
63.13.44.0;63.13.44.255;42.6526;-73.7562
63.13.45.0;63.13.45.255;41.8536;-87.6183
63.13.46.0;63.13.46.255;42.3601;-71.0589
63.13.47.0;63.13.47.255;41.8536;-87.6183
63.13.48.0;63.13.48.255;41.8781;-87.6298
63.13.49.0;63.13.50.255;41.8536;-87.6183
63.13.51.0;63.13.51.255;42.3601;-71.0589
63.13.52.0;63.13.52.255;41.8536;-87.6183
63.13.53.0;63.13.54.255;42.3601;-71.0589
63.13.55.0;63.13.55.255;41.8536;-87.6183
63.13.56.0;63.13.56.255;42.3601;-71.0589
63.13.57.0;63.13.57.255;42.6526;-73.7562
63.13.58.0;63.13.58.255;42.3601;-71.0589
63.13.59.0;63.13.59.255;41.8536;-87.6183
63.13.60.0;63.13.60.255;40.7128;-74.006
63.13.61.0;63.13.62.255;42.3601;-71.0589
63.13.63.0;63.13.64.255;41.8536;-87.6183
63.13.65.0;63.13.65.255;42.3601;-71.0589
63.13.66.0;63.13.66.255;41.8536;-87.6183
63.13.67.0;63.13.67.255;42.3601;-71.0589
63.13.68.0;63.13.68.255;41.8536;-87.6183
63.13.69.0;63.13.69.255;42.6526;-73.7562
63.13.70.0;63.13.70.255;42.3601;-71.0589
63.13.71.0;63.13.71.255;42.6526;-73.7562
63.13.72.0;63.13.73.255;41.8536;-87.6183
63.13.74.0;63.13.76.255;42.3601;-71.0589
63.13.77.0;63.13.78.255;41.8536;-87.6183
63.13.79.0;63.13.81.255;42.3601;-71.0589
63.13.82.0;63.13.82.255;41.8536;-87.6183
63.13.83.0;63.13.83.255;42.3601;-71.0589
63.13.84.0;63.13.84.255;41.8536;-87.6183
63.13.85.0;63.13.85.255;42.6526;-73.7562
63.13.86.0;63.13.86.255;42.3601;-71.0589
63.13.87.0;63.13.90.255;42.6526;-73.7562
63.13.91.0;63.13.95.255;42.3601;-71.0589
63.13.96.0;63.13.96.255;42.6526;-73.7562
63.13.97.0;63.13.97.255;41.8536;-87.6183
63.13.98.0;63.13.100.255;42.3601;-71.0589
63.13.101.0;63.13.101.255;42.6526;-73.7562
63.13.102.0;63.13.102.255;42.3601;-71.0589
63.13.103.0;63.13.103.255;41.8536;-87.6183
63.13.104.0;63.13.104.255;42.6526;-73.7562
63.13.105.0;63.13.105.255;40.7128;-74.006
63.13.106.0;63.13.109.255;42.6526;-73.7562
63.13.110.0;63.13.112.255;42.3601;-71.0589
63.13.113.0;63.13.113.255;42.6526;-73.7562
63.13.114.0;63.13.116.255;42.3601;-71.0589
63.13.117.0;63.13.117.255;41.8536;-87.6183
63.13.118.0;63.13.118.255;41.8781;-87.6298
63.13.119.0;63.13.119.255;41.8536;-87.6183
63.13.120.0;63.13.120.255;42.3601;-71.0589
63.13.121.0;63.13.122.255;42.6526;-73.7562
63.13.123.0;63.13.127.255;42.3601;-71.0589
63.13.128.0;63.13.128.255;42.6526;-73.7562
63.13.129.0;63.13.133.255;42.3601;-71.0589
63.13.134.0;63.13.134.255;41.8536;-87.6183
63.13.135.0;63.13.135.255;42.6526;-73.7562
63.13.136.0;63.13.136.255;41.8536;-87.6183
63.13.137.0;63.13.137.255;42.3601;-71.0589
63.13.138.0;63.13.138.255;41.8781;-87.6298
63.13.139.0;63.13.139.255;40.7128;-74.006
63.13.140.0;63.13.140.255;42.3601;-71.0589
63.13.141.0;63.13.141.255;42.6526;-73.7562
63.13.142.0;63.13.142.255;42.3601;-71.0589
63.13.143.0;63.13.143.255;41.8536;-87.6183
63.13.144.0;63.13.144.255;42.6526;-73.7562
63.13.145.0;63.13.145.255;41.8781;-87.6298
63.13.146.0;63.13.146.255;42.3601;-71.0589
63.13.147.0;63.13.147.255;41.8536;-87.6183
63.13.148.0;63.13.150.255;42.3601;-71.0589
63.13.151.0;63.13.151.255;42.6526;-73.7562
63.13.152.0;63.13.152.255;42.3601;-71.0589
63.13.153.0;63.13.153.255;41.8536;-87.6183
63.13.154.0;63.13.154.255;42.3601;-71.0589
63.13.155.0;63.13.155.255;41.8536;-87.6183
63.13.156.0;63.13.156.255;42.3601;-71.0589
63.13.157.0;63.13.157.255;41.8536;-87.6183
63.13.158.0;63.13.159.255;42.3601;-71.0589
63.13.160.0;63.13.160.255;42.6526;-73.7562
63.13.161.0;63.13.162.255;41.8781;-87.6298
63.13.163.0;63.13.163.255;40.7128;-74.006
63.13.164.0;63.13.164.255;41.8781;-87.6298
63.13.165.0;63.13.165.255;42.6526;-73.7562
63.13.166.0;63.13.166.255;42.3601;-71.0589
63.13.167.0;63.13.169.255;41.8536;-87.6183
63.13.170.0;63.13.170.255;42.3601;-71.0589
63.13.171.0;63.13.171.255;41.8536;-87.6183
63.13.172.0;63.13.176.255;42.3601;-71.0589
63.13.177.0;63.13.180.255;41.8536;-87.6183
63.13.181.0;63.13.181.255;42.3601;-71.0589
63.13.182.0;63.13.182.255;41.8536;-87.6183
63.13.183.0;63.13.183.255;42.3601;-71.0589
63.13.184.0;63.13.185.255;41.8536;-87.6183
63.13.186.0;63.13.187.255;42.3601;-71.0589
63.13.188.0;63.13.188.255;42.6526;-73.7562
63.13.189.0;63.13.193.255;42.3601;-71.0589
63.13.194.0;63.13.194.255;42.6526;-73.7562
63.13.195.0;63.13.195.255;42.3601;-71.0589
63.13.196.0;63.13.196.255;42.6526;-73.7562
63.13.197.0;63.13.197.255;40.7128;-74.006
63.13.198.0;63.13.198.255;41.8536;-87.6183
63.13.199.0;63.13.199.255;42.6526;-73.7562
63.13.200.0;63.13.200.255;42.3601;-71.0589
63.13.201.0;63.13.203.255;41.8536;-87.6183
63.13.204.0;63.13.205.255;42.3601;-71.0589
63.13.206.0;63.13.206.255;41.8536;-87.6183
63.13.207.0;63.13.207.255;42.3601;-71.0589
63.13.208.0;63.13.208.255;42.6526;-73.7562
63.13.209.0;63.13.209.255;41.8536;-87.6183
63.13.210.0;63.13.210.255;42.3601;-71.0589
63.13.211.0;63.13.211.255;41.8536;-87.6183
63.13.212.0;63.13.213.255;42.3601;-71.0589
63.13.214.0;63.13.214.255;42.6526;-73.7562
63.13.215.0;63.13.216.255;41.8536;-87.6183
63.13.217.0;63.13.217.255;42.3601;-71.0589
63.13.218.0;63.13.218.255;40.7128;-74.006
63.13.219.0;63.13.219.255;42.3601;-71.0589
63.13.220.0;63.13.220.255;42.6526;-73.7562
63.13.221.0;63.13.221.255;41.8536;-87.6183
63.13.222.0;63.13.222.255;42.3601;-71.0589
63.13.223.0;63.13.224.255;41.8536;-87.6183
63.13.225.0;63.13.228.255;42.3601;-71.0589
63.13.229.0;63.13.231.255;41.8536;-87.6183
63.13.232.0;63.13.232.255;42.3601;-71.0589
63.13.233.0;63.13.233.255;40.7128;-74.006
63.13.234.0;63.13.234.255;41.8536;-87.6183
63.13.235.0;63.13.236.255;42.3601;-71.0589
63.13.237.0;63.13.237.255;41.8536;-87.6183
63.13.238.0;63.13.239.255;42.3601;-71.0589
63.13.240.0;63.13.240.255;40.7128;-74.006
63.13.241.0;63.13.242.255;42.3601;-71.0589
63.13.243.0;63.13.243.255;40.7128;-74.006
63.13.244.0;63.13.246.255;42.3601;-71.0589
63.13.247.0;63.13.247.255;41.8536;-87.6183
63.13.248.0;63.13.248.255;42.3601;-71.0589
63.13.249.0;63.13.250.255;41.8536;-87.6183
63.13.251.0;63.13.252.255;42.3601;-71.0589
63.13.253.0;63.13.255.255;41.8536;-87.6183
63.14.0.0;63.14.0.255;41.8781;-87.6298
63.14.1.0;63.14.1.255;42.3601;-71.0589
63.14.2.0;63.14.3.255;41.8536;-87.6183
63.14.4.0;63.14.6.255;42.3601;-71.0589
63.14.7.0;63.14.7.255;41.8781;-87.6298
63.14.8.0;63.14.8.255;42.3601;-71.0589
63.14.9.0;63.14.9.255;41.8536;-87.6183
63.14.10.0;63.14.10.255;42.6526;-73.7562
63.14.11.0;63.14.11.255;41.8536;-87.6183
63.14.12.0;63.14.12.255;41.8781;-87.6298
63.14.13.0;63.14.15.255;41.8536;-87.6183
63.14.16.0;63.14.16.255;42.3601;-71.0589
63.14.17.0;63.14.17.255;41.8536;-87.6183
63.14.18.0;63.14.19.255;42.3601;-71.0589
63.14.20.0;63.14.21.255;41.8536;-87.6183
63.14.22.0;63.14.22.255;40.7128;-74.006
63.14.23.0;63.14.23.255;42.3601;-71.0589
63.14.24.0;63.14.25.255;41.8536;-87.6183
63.14.26.0;63.14.26.255;41.8781;-87.6298
63.14.27.0;63.14.27.255;41.8536;-87.6183
63.14.28.0;63.14.28.255;42.6526;-73.7562
63.14.29.0;63.14.29.255;41.8536;-87.6183
63.14.30.0;63.14.30.255;42.6526;-73.7562
63.14.31.0;63.14.31.255;42.3601;-71.0589
63.14.32.0;63.14.32.255;42.6526;-73.7562
63.14.33.0;63.14.33.255;40.7128;-74.006
63.14.34.0;63.14.34.255;42.3601;-71.0589
63.14.35.0;63.14.36.255;41.8536;-87.6183
63.14.37.0;63.14.37.255;42.6526;-73.7562
63.14.38.0;63.14.38.255;41.8536;-87.6183
63.14.39.0;63.14.39.255;42.3601;-71.0589
63.14.40.0;63.14.40.255;42.6526;-73.7562
63.14.41.0;63.14.41.255;40.7128;-74.006
63.14.42.0;63.14.42.255;42.3601;-71.0589
63.14.43.0;63.14.43.255;41.8536;-87.6183
63.14.44.0;63.14.47.255;42.3601;-71.0589
63.14.48.0;63.14.48.255;41.8536;-87.6183
63.14.49.0;63.14.49.255;42.3601;-71.0589
63.14.50.0;63.14.50.255;42.6526;-73.7562
63.14.51.0;63.14.51.255;40.7128;-74.006
63.14.52.0;63.14.52.255;41.8536;-87.6183
63.14.53.0;63.14.53.255;42.3601;-71.0589
63.14.54.0;63.14.54.255;42.6526;-73.7562
63.14.55.0;63.14.55.255;42.3601;-71.0589
63.14.56.0;63.14.56.255;40.7128;-74.006
63.14.57.0;63.14.57.255;41.8536;-87.6183
63.14.58.0;63.14.58.255;42.3601;-71.0589
63.14.59.0;63.14.59.255;41.8536;-87.6183
63.14.60.0;63.14.61.255;42.6526;-73.7562
63.14.62.0;63.14.62.255;41.8536;-87.6183
63.14.63.0;63.14.63.255;42.3601;-71.0589
63.14.64.0;63.14.64.255;41.8536;-87.6183
63.14.65.0;63.14.66.255;42.6526;-73.7562
63.14.67.0;63.14.67.255;42.3601;-71.0589
63.14.68.0;63.14.68.255;41.8536;-87.6183
63.14.69.0;63.14.69.255;42.6526;-73.7562
63.14.70.0;63.14.70.255;41.8536;-87.6183
63.14.71.0;63.14.73.255;42.3601;-71.0589
63.14.74.0;63.14.76.255;41.8536;-87.6183
63.14.77.0;63.14.77.255;42.6526;-73.7562
63.14.78.0;63.14.78.255;42.3601;-71.0589
63.14.79.0;63.14.82.255;41.8536;-87.6183
63.14.83.0;63.14.83.255;42.3601;-71.0589
63.14.84.0;63.14.86.255;41.8536;-87.6183
63.14.87.0;63.14.87.255;42.3601;-71.0589
63.14.88.0;63.14.88.255;40.7128;-74.006
63.14.89.0;63.14.90.255;42.3601;-71.0589
63.14.91.0;63.14.92.255;42.6526;-73.7562
63.14.93.0;63.14.93.255;42.3601;-71.0589
63.14.94.0;63.14.94.255;41.8536;-87.6183
63.14.95.0;63.14.97.255;42.3601;-71.0589
63.14.98.0;63.14.98.255;42.6526;-73.7562
63.14.99.0;63.14.99.255;41.8536;-87.6183
63.14.100.0;63.14.104.255;42.3601;-71.0589
63.14.105.0;63.14.107.255;42.6526;-73.7562
63.14.108.0;63.14.108.255;41.8781;-87.6298
63.14.109.0;63.14.110.255;42.6526;-73.7562
63.14.111.0;63.14.111.255;41.8536;-87.6183
63.14.112.0;63.14.112.255;42.3601;-71.0589
63.14.113.0;63.14.113.255;41.8781;-87.6298
63.14.114.0;63.14.117.255;42.3601;-71.0589
63.14.118.0;63.14.119.255;41.8536;-87.6183
63.14.120.0;63.14.120.255;42.6526;-73.7562
63.14.121.0;63.14.121.255;41.8536;-87.6183
63.14.122.0;63.14.122.255;42.6526;-73.7562
63.14.123.0;63.14.123.255;41.8536;-87.6183
63.14.124.0;63.14.124.255;42.6526;-73.7562
63.14.125.0;63.14.126.255;42.3601;-71.0589
63.14.127.0;63.14.128.255;41.8536;-87.6183
63.14.129.0;63.14.130.255;42.3601;-71.0589
63.14.131.0;63.14.131.255;41.8536;-87.6183
63.14.132.0;63.14.133.255;42.3601;-71.0589
63.14.134.0;63.14.135.255;41.8536;-87.6183
63.14.136.0;63.14.136.255;42.3601;-71.0589
63.14.137.0;63.14.137.255;42.6526;-73.7562
63.14.138.0;63.14.138.255;41.8781;-87.6298
63.14.139.0;63.14.139.255;42.6526;-73.7562
63.14.140.0;63.14.140.255;42.3601;-71.0589
63.14.141.0;63.14.141.255;41.8781;-87.6298
63.14.142.0;63.14.142.255;41.8536;-87.6183
63.14.143.0;63.14.144.255;42.6526;-73.7562
63.14.145.0;63.14.145.255;41.8536;-87.6183
63.14.146.0;63.14.146.255;42.3601;-71.0589
63.14.147.0;63.14.147.255;41.8536;-87.6183
63.14.148.0;63.14.148.255;42.3601;-71.0589
63.14.149.0;63.14.149.255;41.8536;-87.6183
63.14.150.0;63.14.150.255;42.3601;-71.0589
63.14.151.0;63.14.151.255;40.7128;-74.006
63.14.152.0;63.14.152.255;42.3601;-71.0589
63.14.153.0;63.14.154.255;41.8536;-87.6183
63.14.155.0;63.14.155.255;42.6526;-73.7562
63.14.156.0;63.14.156.255;41.8536;-87.6183
63.14.157.0;63.14.157.255;42.3601;-71.0589
63.14.158.0;63.14.158.255;41.8536;-87.6183
63.14.159.0;63.14.159.255;42.6526;-73.7562
63.14.160.0;63.14.160.255;41.8536;-87.6183
63.14.161.0;63.14.163.255;42.3601;-71.0589
63.14.164.0;63.14.164.255;40.7128;-74.006
63.14.165.0;63.14.165.255;42.6526;-73.7562
63.14.166.0;63.14.167.255;42.3601;-71.0589
63.14.168.0;63.14.168.255;41.8781;-87.6298
63.14.169.0;63.14.170.255;41.8536;-87.6183
63.14.171.0;63.14.172.255;42.3601;-71.0589
63.14.173.0;63.14.173.255;42.6526;-73.7562
63.14.174.0;63.14.174.255;40.7128;-74.006
63.14.175.0;63.14.175.255;42.6526;-73.7562
63.14.176.0;63.14.177.255;42.3601;-71.0589
63.14.178.0;63.14.179.255;41.8536;-87.6183
63.14.180.0;63.14.180.255;42.3601;-71.0589
63.14.181.0;63.14.181.255;41.8536;-87.6183
63.14.182.0;63.14.182.255;42.3601;-71.0589
63.14.183.0;63.14.183.255;41.8536;-87.6183
63.14.184.0;63.14.184.255;42.6526;-73.7562
63.14.185.0;63.14.186.255;42.3601;-71.0589
63.14.187.0;63.14.187.255;41.8536;-87.6183
63.14.188.0;63.14.188.255;42.3601;-71.0589
63.14.189.0;63.14.190.255;40.7128;-74.006
63.14.191.0;63.14.191.255;41.8536;-87.6183
63.14.192.0;63.14.192.255;42.6526;-73.7562
63.14.193.0;63.14.194.255;41.8536;-87.6183
63.14.195.0;63.14.196.255;42.6526;-73.7562
63.14.197.0;63.14.197.255;42.3601;-71.0589
63.14.198.0;63.14.198.255;41.8536;-87.6183
63.14.199.0;63.14.199.255;42.6526;-73.7562
63.14.200.0;63.14.200.255;41.8536;-87.6183
63.14.201.0;63.14.201.255;42.3601;-71.0589
63.14.202.0;63.14.203.255;42.6526;-73.7562
63.14.204.0;63.14.204.255;41.8781;-87.6298
63.14.205.0;63.14.205.255;41.8536;-87.6183
63.14.206.0;63.14.206.255;42.6526;-73.7562
63.14.207.0;63.14.207.255;42.3601;-71.0589
63.14.208.0;63.14.208.255;41.8781;-87.6298
63.14.209.0;63.14.209.255;41.8536;-87.6183
63.14.210.0;63.14.210.255;42.3601;-71.0589
63.14.211.0;63.14.211.255;41.8781;-87.6298
63.14.212.0;63.14.212.255;42.6526;-73.7562
63.14.213.0;63.14.213.255;41.8536;-87.6183
63.14.214.0;63.14.214.255;42.6526;-73.7562
63.14.215.0;63.14.215.255;39.0113;-77.4713
63.14.216.0;63.14.216.255;41.8781;-87.6298
63.14.217.0;63.14.217.255;42.3601;-71.0589
63.14.218.0;63.14.218.255;42.6526;-73.7562
63.14.219.0;63.14.219.255;42.3601;-71.0589
63.14.220.0;63.14.220.255;42.6526;-73.7562
63.14.221.0;63.14.221.255;41.8536;-87.6183
63.14.222.0;63.14.222.255;40.7128;-74.006
63.14.223.0;63.14.223.255;42.3601;-71.0589
63.14.224.0;63.14.225.255;41.8536;-87.6183
63.14.226.0;63.14.226.255;42.3601;-71.0589
63.14.227.0;63.14.228.255;41.8536;-87.6183
63.14.229.0;63.14.229.255;41.8781;-87.6298
63.14.230.0;63.14.230.255;42.3601;-71.0589
63.14.231.0;63.14.231.255;41.8536;-87.6183
63.14.232.0;63.14.232.255;42.3601;-71.0589
63.14.233.0;63.14.233.255;42.6526;-73.7562
63.14.234.0;63.14.234.255;40.7128;-74.006
63.14.235.0;63.14.237.255;42.3601;-71.0589
63.14.238.0;63.14.238.255;41.8781;-87.6298
63.14.239.0;63.14.240.255;42.6526;-73.7562
63.14.241.0;63.14.241.255;42.3601;-71.0589
63.14.242.0;63.14.242.255;42.6526;-73.7562
63.14.243.0;63.14.244.255;41.8536;-87.6183
63.14.245.0;63.14.248.255;42.3601;-71.0589
63.14.249.0;63.14.249.255;42.6526;-73.7562
63.14.250.0;63.14.250.255;41.8536;-87.6183
63.14.251.0;63.14.251.255;42.3601;-71.0589
63.14.252.0;63.14.252.255;42.6526;-73.7562
63.14.253.0;63.14.253.255;41.8536;-87.6183
63.14.254.0;63.14.254.255;42.6526;-73.7562
63.14.255.0;63.14.255.255;42.3601;-71.0589
63.15.0.0;63.15.0.255;41.8536;-87.6183
63.15.1.0;63.15.1.255;42.3601;-71.0589
63.15.2.0;63.15.3.255;41.8536;-87.6183
63.15.4.0;63.15.5.255;42.3601;-71.0589
63.15.6.0;63.15.6.255;41.8536;-87.6183
63.15.7.0;63.15.8.255;42.3601;-71.0589
63.15.9.0;63.15.9.255;42.6526;-73.7562
63.15.10.0;63.15.10.255;42.3601;-71.0589
63.15.11.0;63.15.11.255;42.6526;-73.7562
63.15.12.0;63.15.12.255;42.3601;-71.0589
63.15.13.0;63.15.14.255;41.8536;-87.6183
63.15.15.0;63.15.15.255;42.6526;-73.7562
63.15.16.0;63.15.16.255;42.3601;-71.0589
63.15.17.0;63.15.17.255;41.8536;-87.6183
63.15.18.0;63.15.19.255;42.3601;-71.0589
63.15.20.0;63.15.21.255;41.8536;-87.6183
63.15.22.0;63.15.22.255;42.3601;-71.0589
63.15.23.0;63.15.23.255;41.8536;-87.6183
63.15.24.0;63.15.27.255;42.3601;-71.0589
63.15.28.0;63.15.28.255;41.8536;-87.6183
63.15.29.0;63.15.29.255;41.8781;-87.6298
63.15.30.0;63.15.30.255;41.8536;-87.6183
63.15.31.0;63.15.31.255;42.6526;-73.7562
63.15.32.0;63.15.32.255;40.7128;-74.006
63.15.33.0;63.15.34.255;42.3601;-71.0589
63.15.35.0;63.15.35.255;41.8536;-87.6183
63.15.36.0;63.15.36.255;42.3601;-71.0589
63.15.37.0;63.15.37.255;42.6526;-73.7562
63.15.38.0;63.15.38.255;42.3601;-71.0589
63.15.39.0;63.15.39.255;42.6526;-73.7562
63.15.40.0;63.15.40.255;41.8536;-87.6183
63.15.41.0;63.15.41.255;42.3601;-71.0589
63.15.42.0;63.15.42.255;41.8536;-87.6183
63.15.43.0;63.15.43.255;42.6526;-73.7562
63.15.44.0;63.15.46.255;41.8536;-87.6183
63.15.47.0;63.15.48.255;42.3601;-71.0589
63.15.49.0;63.15.49.255;41.8536;-87.6183
63.15.50.0;63.15.50.255;42.3601;-71.0589
63.15.51.0;63.15.51.255;40.7128;-74.006
63.15.52.0;63.15.52.255;42.3601;-71.0589
63.15.53.0;63.15.53.255;41.8536;-87.6183
63.15.54.0;63.15.54.255;42.3601;-71.0589
63.15.55.0;63.15.56.255;41.8536;-87.6183
63.15.57.0;63.15.57.255;42.3601;-71.0589
63.15.58.0;63.15.58.255;41.8781;-87.6298
63.15.59.0;63.15.60.255;42.6526;-73.7562
63.15.61.0;63.15.61.255;41.8536;-87.6183
63.15.62.0;63.15.62.255;39.0113;-77.4713
63.15.63.0;63.15.63.255;42.3601;-71.0589
63.15.64.0;63.15.64.255;41.8781;-87.6298
63.15.65.0;63.15.65.255;41.8536;-87.6183
63.15.66.0;63.15.70.255;42.3601;-71.0589
63.15.71.0;63.15.71.255;42.6526;-73.7562
63.15.72.0;63.15.72.255;42.3601;-71.0589
63.15.73.0;63.15.73.255;41.8536;-87.6183
63.15.74.0;63.15.74.255;42.6526;-73.7562
63.15.75.0;63.15.76.255;42.3601;-71.0589
63.15.77.0;63.15.79.255;41.8536;-87.6183
63.15.80.0;63.15.81.255;42.3601;-71.0589
63.15.82.0;63.15.82.255;41.8536;-87.6183
63.15.83.0;63.15.84.255;42.3601;-71.0589
63.15.85.0;63.15.85.255;40.7128;-74.006
63.15.86.0;63.15.86.255;41.8536;-87.6183
63.15.87.0;63.15.87.255;42.3601;-71.0589
63.15.88.0;63.15.88.255;41.8536;-87.6183
63.15.89.0;63.15.89.255;42.3601;-71.0589
63.15.90.0;63.15.90.255;42.6526;-73.7562
63.15.91.0;63.15.91.255;41.8536;-87.6183
63.15.92.0;63.15.92.255;41.8781;-87.6298
63.15.93.0;63.15.93.255;41.8536;-87.6183
63.15.94.0;63.15.94.255;42.6526;-73.7562
63.15.95.0;63.15.96.255;41.8781;-87.6298
63.15.97.0;63.15.98.255;41.8536;-87.6183
63.15.99.0;63.15.99.255;41.8781;-87.6298
63.15.100.0;63.15.100.255;42.6526;-73.7562
63.15.101.0;63.15.101.255;42.3601;-71.0589
63.15.102.0;63.15.103.255;41.8536;-87.6183
63.15.104.0;63.15.106.255;42.3601;-71.0589
63.15.107.0;63.15.108.255;41.8536;-87.6183
63.15.109.0;63.15.109.255;39.0113;-77.4713
63.15.110.0;63.15.111.255;41.8536;-87.6183
63.15.112.0;63.15.112.255;42.3601;-71.0589
63.15.113.0;63.15.113.255;40.7128;-74.006
63.15.114.0;63.15.114.255;42.3601;-71.0589
63.15.115.0;63.15.115.255;41.8536;-87.6183
63.15.116.0;63.15.118.255;42.3601;-71.0589
63.15.119.0;63.15.119.255;41.8536;-87.6183
63.15.120.0;63.15.120.255;42.6526;-73.7562
63.15.121.0;63.15.122.255;42.3601;-71.0589
63.15.123.0;63.15.123.255;41.8536;-87.6183
63.15.124.0;63.15.124.255;42.6526;-73.7562
63.15.125.0;63.15.125.255;41.8536;-87.6183
63.15.126.0;63.15.127.255;42.3601;-71.0589
63.15.128.0;63.15.128.255;42.6526;-73.7562
63.15.129.0;63.15.130.255;42.3601;-71.0589
63.15.131.0;63.15.131.255;41.8536;-87.6183
63.15.132.0;63.15.133.255;42.3601;-71.0589
63.15.134.0;63.15.135.255;41.8536;-87.6183
63.15.136.0;63.15.136.255;42.3601;-71.0589
63.15.137.0;63.15.137.255;42.6526;-73.7562
63.15.138.0;63.15.138.255;42.3601;-71.0589
63.15.139.0;63.15.139.255;41.8536;-87.6183
63.15.140.0;63.15.140.255;42.6526;-73.7562
63.15.141.0;63.15.141.255;42.3601;-71.0589
63.15.142.0;63.15.142.255;41.8536;-87.6183
63.15.143.0;63.15.143.255;42.3601;-71.0589
63.15.144.0;63.15.144.255;41.8781;-87.6298
63.15.145.0;63.15.145.255;41.8536;-87.6183
63.15.146.0;63.15.147.255;42.6526;-73.7562
63.15.148.0;63.15.148.255;40.7128;-74.006
63.15.149.0;63.15.149.255;41.8536;-87.6183
63.15.150.0;63.15.152.255;42.3601;-71.0589
63.15.153.0;63.15.154.255;41.8536;-87.6183
63.15.155.0;63.15.155.255;42.3601;-71.0589
63.15.156.0;63.15.156.255;41.8536;-87.6183
63.15.157.0;63.15.157.255;42.6526;-73.7562
63.15.158.0;63.15.158.255;42.3601;-71.0589
63.15.159.0;63.15.159.255;41.8536;-87.6183
63.15.160.0;63.15.161.255;42.3601;-71.0589
63.15.162.0;63.15.162.255;40.7128;-74.006
63.15.163.0;63.15.163.255;42.6526;-73.7562
63.15.164.0;63.15.164.255;42.3601;-71.0589
63.15.165.0;63.15.166.255;42.6526;-73.7562
63.15.167.0;63.15.169.255;42.3601;-71.0589
63.15.170.0;63.15.170.255;41.8536;-87.6183
63.15.171.0;63.15.171.255;42.3601;-71.0589
63.15.172.0;63.15.172.255;42.6526;-73.7562
63.15.173.0;63.15.174.255;41.8536;-87.6183
63.15.175.0;63.15.175.255;42.3601;-71.0589
63.15.176.0;63.15.176.255;42.6526;-73.7562
63.15.177.0;63.15.178.255;41.8536;-87.6183
63.15.179.0;63.15.179.255;42.3601;-71.0589
63.15.180.0;63.15.180.255;41.8781;-87.6298
63.15.181.0;63.15.181.255;42.3601;-71.0589
63.15.182.0;63.15.182.255;41.8536;-87.6183
63.15.183.0;63.15.183.255;42.6526;-73.7562
63.15.184.0;63.15.184.255;41.8781;-87.6298
63.15.185.0;63.15.187.255;41.8536;-87.6183
63.15.188.0;63.15.188.255;41.8781;-87.6298
63.15.189.0;63.15.191.255;42.3601;-71.0589
63.15.192.0;63.15.192.255;41.8536;-87.6183
63.15.193.0;63.15.193.255;42.6526;-73.7562
63.15.194.0;63.15.194.255;41.8536;-87.6183
63.15.195.0;63.15.195.255;42.3601;-71.0589
63.15.196.0;63.15.196.255;41.8536;-87.6183
63.15.197.0;63.15.197.255;40.7128;-74.006
63.15.198.0;63.15.199.255;42.3601;-71.0589
63.15.200.0;63.15.200.255;41.8536;-87.6183
63.15.201.0;63.15.202.255;42.3601;-71.0589
63.15.203.0;63.15.203.255;41.8781;-87.6298
63.15.204.0;63.15.205.255;42.3601;-71.0589
63.15.206.0;63.15.206.255;41.8781;-87.6298
63.15.207.0;63.15.207.255;42.3601;-71.0589
63.15.208.0;63.15.208.255;41.8536;-87.6183
63.15.209.0;63.15.209.255;40.7128;-74.006
63.15.210.0;63.15.210.255;41.8781;-87.6298
63.15.211.0;63.15.211.255;41.8536;-87.6183
63.15.212.0;63.15.212.255;42.3601;-71.0589
63.15.213.0;63.15.213.255;42.6526;-73.7562
63.15.214.0;63.15.214.255;41.8536;-87.6183
63.15.215.0;63.15.215.255;40.7128;-74.006
63.15.216.0;63.15.217.255;42.3601;-71.0589
63.15.218.0;63.15.218.255;41.8536;-87.6183
63.15.219.0;63.15.220.255;42.6526;-73.7562
63.15.221.0;63.15.222.255;42.3601;-71.0589
63.15.223.0;63.15.224.255;41.8536;-87.6183
63.15.225.0;63.15.225.255;42.3601;-71.0589
63.15.226.0;63.15.227.255;41.8536;-87.6183
63.15.228.0;63.15.228.255;40.7128;-74.006
63.15.229.0;63.15.229.255;41.8536;-87.6183
63.15.230.0;63.15.230.255;42.6526;-73.7562
63.15.231.0;63.15.232.255;42.3601;-71.0589
63.15.233.0;63.15.233.255;41.8781;-87.6298
63.15.234.0;63.15.235.255;41.8536;-87.6183
63.15.236.0;63.15.237.255;42.6526;-73.7562
63.15.238.0;63.15.238.255;42.3601;-71.0589
63.15.239.0;63.15.239.255;42.6526;-73.7562
63.15.240.0;63.15.240.255;40.7128;-74.006
63.15.241.0;63.15.242.255;42.3601;-71.0589
63.15.243.0;63.15.243.255;41.8781;-87.6298
63.15.244.0;63.15.248.255;42.3601;-71.0589
63.15.249.0;63.15.249.255;41.8536;-87.6183
63.15.250.0;63.15.250.255;42.3601;-71.0589
63.15.251.0;63.15.251.255;42.6526;-73.7562
63.15.252.0;63.15.253.255;41.8536;-87.6183
63.15.254.0;63.15.254.255;40.7128;-74.006
63.15.255.0;63.15.255.255;41.8781;-87.6298
63.16.0.0;63.16.0.255;42.3601;-71.0589
63.16.1.0;63.16.2.255;41.8536;-87.6183
63.16.3.0;63.16.3.255;42.6526;-73.7562
63.16.4.0;63.16.4.255;41.8536;-87.6183
63.16.5.0;63.16.5.255;42.3601;-71.0589
63.16.6.0;63.16.6.255;42.6526;-73.7562
63.16.7.0;63.16.11.255;41.8536;-87.6183
63.16.12.0;63.16.12.255;42.3601;-71.0589
63.16.13.0;63.16.13.255;42.6526;-73.7562
63.16.14.0;63.16.17.255;42.3601;-71.0589
63.16.18.0;63.16.18.255;42.6526;-73.7562
63.16.19.0;63.16.19.255;42.3601;-71.0589
63.16.20.0;63.16.20.255;42.6526;-73.7562
63.16.21.0;63.16.21.255;40.7128;-74.006
63.16.22.0;63.16.22.255;42.3601;-71.0589
63.16.23.0;63.16.23.255;40.7128;-74.006
63.16.24.0;63.16.29.255;42.6526;-73.7562
63.16.30.0;63.16.30.255;42.3601;-71.0589
63.16.31.0;63.16.31.255;41.8781;-87.6298
63.16.32.0;63.16.32.255;42.3601;-71.0589
63.16.33.0;63.16.33.255;41.8536;-87.6183
63.16.34.0;63.16.34.255;42.3601;-71.0589
63.16.35.0;63.16.35.255;41.8536;-87.6183
63.16.36.0;63.16.36.255;40.7128;-74.006
63.16.37.0;63.16.37.255;41.8781;-87.6298
63.16.38.0;63.16.39.255;42.3601;-71.0589
63.16.40.0;63.16.40.255;42.6526;-73.7562
63.16.41.0;63.16.41.255;40.7128;-74.006
63.16.42.0;63.16.46.255;42.3601;-71.0589
63.16.47.0;63.16.48.255;41.8536;-87.6183
63.16.49.0;63.16.49.255;40.7128;-74.006
63.16.50.0;63.16.51.255;41.8536;-87.6183
63.16.52.0;63.16.53.255;42.3601;-71.0589
63.16.54.0;63.16.54.255;41.8536;-87.6183
63.16.55.0;63.16.55.255;42.3601;-71.0589
63.16.56.0;63.16.56.255;41.8536;-87.6183
63.16.57.0;63.16.59.255;42.6526;-73.7562
63.16.60.0;63.16.60.255;40.7128;-74.006
63.16.61.0;63.16.62.255;42.3601;-71.0589
63.16.63.0;63.16.63.255;40.7128;-74.006
63.16.64.0;63.16.64.255;42.6526;-73.7562
63.16.65.0;63.16.65.255;41.8781;-87.6298
63.16.66.0;63.16.66.255;42.3601;-71.0589
63.16.67.0;63.16.67.255;42.6526;-73.7562
63.16.68.0;63.16.68.255;42.3601;-71.0589
63.16.69.0;63.16.70.255;40.7128;-74.006
63.16.71.0;63.16.73.255;41.8536;-87.6183
63.16.74.0;63.16.74.255;42.6526;-73.7562
63.16.75.0;63.16.75.255;41.8536;-87.6183
63.16.76.0;63.16.77.255;42.3601;-71.0589
63.16.78.0;63.16.78.255;41.8536;-87.6183
63.16.79.0;63.16.79.255;42.3601;-71.0589
63.16.80.0;63.16.80.255;41.8536;-87.6183
63.16.81.0;63.16.81.255;42.6526;-73.7562
63.16.82.0;63.16.82.255;41.8781;-87.6298
63.16.83.0;63.16.83.255;41.8536;-87.6183
63.16.84.0;63.16.84.255;42.3601;-71.0589
63.16.85.0;63.16.85.255;42.6526;-73.7562
63.16.86.0;63.16.86.255;41.8536;-87.6183
63.16.87.0;63.16.88.255;42.3601;-71.0589
63.16.89.0;63.16.89.255;41.8536;-87.6183
63.16.90.0;63.16.90.255;40.7128;-74.006
63.16.91.0;63.16.91.255;42.3601;-71.0589
63.16.92.0;63.16.92.255;41.8536;-87.6183
63.16.93.0;63.16.93.255;41.8781;-87.6298
63.16.94.0;63.16.94.255;42.3601;-71.0589
63.16.95.0;63.16.95.255;41.8536;-87.6183
63.16.96.0;63.16.96.255;42.6526;-73.7562
63.16.97.0;63.16.97.255;42.3601;-71.0589
63.16.98.0;63.16.98.255;42.6526;-73.7562
63.16.99.0;63.16.99.255;41.8536;-87.6183
63.16.100.0;63.16.100.255;42.3601;-71.0589
63.16.101.0;63.16.101.255;41.8781;-87.6298
63.16.102.0;63.16.102.255;41.8536;-87.6183
63.16.103.0;63.16.103.255;42.3601;-71.0589
63.16.104.0;63.16.104.255;42.6526;-73.7562
63.16.105.0;63.16.106.255;42.3601;-71.0589
63.16.107.0;63.16.107.255;41.8536;-87.6183
63.16.108.0;63.16.112.255;42.3601;-71.0589
63.16.113.0;63.16.113.255;40.7128;-74.006
63.16.114.0;63.16.114.255;42.6526;-73.7562
63.16.115.0;63.16.116.255;42.3601;-71.0589
63.16.117.0;63.16.117.255;41.8536;-87.6183
63.16.118.0;63.16.118.255;42.3601;-71.0589
63.16.119.0;63.16.120.255;41.8536;-87.6183
63.16.121.0;63.16.121.255;40.7128;-74.006
63.16.122.0;63.16.122.255;41.8536;-87.6183
63.16.123.0;63.16.123.255;42.6526;-73.7562
63.16.124.0;63.16.125.255;41.8536;-87.6183
63.16.126.0;63.16.126.255;40.7128;-74.006
63.16.127.0;63.16.127.255;42.3601;-71.0589
63.16.128.0;63.16.128.255;41.8781;-87.6298
63.16.129.0;63.16.129.255;42.3601;-71.0589
63.16.130.0;63.16.130.255;41.8536;-87.6183
63.16.131.0;63.16.131.255;42.3601;-71.0589
63.16.132.0;63.16.132.255;41.8781;-87.6298
63.16.133.0;63.16.133.255;42.6526;-73.7562
63.16.134.0;63.16.134.255;41.8781;-87.6298
63.16.135.0;63.16.135.255;41.8536;-87.6183
63.16.136.0;63.16.137.255;42.3601;-71.0589
63.16.138.0;63.16.138.255;40.7128;-74.006
63.16.139.0;63.16.139.255;41.8536;-87.6183
63.16.140.0;63.16.140.255;42.3601;-71.0589
63.16.141.0;63.16.142.255;42.6526;-73.7562
63.16.143.0;63.16.144.255;41.8536;-87.6183
63.16.145.0;63.16.145.255;42.3601;-71.0589
63.16.146.0;63.16.146.255;42.6526;-73.7562
63.16.147.0;63.16.147.255;40.7128;-74.006
63.16.148.0;63.16.148.255;41.8536;-87.6183
63.16.149.0;63.16.150.255;42.6526;-73.7562
63.16.151.0;63.16.152.255;42.3601;-71.0589
63.16.153.0;63.16.153.255;41.8536;-87.6183
63.16.154.0;63.16.154.255;42.3601;-71.0589
63.16.155.0;63.16.155.255;41.8536;-87.6183
63.16.156.0;63.16.156.255;42.3601;-71.0589
63.16.157.0;63.16.157.255;40.7128;-74.006
63.16.158.0;63.16.158.255;41.8781;-87.6298
63.16.159.0;63.16.160.255;42.6526;-73.7562
63.16.161.0;63.16.161.255;42.3601;-71.0589
63.16.162.0;63.16.162.255;42.6526;-73.7562
63.16.163.0;63.16.164.255;42.3601;-71.0589
63.16.165.0;63.16.166.255;42.6526;-73.7562
63.16.167.0;63.16.167.255;42.3601;-71.0589
63.16.168.0;63.16.168.255;42.6526;-73.7562
63.16.169.0;63.16.169.255;41.8536;-87.6183
63.16.170.0;63.16.172.255;42.3601;-71.0589
63.16.173.0;63.16.173.255;39.0113;-77.4713
63.16.174.0;63.16.174.255;40.7128;-74.006
63.16.175.0;63.16.176.255;41.8536;-87.6183
63.16.177.0;63.16.177.255;42.6526;-73.7562
63.16.178.0;63.16.178.255;42.3601;-71.0589
63.16.179.0;63.16.180.255;42.6526;-73.7562
63.16.181.0;63.16.181.255;42.3601;-71.0589
63.16.182.0;63.16.182.255;41.8536;-87.6183
63.16.183.0;63.16.183.255;42.3601;-71.0589
63.16.184.0;63.16.184.255;42.6526;-73.7562
63.16.185.0;63.16.185.255;41.8536;-87.6183
63.16.186.0;63.16.186.255;42.3601;-71.0589
63.16.187.0;63.16.187.255;41.8536;-87.6183
63.16.188.0;63.16.188.255;42.6526;-73.7562
63.16.189.0;63.16.190.255;42.3601;-71.0589
63.16.191.0;63.16.191.255;41.8536;-87.6183
63.16.192.0;63.16.195.255;42.3601;-71.0589
63.16.196.0;63.16.197.255;42.6526;-73.7562
63.16.198.0;63.16.199.255;42.3601;-71.0589
63.16.200.0;63.16.200.255;41.8536;-87.6183
63.16.201.0;63.16.201.255;40.7128;-74.006
63.16.202.0;63.16.202.255;41.8536;-87.6183
63.16.203.0;63.16.204.255;42.3601;-71.0589
63.16.205.0;63.16.205.255;40.7128;-74.006
63.16.206.0;63.16.206.255;42.6526;-73.7562
63.16.207.0;63.16.207.255;41.8536;-87.6183
63.16.208.0;63.16.208.255;42.6526;-73.7562
63.16.209.0;63.16.210.255;42.3601;-71.0589
63.16.211.0;63.16.211.255;40.7128;-74.006
63.16.212.0;63.16.213.255;42.3601;-71.0589
63.16.214.0;63.16.214.255;42.6526;-73.7562
63.16.215.0;63.16.216.255;40.7128;-74.006
63.16.217.0;63.16.218.255;42.3601;-71.0589
63.16.219.0;63.16.219.255;42.6526;-73.7562
63.16.220.0;63.16.220.255;41.8536;-87.6183
63.16.221.0;63.16.221.255;42.6526;-73.7562
63.16.222.0;63.16.222.255;42.3601;-71.0589
63.16.223.0;63.16.223.255;41.8536;-87.6183
63.16.224.0;63.16.224.255;42.3601;-71.0589
63.16.225.0;63.16.225.255;41.8536;-87.6183
63.16.226.0;63.16.227.255;42.3601;-71.0589
63.16.228.0;63.16.228.255;42.6526;-73.7562
63.16.229.0;63.16.229.255;41.8536;-87.6183
63.16.230.0;63.16.230.255;42.6526;-73.7562
63.16.231.0;63.16.232.255;42.3601;-71.0589
63.16.233.0;63.16.233.255;41.8536;-87.6183
63.16.234.0;63.16.234.255;42.3601;-71.0589
63.16.235.0;63.16.236.255;41.8536;-87.6183
63.16.237.0;63.16.238.255;42.3601;-71.0589
63.16.239.0;63.16.239.255;41.8536;-87.6183
63.16.240.0;63.16.240.255;42.3601;-71.0589
63.16.241.0;63.16.241.255;41.8781;-87.6298
63.16.242.0;63.16.242.255;42.6526;-73.7562
63.16.243.0;63.16.243.255;42.3601;-71.0589
63.16.244.0;63.16.244.255;40.7128;-74.006
63.16.245.0;63.16.245.255;42.3601;-71.0589
63.16.246.0;63.16.246.255;40.7128;-74.006
63.16.247.0;63.16.248.255;42.3601;-71.0589
63.16.249.0;63.16.249.255;42.6526;-73.7562
63.16.250.0;63.16.251.255;42.3601;-71.0589
63.16.252.0;63.16.252.255;42.6526;-73.7562
63.16.253.0;63.16.253.255;42.3601;-71.0589
63.16.254.0;63.16.254.255;41.8536;-87.6183
63.16.255.0;63.16.255.255;40.7128;-74.006
63.17.0.0;63.17.0.255;41.8536;-87.6183
63.17.1.0;63.17.1.255;42.3601;-71.0589
63.17.2.0;63.17.3.255;40.7128;-74.006
63.17.4.0;63.17.4.255;42.3601;-71.0589
63.17.5.0;63.17.5.255;41.8536;-87.6183
63.17.6.0;63.17.6.255;41.8781;-87.6298
63.17.7.0;63.17.8.255;42.3601;-71.0589
63.17.9.0;63.17.9.255;41.8536;-87.6183
63.17.10.0;63.17.10.255;40.7128;-74.006
63.17.11.0;63.17.11.255;41.8536;-87.6183
63.17.12.0;63.17.12.255;42.3601;-71.0589
63.17.13.0;63.17.13.255;40.7128;-74.006
63.17.14.0;63.17.14.255;41.8536;-87.6183
63.17.15.0;63.17.17.255;42.6526;-73.7562
63.17.18.0;63.17.18.255;42.3601;-71.0589
63.17.19.0;63.17.23.255;41.8536;-87.6183
63.17.24.0;63.17.26.255;42.3601;-71.0589
63.17.27.0;63.17.27.255;41.8536;-87.6183
63.17.28.0;63.17.28.255;42.3601;-71.0589
63.17.29.0;63.17.30.255;41.8536;-87.6183
63.17.31.0;63.17.31.255;42.3601;-71.0589
63.17.32.0;63.17.32.255;42.6526;-73.7562
63.17.33.0;63.17.33.255;41.8781;-87.6298
63.17.34.0;63.17.34.255;42.3601;-71.0589
63.17.35.0;63.17.35.255;42.6526;-73.7562
63.17.36.0;63.17.37.255;42.3601;-71.0589
63.17.38.0;63.17.38.255;41.8781;-87.6298
63.17.39.0;63.17.39.255;42.3601;-71.0589
63.17.40.0;63.17.40.255;42.6526;-73.7562
63.17.41.0;63.17.41.255;41.8536;-87.6183
63.17.42.0;63.17.42.255;42.6526;-73.7562
63.17.43.0;63.17.45.255;42.3601;-71.0589
63.17.46.0;63.17.47.255;41.8536;-87.6183
63.17.48.0;63.17.48.255;42.6526;-73.7562
63.17.49.0;63.17.49.255;41.8536;-87.6183
63.17.50.0;63.17.50.255;42.6526;-73.7562
63.17.51.0;63.17.51.255;41.8536;-87.6183
63.17.52.0;63.17.53.255;42.3601;-71.0589
63.17.54.0;63.17.54.255;42.6526;-73.7562
63.17.55.0;63.17.55.255;42.3601;-71.0589
63.17.56.0;63.17.59.255;41.8536;-87.6183
63.17.60.0;63.17.60.255;42.3601;-71.0589
63.17.61.0;63.17.61.255;41.8536;-87.6183
63.17.62.0;63.17.62.255;41.8781;-87.6298
63.17.63.0;63.17.65.255;42.3601;-71.0589
63.17.66.0;63.17.66.255;42.6526;-73.7562
63.17.67.0;63.17.68.255;41.8536;-87.6183
63.17.69.0;63.17.69.255;41.8781;-87.6298
63.17.70.0;63.17.71.255;42.3601;-71.0589
63.17.72.0;63.17.72.255;41.8536;-87.6183
63.17.73.0;63.17.75.255;42.3601;-71.0589
63.17.76.0;63.17.77.255;41.8781;-87.6298
63.17.78.0;63.17.78.255;41.8536;-87.6183
63.17.79.0;63.17.80.255;42.6526;-73.7562
63.17.81.0;63.17.81.255;41.8781;-87.6298
63.17.82.0;63.17.83.255;42.3601;-71.0589
63.17.84.0;63.17.84.255;40.7128;-74.006
63.17.85.0;63.17.85.255;42.3601;-71.0589
63.17.86.0;63.17.86.255;41.8781;-87.6298
63.17.87.0;63.17.87.255;42.3601;-71.0589
63.17.88.0;63.17.88.255;41.8536;-87.6183
63.17.89.0;63.17.89.255;40.7128;-74.006
63.17.90.0;63.17.91.255;42.6526;-73.7562
63.17.92.0;63.17.92.255;42.3601;-71.0589
63.17.93.0;63.17.93.255;42.6526;-73.7562
63.17.94.0;63.17.95.255;41.8536;-87.6183
63.17.96.0;63.17.96.255;42.3601;-71.0589
63.17.97.0;63.17.97.255;42.6526;-73.7562
63.17.98.0;63.17.98.255;42.3601;-71.0589
63.17.99.0;63.17.99.255;42.6526;-73.7562
63.17.100.0;63.17.100.255;41.8536;-87.6183
63.17.101.0;63.17.101.255;42.3601;-71.0589
63.17.102.0;63.17.103.255;41.8781;-87.6298
63.17.104.0;63.17.104.255;40.7128;-74.006
63.17.105.0;63.17.105.255;41.8536;-87.6183
63.17.106.0;63.17.106.255;41.8781;-87.6298
63.17.107.0;63.17.107.255;42.3601;-71.0589
63.17.108.0;63.17.108.255;41.8536;-87.6183
63.17.109.0;63.17.109.255;42.3601;-71.0589
63.17.110.0;63.17.111.255;41.8536;-87.6183
63.17.112.0;63.17.112.255;42.3601;-71.0589
63.17.113.0;63.17.115.255;41.8536;-87.6183
63.17.116.0;63.17.119.255;42.3601;-71.0589
63.17.120.0;63.17.121.255;41.8536;-87.6183
63.17.122.0;63.17.122.255;41.8781;-87.6298
63.17.123.0;63.17.123.255;42.3601;-71.0589
63.17.124.0;63.17.125.255;41.8536;-87.6183
63.17.126.0;63.17.126.255;42.6526;-73.7562
63.17.127.0;63.17.128.255;42.3601;-71.0589
63.17.129.0;63.17.129.255;41.8536;-87.6183
63.17.130.0;63.17.130.255;42.6526;-73.7562
63.17.131.0;63.17.131.255;42.3601;-71.0589
63.17.132.0;63.17.132.255;41.8536;-87.6183
63.17.133.0;63.17.135.255;42.3601;-71.0589
63.17.136.0;63.17.136.255;42.6526;-73.7562
63.17.137.0;63.17.143.255;42.3601;-71.0589
63.17.144.0;63.17.144.255;42.6526;-73.7562
63.17.145.0;63.17.145.255;41.8536;-87.6183
63.17.146.0;63.17.146.255;41.8781;-87.6298
63.17.147.0;63.17.149.255;42.3601;-71.0589
63.17.150.0;63.17.150.255;40.7128;-74.006
63.17.151.0;63.17.152.255;42.3601;-71.0589
63.17.153.0;63.17.153.255;42.6526;-73.7562
63.17.154.0;63.17.154.255;40.7128;-74.006
63.17.155.0;63.17.155.255;42.6526;-73.7562
63.17.156.0;63.17.157.255;41.8536;-87.6183
63.17.158.0;63.17.158.255;42.3601;-71.0589
63.17.159.0;63.17.159.255;42.6526;-73.7562
63.17.160.0;63.17.161.255;41.8536;-87.6183
63.17.162.0;63.17.162.255;42.3601;-71.0589
63.17.163.0;63.17.164.255;42.6526;-73.7562
63.17.165.0;63.17.166.255;41.8536;-87.6183
63.17.167.0;63.17.167.255;42.6526;-73.7562
63.17.168.0;63.17.168.255;41.8536;-87.6183
63.17.169.0;63.17.171.255;42.3601;-71.0589
63.17.172.0;63.17.172.255;41.8536;-87.6183
63.17.173.0;63.17.173.255;42.3601;-71.0589
63.17.174.0;63.17.174.255;41.8536;-87.6183
63.17.175.0;63.17.176.255;42.6526;-73.7562
63.17.177.0;63.17.177.255;42.3601;-71.0589
63.17.178.0;63.17.178.255;41.8536;-87.6183
63.17.179.0;63.17.181.255;42.3601;-71.0589
63.17.182.0;63.17.183.255;41.8536;-87.6183
63.17.184.0;63.17.185.255;42.3601;-71.0589
63.17.186.0;63.17.186.255;41.8536;-87.6183
63.17.187.0;63.17.187.255;42.6526;-73.7562
63.17.188.0;63.17.188.255;41.8536;-87.6183
63.17.189.0;63.17.190.255;42.6526;-73.7562
63.17.191.0;63.17.191.255;41.8536;-87.6183
63.17.192.0;63.17.192.255;42.3601;-71.0589
63.17.193.0;63.17.193.255;40.7128;-74.006
63.17.194.0;63.17.194.255;42.3601;-71.0589
63.17.195.0;63.17.195.255;42.6526;-73.7562
63.17.196.0;63.17.196.255;41.8536;-87.6183
63.17.197.0;63.17.197.255;42.3601;-71.0589
63.17.198.0;63.17.198.255;41.8781;-87.6298
63.17.199.0;63.17.199.255;42.3601;-71.0589
63.17.200.0;63.17.200.255;41.8536;-87.6183
63.17.201.0;63.17.201.255;42.3601;-71.0589
63.17.202.0;63.17.202.255;42.6526;-73.7562
63.17.203.0;63.17.203.255;42.3601;-71.0589
63.17.204.0;63.17.204.255;41.8536;-87.6183
63.17.205.0;63.17.208.255;42.3601;-71.0589
63.17.209.0;63.17.209.255;41.8781;-87.6298
63.17.210.0;63.17.211.255;42.3601;-71.0589
63.17.212.0;63.17.212.255;41.8536;-87.6183
63.17.213.0;63.17.214.255;42.6526;-73.7562
63.17.215.0;63.17.216.255;41.8536;-87.6183
63.17.217.0;63.17.217.255;42.3601;-71.0589
63.17.218.0;63.17.218.255;41.8536;-87.6183
63.17.219.0;63.17.219.255;40.7128;-74.006
63.17.220.0;63.17.220.255;41.8536;-87.6183
63.17.221.0;63.17.221.255;42.6526;-73.7562
63.17.222.0;63.17.223.255;42.3601;-71.0589
63.17.224.0;63.17.226.255;41.8536;-87.6183
63.17.227.0;63.17.227.255;42.3601;-71.0589
63.17.228.0;63.17.229.255;42.6526;-73.7562
63.17.230.0;63.17.231.255;41.8536;-87.6183
63.17.232.0;63.17.233.255;42.6526;-73.7562
63.17.234.0;63.17.234.255;42.3601;-71.0589
63.17.235.0;63.17.235.255;41.8781;-87.6298
63.17.236.0;63.17.237.255;41.8536;-87.6183
63.17.238.0;63.17.238.255;42.3601;-71.0589
63.17.239.0;63.17.239.255;42.6526;-73.7562
63.17.240.0;63.17.240.255;41.8536;-87.6183
63.17.241.0;63.17.241.255;42.6526;-73.7562
63.17.242.0;63.17.243.255;41.8536;-87.6183
63.17.244.0;63.17.245.255;42.6526;-73.7562
63.17.246.0;63.17.246.255;41.8781;-87.6298
63.17.247.0;63.17.247.255;41.8536;-87.6183
63.17.248.0;63.17.248.255;42.3601;-71.0589
63.17.249.0;63.17.249.255;41.8536;-87.6183
63.17.250.0;63.17.253.255;42.3601;-71.0589
63.17.254.0;63.17.254.255;40.7128;-74.006
63.17.255.0;63.17.255.255;42.6526;-73.7562
63.18.0.0;63.18.0.255;42.3601;-71.0589
63.18.1.0;63.18.1.255;41.8536;-87.6183
63.18.2.0;63.18.3.255;41.8781;-87.6298
63.18.4.0;63.18.4.255;42.6526;-73.7562
63.18.5.0;63.18.5.255;42.3601;-71.0589
63.18.6.0;63.18.6.255;42.6526;-73.7562
63.18.7.0;63.18.8.255;41.8781;-87.6298
63.18.9.0;63.18.9.255;42.6526;-73.7562
63.18.10.0;63.18.11.255;42.3601;-71.0589
63.18.12.0;63.18.12.255;40.7128;-74.006
63.18.13.0;63.18.13.255;41.8536;-87.6183
63.18.14.0;63.18.14.255;40.7128;-74.006
63.18.15.0;63.18.20.255;41.8536;-87.6183
63.18.21.0;63.18.22.255;42.3601;-71.0589
63.18.23.0;63.18.23.255;41.8781;-87.6298
63.18.24.0;63.18.28.255;42.3601;-71.0589
63.18.29.0;63.18.29.255;40.7128;-74.006
63.18.30.0;63.18.30.255;42.3601;-71.0589
63.18.31.0;63.18.31.255;41.8781;-87.6298
63.18.32.0;63.18.32.255;41.8536;-87.6183
63.18.33.0;63.18.33.255;42.6526;-73.7562
63.18.34.0;63.18.34.255;41.8781;-87.6298
63.18.35.0;63.18.35.255;42.6526;-73.7562
63.18.36.0;63.18.36.255;41.8536;-87.6183
63.18.37.0;63.18.37.255;42.3601;-71.0589
63.18.38.0;63.18.38.255;41.8781;-87.6298
63.18.39.0;63.18.40.255;42.3601;-71.0589
63.18.41.0;63.18.42.255;42.6526;-73.7562
63.18.43.0;63.18.45.255;41.8536;-87.6183
63.18.46.0;63.18.46.255;42.6526;-73.7562
63.18.47.0;63.18.47.255;42.3601;-71.0589
63.18.48.0;63.18.48.255;41.8536;-87.6183
63.18.49.0;63.18.51.255;42.3601;-71.0589
63.18.52.0;63.18.53.255;42.6526;-73.7562
63.18.54.0;63.18.56.255;41.8536;-87.6183
63.18.57.0;63.18.57.255;42.3601;-71.0589
63.18.58.0;63.18.58.255;42.6526;-73.7562
63.18.59.0;63.18.59.255;42.3601;-71.0589
63.18.60.0;63.18.61.255;41.8536;-87.6183
63.18.62.0;63.18.68.255;42.3601;-71.0589
63.18.69.0;63.18.69.255;41.8536;-87.6183
63.18.70.0;63.18.71.255;42.6526;-73.7562
63.18.72.0;63.18.74.255;41.8536;-87.6183
63.18.75.0;63.18.76.255;42.6526;-73.7562
63.18.77.0;63.18.77.255;42.3601;-71.0589
63.18.78.0;63.18.78.255;42.6526;-73.7562
63.18.79.0;63.18.79.255;42.3601;-71.0589
63.18.80.0;63.18.80.255;42.6526;-73.7562
63.18.81.0;63.18.81.255;41.8536;-87.6183
63.18.82.0;63.18.82.255;42.3601;-71.0589
63.18.83.0;63.18.83.255;41.8536;-87.6183
63.18.84.0;63.18.86.255;42.3601;-71.0589
63.18.87.0;63.18.87.255;42.6526;-73.7562
63.18.88.0;63.18.88.255;41.8781;-87.6298
63.18.89.0;63.18.89.255;41.8536;-87.6183
63.18.90.0;63.18.90.255;42.3601;-71.0589
63.18.91.0;63.18.91.255;42.6526;-73.7562
63.18.92.0;63.18.92.255;41.8536;-87.6183
63.18.93.0;63.18.93.255;42.6526;-73.7562
63.18.94.0;63.18.94.255;41.8536;-87.6183
63.18.95.0;63.18.95.255;42.3601;-71.0589
63.18.96.0;63.18.97.255;41.8536;-87.6183
63.18.98.0;63.18.98.255;42.6526;-73.7562
63.18.99.0;63.18.99.255;42.3601;-71.0589
63.18.100.0;63.18.101.255;41.8536;-87.6183
63.18.102.0;63.18.102.255;42.3601;-71.0589
63.18.103.0;63.18.103.255;42.6526;-73.7562
63.18.104.0;63.18.104.255;41.8536;-87.6183
63.18.105.0;63.18.105.255;42.3601;-71.0589
63.18.106.0;63.18.106.255;42.6526;-73.7562
63.18.107.0;63.18.107.255;42.3601;-71.0589
63.18.108.0;63.18.108.255;41.8781;-87.6298
63.18.109.0;63.18.109.255;42.3601;-71.0589
63.18.110.0;63.18.110.255;42.6526;-73.7562
63.18.111.0;63.18.112.255;42.3601;-71.0589
63.18.113.0;63.18.113.255;41.8781;-87.6298
63.18.114.0;63.18.114.255;41.8536;-87.6183
63.18.115.0;63.18.115.255;42.3601;-71.0589
63.18.116.0;63.18.117.255;42.6526;-73.7562
63.18.118.0;63.18.120.255;42.3601;-71.0589
63.18.121.0;63.18.121.255;41.8536;-87.6183
63.18.122.0;63.18.123.255;42.3601;-71.0589
63.18.124.0;63.18.124.255;41.8781;-87.6298
63.18.125.0;63.18.125.255;42.6526;-73.7562
63.18.126.0;63.18.127.255;42.3601;-71.0589
63.18.128.0;63.18.129.255;42.6526;-73.7562
63.18.130.0;63.18.130.255;42.3601;-71.0589
63.18.131.0;63.18.131.255;42.6526;-73.7562
63.18.132.0;63.18.132.255;41.8536;-87.6183
63.18.133.0;63.18.133.255;42.3601;-71.0589
63.18.134.0;63.18.134.255;41.8781;-87.6298
63.18.135.0;63.18.135.255;42.3601;-71.0589
63.18.136.0;63.18.136.255;41.8536;-87.6183
63.18.137.0;63.18.137.255;41.8781;-87.6298
63.18.138.0;63.18.138.255;42.6526;-73.7562
63.18.139.0;63.18.139.255;42.3601;-71.0589
63.18.140.0;63.18.140.255;40.7128;-74.006
63.18.141.0;63.18.141.255;42.6526;-73.7562
63.18.142.0;63.18.142.255;41.8781;-87.6298
63.18.143.0;63.18.145.255;42.3601;-71.0589
63.18.146.0;63.18.149.255;41.8536;-87.6183
63.18.150.0;63.18.150.255;42.3601;-71.0589
63.18.151.0;63.18.153.255;42.6526;-73.7562
63.18.154.0;63.18.154.255;41.8536;-87.6183
63.18.155.0;63.18.157.255;42.3601;-71.0589
63.18.158.0;63.18.159.255;41.8536;-87.6183
63.18.160.0;63.18.160.255;42.3601;-71.0589
63.18.161.0;63.18.161.255;42.6526;-73.7562
63.18.162.0;63.18.162.255;42.3601;-71.0589
63.18.163.0;63.18.164.255;41.8536;-87.6183
63.18.165.0;63.18.165.255;42.3601;-71.0589
63.18.166.0;63.18.167.255;42.6526;-73.7562
63.18.168.0;63.18.168.255;41.8536;-87.6183
63.18.169.0;63.18.169.255;42.3601;-71.0589
63.18.170.0;63.18.173.255;41.8536;-87.6183
63.18.174.0;63.18.174.255;42.6526;-73.7562
63.18.175.0;63.18.175.255;41.8781;-87.6298
63.18.176.0;63.18.177.255;41.8536;-87.6183
63.18.178.0;63.18.179.255;42.6526;-73.7562
63.18.180.0;63.18.180.255;40.7128;-74.006
63.18.181.0;63.18.181.255;41.8536;-87.6183
63.18.182.0;63.18.182.255;42.3601;-71.0589
63.18.183.0;63.18.184.255;42.6526;-73.7562
63.18.185.0;63.18.185.255;40.7128;-74.006
63.18.186.0;63.18.188.255;42.6526;-73.7562
63.18.189.0;63.18.189.255;41.8536;-87.6183
63.18.190.0;63.18.190.255;40.7128;-74.006
63.18.191.0;63.18.191.255;42.3601;-71.0589
63.18.192.0;63.18.192.255;41.8536;-87.6183
63.18.193.0;63.18.193.255;42.3601;-71.0589
63.18.194.0;63.18.194.255;41.8536;-87.6183
63.18.195.0;63.18.195.255;42.3601;-71.0589
63.18.196.0;63.18.196.255;41.8536;-87.6183
63.18.197.0;63.18.197.255;42.6526;-73.7562
63.18.198.0;63.18.198.255;42.3601;-71.0589
63.18.199.0;63.18.199.255;41.8781;-87.6298
63.18.200.0;63.18.200.255;41.8536;-87.6183
63.18.201.0;63.18.201.255;42.6526;-73.7562
63.18.202.0;63.18.202.255;42.3601;-71.0589
63.18.203.0;63.18.203.255;40.7128;-74.006
63.18.204.0;63.18.206.255;42.3601;-71.0589
63.18.207.0;63.18.207.255;42.6526;-73.7562
63.18.208.0;63.18.208.255;41.8536;-87.6183
63.18.209.0;63.18.210.255;42.3601;-71.0589
63.18.211.0;63.18.211.255;40.7128;-74.006
63.18.212.0;63.18.212.255;41.8536;-87.6183
63.18.213.0;63.18.213.255;42.3601;-71.0589
63.18.214.0;63.18.215.255;41.8536;-87.6183
63.18.216.0;63.18.218.255;42.3601;-71.0589
63.18.219.0;63.18.219.255;41.8536;-87.6183
63.18.220.0;63.18.220.255;42.3601;-71.0589
63.18.221.0;63.18.221.255;41.8536;-87.6183
63.18.222.0;63.18.223.255;42.3601;-71.0589
63.18.224.0;63.18.224.255;41.8781;-87.6298
63.18.225.0;63.18.226.255;42.6526;-73.7562
63.18.227.0;63.18.227.255;41.8781;-87.6298
63.18.228.0;63.18.228.255;41.8536;-87.6183
63.18.229.0;63.18.229.255;42.6526;-73.7562
63.18.230.0;63.18.230.255;41.8536;-87.6183
63.18.231.0;63.18.232.255;42.3601;-71.0589
63.18.233.0;63.18.233.255;41.8536;-87.6183
63.18.234.0;63.18.238.255;42.3601;-71.0589
63.18.239.0;63.18.239.255;41.8536;-87.6183
63.18.240.0;63.18.240.255;42.6526;-73.7562
63.18.241.0;63.18.241.255;42.3601;-71.0589
63.18.242.0;63.18.242.255;40.7128;-74.006
63.18.243.0;63.18.245.255;41.8536;-87.6183
63.18.246.0;63.18.247.255;42.6526;-73.7562
63.18.248.0;63.18.248.255;41.8536;-87.6183
63.18.249.0;63.18.249.255;42.3601;-71.0589
63.18.250.0;63.18.250.255;41.8781;-87.6298
63.18.251.0;63.18.251.255;42.6526;-73.7562
63.18.252.0;63.18.252.255;41.8781;-87.6298
63.18.253.0;63.18.253.255;41.8536;-87.6183
63.18.254.0;63.18.254.255;42.6526;-73.7562
63.18.255.0;63.19.0.255;42.3601;-71.0589
63.19.1.0;63.19.1.255;41.8781;-87.6298
63.19.2.0;63.19.3.255;42.3601;-71.0589
63.19.4.0;63.19.5.255;41.8536;-87.6183
63.19.6.0;63.19.9.255;42.3601;-71.0589
63.19.10.0;63.19.10.255;42.6526;-73.7562
63.19.11.0;63.19.11.255;41.8781;-87.6298
63.19.12.0;63.19.14.255;41.8536;-87.6183
63.19.15.0;63.19.15.255;41.8781;-87.6298
63.19.16.0;63.19.17.255;41.8536;-87.6183
63.19.18.0;63.19.18.255;42.3601;-71.0589
63.19.19.0;63.19.20.255;41.8536;-87.6183
63.19.21.0;63.19.21.255;41.8781;-87.6298
63.19.22.0;63.19.24.255;42.3601;-71.0589
63.19.25.0;63.19.26.255;41.8536;-87.6183
63.19.27.0;63.19.27.255;42.3601;-71.0589
63.19.28.0;63.19.28.255;42.6526;-73.7562
63.19.29.0;63.19.30.255;41.8536;-87.6183
63.19.31.0;63.19.32.255;42.3601;-71.0589
63.19.33.0;63.19.33.255;42.6526;-73.7562
63.19.34.0;63.19.34.255;42.3601;-71.0589
63.19.35.0;63.19.35.255;40.7128;-74.006
63.19.36.0;63.19.36.255;42.6526;-73.7562
63.19.37.0;63.19.38.255;42.3601;-71.0589
63.19.39.0;63.19.39.255;42.6526;-73.7562
63.19.40.0;63.19.40.255;41.8536;-87.6183
63.19.41.0;63.19.41.255;42.6526;-73.7562
63.19.42.0;63.19.42.255;41.8536;-87.6183
63.19.43.0;63.19.43.255;42.3601;-71.0589
63.19.44.0;63.19.45.255;42.6526;-73.7562
63.19.46.0;63.19.49.255;42.3601;-71.0589
63.19.50.0;63.19.50.255;42.6526;-73.7562
63.19.51.0;63.19.52.255;42.3601;-71.0589
63.19.53.0;63.19.53.255;41.8536;-87.6183
63.19.54.0;63.19.54.255;42.6526;-73.7562
63.19.55.0;63.19.56.255;41.8536;-87.6183
63.19.57.0;63.19.58.255;42.6526;-73.7562
63.19.59.0;63.19.59.255;41.8536;-87.6183
63.19.60.0;63.19.61.255;42.3601;-71.0589
63.19.62.0;63.19.62.255;41.8536;-87.6183
63.19.63.0;63.19.65.255;42.3601;-71.0589
63.19.66.0;63.19.66.255;42.6526;-73.7562
63.19.67.0;63.19.67.255;41.8781;-87.6298
63.19.68.0;63.19.68.255;41.8536;-87.6183
63.19.69.0;63.19.73.255;42.3601;-71.0589
63.19.74.0;63.19.76.255;42.6526;-73.7562
63.19.77.0;63.19.77.255;42.3601;-71.0589
63.19.78.0;63.19.78.255;40.7128;-74.006
63.19.79.0;63.19.79.255;41.8536;-87.6183
63.19.80.0;63.19.80.255;42.6526;-73.7562
63.19.81.0;63.19.81.255;40.7128;-74.006
63.19.82.0;63.19.82.255;42.6526;-73.7562
63.19.83.0;63.19.83.255;41.8536;-87.6183
63.19.84.0;63.19.84.255;42.3601;-71.0589
63.19.85.0;63.19.85.255;41.8536;-87.6183
63.19.86.0;63.19.87.255;42.3601;-71.0589
63.19.88.0;63.19.89.255;42.6526;-73.7562
63.19.90.0;63.19.91.255;41.8536;-87.6183
63.19.92.0;63.19.92.255;39.0113;-77.4713
63.19.93.0;63.19.93.255;42.6526;-73.7562
63.19.94.0;63.19.94.255;41.8536;-87.6183
63.19.95.0;63.19.95.255;42.3601;-71.0589
63.19.96.0;63.19.96.255;42.6526;-73.7562
63.19.97.0;63.19.98.255;41.8536;-87.6183
63.19.99.0;63.19.99.255;42.3601;-71.0589
63.19.100.0;63.19.100.255;41.8536;-87.6183
63.19.101.0;63.19.101.255;42.6526;-73.7562
63.19.102.0;63.19.103.255;42.3601;-71.0589
63.19.104.0;63.19.104.255;40.7128;-74.006
63.19.105.0;63.19.105.255;42.3601;-71.0589
63.19.106.0;63.19.106.255;39.0113;-77.4713
63.19.107.0;63.19.108.255;42.6526;-73.7562
63.19.109.0;63.19.111.255;42.3601;-71.0589
63.19.112.0;63.19.114.255;42.6526;-73.7562
63.19.115.0;63.19.115.255;42.3601;-71.0589
63.19.116.0;63.19.116.255;41.8536;-87.6183
63.19.117.0;63.19.117.255;42.3601;-71.0589
63.19.118.0;63.19.118.255;41.8536;-87.6183
63.19.119.0;63.19.119.255;42.6526;-73.7562
63.19.120.0;63.19.120.255;41.8536;-87.6183
63.19.121.0;63.19.121.255;42.6526;-73.7562
63.19.122.0;63.19.122.255;40.7128;-74.006
63.19.123.0;63.19.123.255;42.6526;-73.7562
63.19.124.0;63.19.125.255;41.8536;-87.6183
63.19.126.0;63.19.126.255;42.3601;-71.0589
63.19.127.0;63.19.127.255;41.8536;-87.6183
63.19.128.0;63.19.128.255;42.3601;-71.0589
63.19.129.0;63.19.129.255;41.8536;-87.6183
63.19.130.0;63.19.135.255;42.3601;-71.0589
63.19.136.0;63.19.136.255;41.8536;-87.6183
63.19.137.0;63.19.137.255;41.8781;-87.6298
63.19.138.0;63.19.139.255;42.3601;-71.0589
63.19.140.0;63.19.140.255;41.8536;-87.6183
63.19.141.0;63.19.141.255;42.3601;-71.0589
63.19.142.0;63.19.142.255;42.6526;-73.7562
63.19.143.0;63.19.145.255;42.3601;-71.0589
63.19.146.0;63.19.146.255;42.6526;-73.7562
63.19.147.0;63.19.147.255;42.3601;-71.0589
63.19.148.0;63.19.148.255;41.8536;-87.6183
63.19.149.0;63.19.149.255;42.3601;-71.0589
63.19.150.0;63.19.150.255;42.6526;-73.7562
63.19.151.0;63.19.152.255;42.3601;-71.0589
63.19.153.0;63.19.154.255;41.8536;-87.6183
63.19.155.0;63.19.155.255;42.6526;-73.7562
63.19.156.0;63.19.156.255;41.8536;-87.6183
63.19.157.0;63.19.157.255;42.3601;-71.0589
63.19.158.0;63.19.159.255;41.8536;-87.6183
63.19.160.0;63.19.160.255;42.3601;-71.0589
63.19.161.0;63.19.161.255;41.8536;-87.6183
63.19.162.0;63.19.162.255;40.7128;-74.006
63.19.163.0;63.19.163.255;41.8536;-87.6183
63.19.164.0;63.19.165.255;42.3601;-71.0589
63.19.166.0;63.19.167.255;41.8536;-87.6183
63.19.168.0;63.19.168.255;42.6526;-73.7562
63.19.169.0;63.19.169.255;42.3601;-71.0589
63.19.170.0;63.19.171.255;42.6526;-73.7562
63.19.172.0;63.19.173.255;42.3601;-71.0589
63.19.174.0;63.19.175.255;41.8536;-87.6183
63.19.176.0;63.19.176.255;42.6526;-73.7562
63.19.177.0;63.19.178.255;42.3601;-71.0589
63.19.179.0;63.19.179.255;41.8536;-87.6183
63.19.180.0;63.19.180.255;42.6526;-73.7562
63.19.181.0;63.19.184.255;42.3601;-71.0589
63.19.185.0;63.19.185.255;41.8536;-87.6183
63.19.186.0;63.19.186.255;42.3601;-71.0589
63.19.187.0;63.19.187.255;41.8536;-87.6183
63.19.188.0;63.19.189.255;40.7128;-74.006
63.19.190.0;63.19.190.255;41.8536;-87.6183
63.19.191.0;63.19.191.255;39.0113;-77.4713
63.19.192.0;63.19.192.255;42.6526;-73.7562
63.19.193.0;63.19.194.255;41.8536;-87.6183
63.19.195.0;63.19.195.255;42.6526;-73.7562
63.19.196.0;63.19.197.255;41.8536;-87.6183
63.19.198.0;63.19.198.255;42.3601;-71.0589
63.19.199.0;63.19.200.255;41.8536;-87.6183
63.19.201.0;63.19.201.255;42.3601;-71.0589
63.19.202.0;63.19.202.255;40.7128;-74.006
63.19.203.0;63.19.204.255;42.3601;-71.0589
63.19.205.0;63.19.205.255;42.6526;-73.7562
63.19.206.0;63.19.206.255;42.3601;-71.0589
63.19.207.0;63.19.207.255;41.8536;-87.6183
63.19.208.0;63.19.208.255;42.6526;-73.7562
63.19.209.0;63.19.209.255;41.8536;-87.6183
63.19.210.0;63.19.210.255;42.3601;-71.0589
63.19.211.0;63.19.211.255;41.8536;-87.6183
63.19.212.0;63.19.212.255;41.8781;-87.6298
63.19.213.0;63.19.213.255;41.8536;-87.6183
63.19.214.0;63.19.214.255;42.3601;-71.0589
63.19.215.0;63.19.215.255;41.8536;-87.6183
63.19.216.0;63.19.217.255;42.6526;-73.7562
63.19.218.0;63.19.219.255;41.8536;-87.6183
63.19.220.0;63.19.220.255;42.6526;-73.7562
63.19.221.0;63.19.221.255;42.3601;-71.0589
63.19.222.0;63.19.224.255;41.8536;-87.6183
63.19.225.0;63.19.225.255;42.3601;-71.0589
63.19.226.0;63.19.226.255;41.8536;-87.6183
63.19.227.0;63.19.227.255;40.7128;-74.006
63.19.228.0;63.19.228.255;42.3601;-71.0589
63.19.229.0;63.19.229.255;42.6526;-73.7562
63.19.230.0;63.19.230.255;40.7128;-74.006
63.19.231.0;63.19.231.255;41.8536;-87.6183
63.19.232.0;63.19.232.255;42.3601;-71.0589
63.19.233.0;63.19.233.255;42.6526;-73.7562
63.19.234.0;63.19.236.255;41.8536;-87.6183
63.19.237.0;63.19.237.255;42.3601;-71.0589
63.19.238.0;63.19.238.255;42.6526;-73.7562
63.19.239.0;63.19.239.255;42.3601;-71.0589
63.19.240.0;63.19.240.255;40.7128;-74.006
63.19.241.0;63.19.242.255;42.3601;-71.0589
63.19.243.0;63.19.243.255;41.8536;-87.6183
63.19.244.0;63.19.244.255;42.3601;-71.0589
63.19.245.0;63.19.245.255;41.8536;-87.6183
63.19.246.0;63.19.249.255;42.3601;-71.0589
63.19.250.0;63.19.250.255;41.8781;-87.6298
63.19.251.0;63.19.252.255;42.3601;-71.0589
63.19.253.0;63.19.253.255;41.8536;-87.6183
63.19.254.0;63.19.254.255;42.6526;-73.7562
63.19.255.0;63.20.0.255;42.3601;-71.0589
63.20.1.0;63.20.2.255;41.8536;-87.6183
63.20.3.0;63.20.5.255;42.3601;-71.0589
63.20.6.0;63.20.6.255;41.8536;-87.6183
63.20.7.0;63.20.7.255;42.3601;-71.0589
63.20.8.0;63.20.8.255;40.7128;-74.006
63.20.9.0;63.20.11.255;41.8536;-87.6183
63.20.12.0;63.20.13.255;42.3601;-71.0589
63.20.14.0;63.20.15.255;42.6526;-73.7562
63.20.16.0;63.20.16.255;41.8536;-87.6183
63.20.17.0;63.20.17.255;42.3601;-71.0589
63.20.18.0;63.20.18.255;41.8536;-87.6183
63.20.19.0;63.20.19.255;42.6526;-73.7562
63.20.20.0;63.20.21.255;42.3601;-71.0589
63.20.22.0;63.20.23.255;42.6526;-73.7562
63.20.24.0;63.20.24.255;41.8536;-87.6183
63.20.25.0;63.20.25.255;42.3601;-71.0589
63.20.26.0;63.20.26.255;41.8536;-87.6183
63.20.27.0;63.20.28.255;42.3601;-71.0589
63.20.29.0;63.20.29.255;40.7128;-74.006
63.20.30.0;63.20.30.255;41.8536;-87.6183
63.20.31.0;63.20.31.255;42.6526;-73.7562
63.20.32.0;63.20.34.255;42.3601;-71.0589
63.20.35.0;63.20.35.255;40.7128;-74.006
63.20.36.0;63.20.38.255;42.6526;-73.7562
63.20.39.0;63.20.39.255;41.8536;-87.6183
63.20.40.0;63.20.41.255;42.3601;-71.0589
63.20.42.0;63.20.42.255;42.6526;-73.7562
63.20.43.0;63.20.43.255;40.7128;-74.006
63.20.44.0;63.20.44.255;42.6526;-73.7562
63.20.45.0;63.20.45.255;40.7128;-74.006
63.20.46.0;63.20.47.255;42.6526;-73.7562
63.20.48.0;63.20.48.255;42.3601;-71.0589
63.20.49.0;63.20.50.255;42.6526;-73.7562
63.20.51.0;63.20.51.255;39.0113;-77.4713
63.20.52.0;63.20.52.255;41.8536;-87.6183
63.20.53.0;63.20.56.255;42.3601;-71.0589
63.20.57.0;63.20.58.255;41.8536;-87.6183
63.20.59.0;63.20.59.255;42.3601;-71.0589
63.20.60.0;63.20.60.255;41.8536;-87.6183
63.20.61.0;63.20.61.255;42.3601;-71.0589
63.20.62.0;63.20.62.255;41.8781;-87.6298
63.20.63.0;63.20.64.255;41.8536;-87.6183
63.20.65.0;63.20.65.255;42.6526;-73.7562
63.20.66.0;63.20.66.255;42.3601;-71.0589
63.20.67.0;63.20.67.255;40.7128;-74.006
63.20.68.0;63.20.68.255;41.8536;-87.6183
63.20.69.0;63.20.71.255;42.3601;-71.0589
63.20.72.0;63.20.73.255;41.8536;-87.6183
63.20.74.0;63.20.74.255;42.3601;-71.0589
63.20.75.0;63.20.75.255;40.7128;-74.006
63.20.76.0;63.20.76.255;42.3601;-71.0589
63.20.77.0;63.20.77.255;42.6526;-73.7562
63.20.78.0;63.20.78.255;41.8536;-87.6183
63.20.79.0;63.20.79.255;42.3601;-71.0589
63.20.80.0;63.20.80.255;42.6526;-73.7562
63.20.81.0;63.20.81.255;41.8781;-87.6298
63.20.82.0;63.20.83.255;41.8536;-87.6183
63.20.84.0;63.20.87.255;42.3601;-71.0589
63.20.88.0;63.20.88.255;41.8536;-87.6183
63.20.89.0;63.20.89.255;42.6526;-73.7562
63.20.90.0;63.20.91.255;42.3601;-71.0589
63.20.92.0;63.20.92.255;41.8536;-87.6183
63.20.93.0;63.20.93.255;42.6526;-73.7562
63.20.94.0;63.20.94.255;41.8781;-87.6298
63.20.95.0;63.20.95.255;41.8536;-87.6183
63.20.96.0;63.20.99.255;42.3601;-71.0589
63.20.100.0;63.20.101.255;41.8536;-87.6183
63.20.102.0;63.20.102.255;42.3601;-71.0589
63.20.103.0;63.20.103.255;41.8536;-87.6183
63.20.104.0;63.20.104.255;40.7128;-74.006
63.20.105.0;63.20.107.255;42.3601;-71.0589
63.20.108.0;63.20.109.255;41.8536;-87.6183
63.20.110.0;63.20.110.255;42.3601;-71.0589
63.20.111.0;63.20.113.255;41.8536;-87.6183
63.20.114.0;63.20.114.255;42.3601;-71.0589
63.20.115.0;63.20.115.255;42.6526;-73.7562
63.20.116.0;63.20.116.255;41.8536;-87.6183
63.20.117.0;63.20.117.255;41.8781;-87.6298
63.20.118.0;63.20.118.255;41.8536;-87.6183
63.20.119.0;63.20.120.255;41.8781;-87.6298
63.20.121.0;63.20.121.255;41.8536;-87.6183
63.20.122.0;63.20.125.255;42.3601;-71.0589
63.20.126.0;63.20.126.255;41.8536;-87.6183
63.20.127.0;63.20.128.255;42.3601;-71.0589
63.20.129.0;63.20.129.255;41.8536;-87.6183
63.20.130.0;63.20.130.255;42.3601;-71.0589
63.20.131.0;63.20.131.255;41.8536;-87.6183
63.20.132.0;63.20.137.255;42.3601;-71.0589
63.20.138.0;63.20.138.255;42.6526;-73.7562
63.20.139.0;63.20.139.255;41.8536;-87.6183
63.20.140.0;63.20.141.255;42.3601;-71.0589
63.20.142.0;63.20.142.255;41.8536;-87.6183
63.20.143.0;63.20.143.255;42.3601;-71.0589
63.20.144.0;63.20.144.255;41.8781;-87.6298
63.20.145.0;63.20.145.255;42.3601;-71.0589
63.20.146.0;63.20.146.255;41.8781;-87.6298
63.20.147.0;63.20.149.255;41.8536;-87.6183
63.20.150.0;63.20.151.255;42.3601;-71.0589
63.20.152.0;63.20.152.255;41.8781;-87.6298
63.20.153.0;63.20.154.255;42.6526;-73.7562
63.20.155.0;63.20.156.255;42.3601;-71.0589
63.20.157.0;63.20.157.255;40.7128;-74.006
63.20.158.0;63.20.158.255;42.3601;-71.0589
63.20.159.0;63.20.159.255;41.8536;-87.6183
63.20.160.0;63.20.160.255;42.3601;-71.0589
63.20.161.0;63.20.162.255;41.8536;-87.6183
63.20.163.0;63.20.163.255;42.6526;-73.7562
63.20.164.0;63.20.164.255;41.8536;-87.6183
63.20.165.0;63.20.165.255;42.6526;-73.7562
63.20.166.0;63.20.166.255;40.7128;-74.006
63.20.167.0;63.20.170.255;42.3601;-71.0589
63.20.171.0;63.20.171.255;41.8781;-87.6298
63.20.172.0;63.20.172.255;42.6526;-73.7562
63.20.173.0;63.20.173.255;41.8536;-87.6183
63.20.174.0;63.20.174.255;42.6526;-73.7562
63.20.175.0;63.20.175.255;42.3601;-71.0589
63.20.176.0;63.20.176.255;40.7128;-74.006
63.20.177.0;63.20.178.255;41.8536;-87.6183
63.20.179.0;63.20.181.255;42.3601;-71.0589
63.20.182.0;63.20.182.255;41.8781;-87.6298
63.20.183.0;63.20.183.255;42.3601;-71.0589
63.20.184.0;63.20.184.255;41.8536;-87.6183
63.20.185.0;63.20.185.255;42.3601;-71.0589
63.20.186.0;63.20.186.255;41.8781;-87.6298
63.20.187.0;63.20.187.255;41.8536;-87.6183
63.20.188.0;63.20.191.255;42.3601;-71.0589
63.20.192.0;63.20.192.255;41.8781;-87.6298
63.20.193.0;63.20.194.255;42.3601;-71.0589
63.20.195.0;63.20.195.255;42.6526;-73.7562
63.20.196.0;63.20.196.255;41.8781;-87.6298
63.20.197.0;63.20.197.255;41.8536;-87.6183
63.20.198.0;63.20.198.255;42.3601;-71.0589
63.20.199.0;63.20.199.255;42.6526;-73.7562
63.20.200.0;63.20.200.255;39.0113;-77.4713
63.20.201.0;63.20.202.255;41.8536;-87.6183
63.20.203.0;63.20.203.255;42.6526;-73.7562
63.20.204.0;63.20.204.255;41.8781;-87.6298
63.20.205.0;63.20.209.255;42.3601;-71.0589
63.20.210.0;63.20.210.255;41.8536;-87.6183
63.20.211.0;63.20.211.255;42.3601;-71.0589
63.20.212.0;63.20.215.255;41.8536;-87.6183
63.20.216.0;63.20.217.255;42.3601;-71.0589
63.20.218.0;63.20.218.255;41.8781;-87.6298
63.20.219.0;63.20.219.255;41.8536;-87.6183
63.20.220.0;63.20.220.255;42.3601;-71.0589
63.20.221.0;63.20.221.255;41.8781;-87.6298
63.20.222.0;63.20.222.255;42.6526;-73.7562
63.20.223.0;63.20.224.255;42.3601;-71.0589
63.20.225.0;63.20.225.255;42.6526;-73.7562
63.20.226.0;63.20.227.255;42.3601;-71.0589
63.20.228.0;63.20.228.255;41.8536;-87.6183
63.20.229.0;63.20.229.255;42.6526;-73.7562
63.20.230.0;63.20.230.255;42.3601;-71.0589
63.20.231.0;63.20.231.255;41.8536;-87.6183
63.20.232.0;63.20.233.255;42.3601;-71.0589
63.20.234.0;63.20.234.255;42.6526;-73.7562
63.20.235.0;63.20.235.255;41.8536;-87.6183
63.20.236.0;63.20.236.255;39.0113;-77.4713
63.20.237.0;63.20.237.255;41.8536;-87.6183
63.20.238.0;63.20.239.255;42.6526;-73.7562
63.20.240.0;63.20.240.255;41.8781;-87.6298
63.20.241.0;63.20.241.255;42.6526;-73.7562
63.20.242.0;63.20.242.255;42.3601;-71.0589
63.20.243.0;63.20.243.255;42.6526;-73.7562
63.20.244.0;63.20.244.255;42.3601;-71.0589
63.20.245.0;63.20.245.255;41.8536;-87.6183
63.20.246.0;63.20.246.255;41.8781;-87.6298
63.20.247.0;63.20.247.255;41.8536;-87.6183
63.20.248.0;63.20.250.255;42.6526;-73.7562
63.20.251.0;63.20.251.255;40.7128;-74.006
63.20.252.0;63.20.252.255;42.6526;-73.7562
63.20.253.0;63.20.253.255;41.8781;-87.6298
63.20.254.0;63.20.254.255;41.8536;-87.6183
63.20.255.0;63.21.0.255;42.3601;-71.0589
63.21.1.0;63.21.1.255;42.6526;-73.7562
63.21.2.0;63.21.3.255;41.8536;-87.6183
63.21.4.0;63.21.7.255;42.3601;-71.0589
63.21.8.0;63.21.10.255;41.8781;-87.6298
63.21.11.0;63.21.11.255;41.8536;-87.6183
63.21.12.0;63.21.12.255;42.3601;-71.0589
63.21.13.0;63.21.13.255;41.8536;-87.6183
63.21.14.0;63.21.14.255;40.7128;-74.006
63.21.15.0;63.21.15.255;41.8536;-87.6183
63.21.16.0;63.21.16.255;42.3601;-71.0589
63.21.17.0;63.21.17.255;41.8536;-87.6183
63.21.18.0;63.21.19.255;42.6526;-73.7562
63.21.20.0;63.21.20.255;41.8536;-87.6183
63.21.21.0;63.21.21.255;42.6526;-73.7562
63.21.22.0;63.21.22.255;42.3601;-71.0589
63.21.23.0;63.21.24.255;41.8536;-87.6183
63.21.25.0;63.21.25.255;42.3601;-71.0589
63.21.26.0;63.21.26.255;40.7128;-74.006
63.21.27.0;63.21.27.255;41.8536;-87.6183
63.21.28.0;63.21.28.255;42.3601;-71.0589
63.21.29.0;63.21.29.255;42.6526;-73.7562
63.21.30.0;63.21.30.255;41.8536;-87.6183
63.21.31.0;63.21.31.255;42.6526;-73.7562
63.21.32.0;63.21.33.255;42.3601;-71.0589
63.21.34.0;63.21.34.255;41.8536;-87.6183
63.21.35.0;63.21.35.255;42.3601;-71.0589
63.21.36.0;63.21.37.255;41.8536;-87.6183
63.21.38.0;63.21.38.255;42.3601;-71.0589
63.21.39.0;63.21.40.255;41.8536;-87.6183
63.21.41.0;63.21.41.255;40.7128;-74.006
63.21.42.0;63.21.42.255;42.6526;-73.7562
63.21.43.0;63.21.43.255;41.8536;-87.6183
63.21.44.0;63.21.44.255;42.6526;-73.7562
63.21.45.0;63.21.45.255;41.8536;-87.6183
63.21.46.0;63.21.46.255;42.6526;-73.7562
63.21.47.0;63.21.48.255;42.3601;-71.0589
63.21.49.0;63.21.49.255;41.8781;-87.6298
63.21.50.0;63.21.51.255;42.3601;-71.0589
63.21.52.0;63.21.52.255;40.7128;-74.006
63.21.53.0;63.21.53.255;41.8536;-87.6183
63.21.54.0;63.21.54.255;42.6526;-73.7562
63.21.55.0;63.21.56.255;42.3601;-71.0589
63.21.57.0;63.21.57.255;41.8536;-87.6183
63.21.58.0;63.21.58.255;40.7128;-74.006
63.21.59.0;63.21.59.255;41.8536;-87.6183
63.21.60.0;63.21.60.255;42.3601;-71.0589
63.21.61.0;63.21.61.255;42.6526;-73.7562
63.21.62.0;63.21.62.255;41.8536;-87.6183
63.21.63.0;63.21.63.255;42.3601;-71.0589
63.21.64.0;63.21.64.255;41.8536;-87.6183
63.21.65.0;63.21.66.255;42.3601;-71.0589
63.21.67.0;63.21.68.255;41.8536;-87.6183
63.21.69.0;63.21.69.255;42.6526;-73.7562
63.21.70.0;63.21.70.255;42.3601;-71.0589
63.21.71.0;63.21.71.255;42.6526;-73.7562
63.21.72.0;63.21.73.255;42.3601;-71.0589
63.21.74.0;63.21.74.255;40.7128;-74.006
63.21.75.0;63.21.75.255;42.3601;-71.0589
63.21.76.0;63.21.76.255;41.8536;-87.6183
63.21.77.0;63.21.78.255;42.6526;-73.7562
63.21.79.0;63.21.79.255;40.7128;-74.006
63.21.80.0;63.21.80.255;42.3601;-71.0589
63.21.81.0;63.21.81.255;41.8536;-87.6183
63.21.82.0;63.21.84.255;42.3601;-71.0589
63.21.85.0;63.21.85.255;42.6526;-73.7562
63.21.86.0;63.21.86.255;40.7128;-74.006
63.21.87.0;63.21.88.255;42.3601;-71.0589
63.21.89.0;63.21.89.255;42.6526;-73.7562
63.21.90.0;63.21.90.255;41.8536;-87.6183
63.21.91.0;63.21.91.255;42.6526;-73.7562
63.21.92.0;63.21.92.255;41.8536;-87.6183
63.21.93.0;63.21.93.255;42.6526;-73.7562
63.21.94.0;63.21.94.255;40.7128;-74.006
63.21.95.0;63.21.95.255;42.3601;-71.0589
63.21.96.0;63.21.96.255;40.7128;-74.006
63.21.97.0;63.21.97.255;42.6526;-73.7562
63.21.98.0;63.21.98.255;42.3601;-71.0589
63.21.99.0;63.21.99.255;41.8536;-87.6183
63.21.100.0;63.21.100.255;40.7128;-74.006
63.21.101.0;63.21.101.255;42.3601;-71.0589
63.21.102.0;63.21.102.255;40.7128;-74.006
63.21.103.0;63.21.103.255;42.6526;-73.7562
63.21.104.0;63.21.105.255;41.8781;-87.6298
63.21.106.0;63.21.106.255;42.3601;-71.0589
63.21.107.0;63.21.107.255;42.6526;-73.7562
63.21.108.0;63.21.108.255;41.8781;-87.6298
63.21.109.0;63.21.109.255;42.3601;-71.0589
63.21.110.0;63.21.110.255;41.8781;-87.6298
63.21.111.0;63.21.111.255;41.8536;-87.6183
63.21.112.0;63.21.112.255;42.6526;-73.7562
63.21.113.0;63.21.114.255;41.8536;-87.6183
63.21.115.0;63.21.115.255;42.3601;-71.0589
63.21.116.0;63.21.116.255;42.6526;-73.7562
63.21.117.0;63.21.117.255;41.8536;-87.6183
63.21.118.0;63.21.118.255;42.6526;-73.7562
63.21.119.0;63.21.119.255;41.8536;-87.6183
63.21.120.0;63.21.121.255;42.3601;-71.0589
63.21.122.0;63.21.122.255;41.8536;-87.6183
63.21.123.0;63.21.123.255;40.7128;-74.006
63.21.124.0;63.21.124.255;42.3601;-71.0589
63.21.125.0;63.21.125.255;42.6526;-73.7562
63.21.126.0;63.21.129.255;42.3601;-71.0589
63.21.130.0;63.21.131.255;41.8536;-87.6183
63.21.132.0;63.21.133.255;42.3601;-71.0589
63.21.134.0;63.21.134.255;41.8536;-87.6183
63.21.135.0;63.21.135.255;39.0113;-77.4713
63.21.136.0;63.21.136.255;42.3601;-71.0589
63.21.137.0;63.21.138.255;41.8536;-87.6183
63.21.139.0;63.21.139.255;42.6526;-73.7562
63.21.140.0;63.21.141.255;42.3601;-71.0589
63.21.142.0;63.21.144.255;41.8536;-87.6183
63.21.145.0;63.21.149.255;42.3601;-71.0589
63.21.150.0;63.21.151.255;42.6526;-73.7562
63.21.152.0;63.21.152.255;42.3601;-71.0589
63.21.153.0;63.21.155.255;42.6526;-73.7562
63.21.156.0;63.21.156.255;42.3601;-71.0589
63.21.157.0;63.21.158.255;40.7128;-74.006
63.21.159.0;63.21.162.255;42.3601;-71.0589
63.21.163.0;63.21.163.255;41.8536;-87.6183
63.21.164.0;63.21.165.255;42.6526;-73.7562
63.21.166.0;63.21.167.255;42.3601;-71.0589
63.21.168.0;63.21.168.255;42.6526;-73.7562
63.21.169.0;63.21.169.255;40.7128;-74.006
63.21.170.0;63.21.171.255;41.8536;-87.6183
63.21.172.0;63.21.172.255;42.6526;-73.7562
63.21.173.0;63.21.174.255;41.8536;-87.6183
63.21.175.0;63.21.175.255;42.6526;-73.7562
63.21.176.0;63.21.176.255;42.3601;-71.0589
63.21.177.0;63.21.178.255;41.8536;-87.6183
63.21.179.0;63.21.181.255;42.3601;-71.0589
63.21.182.0;63.21.182.255;39.0113;-77.4713
63.21.183.0;63.21.184.255;41.8781;-87.6298
63.21.185.0;63.21.186.255;41.8536;-87.6183
63.21.187.0;63.21.187.255;39.0113;-77.4713
63.21.188.0;63.21.188.255;41.8781;-87.6298
63.21.189.0;63.21.189.255;41.8536;-87.6183
63.21.190.0;63.21.191.255;42.6526;-73.7562
63.21.192.0;63.21.196.255;42.3601;-71.0589
63.21.197.0;63.21.197.255;40.7128;-74.006
63.21.198.0;63.21.198.255;42.3601;-71.0589
63.21.199.0;63.21.199.255;39.0113;-77.4713
63.21.200.0;63.21.202.255;42.3601;-71.0589
63.21.203.0;63.21.203.255;41.8536;-87.6183
63.21.204.0;63.21.204.255;42.3601;-71.0589
63.21.205.0;63.21.205.255;40.7128;-74.006
63.21.206.0;63.21.207.255;41.8536;-87.6183
63.21.208.0;63.21.208.255;42.6526;-73.7562
63.21.209.0;63.21.209.255;41.8536;-87.6183
63.21.210.0;63.21.210.255;42.3601;-71.0589
63.21.211.0;63.21.211.255;41.8536;-87.6183
63.21.212.0;63.21.214.255;42.3601;-71.0589
63.21.215.0;63.21.215.255;42.6526;-73.7562
63.21.216.0;63.21.216.255;42.3601;-71.0589
63.21.217.0;63.21.217.255;41.8536;-87.6183
63.21.218.0;63.21.220.255;42.3601;-71.0589
63.21.221.0;63.21.221.255;41.8536;-87.6183
63.21.222.0;63.21.224.255;42.3601;-71.0589
63.21.225.0;63.21.225.255;41.8536;-87.6183
63.21.226.0;63.21.226.255;42.3601;-71.0589
63.21.227.0;63.21.228.255;41.8536;-87.6183
63.21.229.0;63.21.229.255;41.8781;-87.6298
63.21.230.0;63.21.230.255;42.6526;-73.7562
63.21.231.0;63.21.231.255;41.8536;-87.6183
63.21.232.0;63.21.232.255;42.3601;-71.0589
63.21.233.0;63.21.233.255;41.8536;-87.6183
63.21.234.0;63.21.234.255;41.8781;-87.6298
63.21.235.0;63.21.235.255;42.6526;-73.7562
63.21.236.0;63.21.236.255;41.8536;-87.6183
63.21.237.0;63.21.240.255;42.3601;-71.0589
63.21.241.0;63.21.241.255;40.7128;-74.006
63.21.242.0;63.21.242.255;42.3601;-71.0589
63.21.243.0;63.21.243.255;42.6526;-73.7562
63.21.244.0;63.21.244.255;42.3601;-71.0589
63.21.245.0;63.21.247.255;41.8536;-87.6183
63.21.248.0;63.21.248.255;40.7128;-74.006
63.21.249.0;63.21.249.255;41.8536;-87.6183
63.21.250.0;63.21.251.255;42.3601;-71.0589
63.21.252.0;63.21.252.255;41.8536;-87.6183
63.21.253.0;63.21.253.255;40.7128;-74.006
63.21.254.0;63.21.255.255;41.8536;-87.6183
63.22.0.0;63.22.0.255;42.3601;-71.0589
63.22.1.0;63.22.1.255;42.6526;-73.7562
63.22.2.0;63.22.2.255;42.3601;-71.0589
63.22.3.0;63.22.3.255;41.8781;-87.6298
63.22.4.0;63.22.4.255;42.6526;-73.7562
63.22.5.0;63.22.5.255;41.8536;-87.6183
63.22.6.0;63.22.6.255;40.7128;-74.006
63.22.7.0;63.22.7.255;42.6526;-73.7562
63.22.8.0;63.22.8.255;42.3601;-71.0589
63.22.9.0;63.22.9.255;42.6526;-73.7562
63.22.10.0;63.22.15.255;41.8536;-87.6183
63.22.16.0;63.22.17.255;42.6526;-73.7562
63.22.18.0;63.22.18.255;41.8536;-87.6183
63.22.19.0;63.22.19.255;42.6526;-73.7562
63.22.20.0;63.22.20.255;42.3601;-71.0589
63.22.21.0;63.22.21.255;41.8536;-87.6183
63.22.22.0;63.22.22.255;42.6526;-73.7562
63.22.23.0;63.22.25.255;42.3601;-71.0589
63.22.26.0;63.22.26.255;42.6526;-73.7562
63.22.27.0;63.22.27.255;42.3601;-71.0589
63.22.28.0;63.22.28.255;42.6526;-73.7562
63.22.29.0;63.22.29.255;41.8536;-87.6183
63.22.30.0;63.22.31.255;42.3601;-71.0589
63.22.32.0;63.22.32.255;41.8536;-87.6183
63.22.33.0;63.22.33.255;42.6526;-73.7562
63.22.34.0;63.22.34.255;42.3601;-71.0589
63.22.35.0;63.22.35.255;41.8781;-87.6298
63.22.36.0;63.22.36.255;42.3601;-71.0589
63.22.37.0;63.22.37.255;41.8536;-87.6183
63.22.38.0;63.22.39.255;42.3601;-71.0589
63.22.40.0;63.22.40.255;41.8536;-87.6183
63.22.41.0;63.22.41.255;42.6526;-73.7562
63.22.42.0;63.22.43.255;42.3601;-71.0589
63.22.44.0;63.22.44.255;40.7128;-74.006
63.22.45.0;63.22.45.255;41.8536;-87.6183
63.22.46.0;63.22.47.255;42.3601;-71.0589
63.22.48.0;63.22.48.255;42.6526;-73.7562
63.22.49.0;63.22.51.255;42.3601;-71.0589
63.22.52.0;63.22.53.255;41.8536;-87.6183
63.22.54.0;63.22.56.255;42.3601;-71.0589
63.22.57.0;63.22.57.255;41.8781;-87.6298
63.22.58.0;63.22.58.255;40.7128;-74.006
63.22.59.0;63.22.59.255;42.3601;-71.0589
63.22.60.0;63.22.60.255;42.6526;-73.7562
63.22.61.0;63.22.61.255;40.7128;-74.006
63.22.62.0;63.22.62.255;42.6526;-73.7562
63.22.63.0;63.22.63.255;41.8536;-87.6183
63.22.64.0;63.22.64.255;42.6526;-73.7562
63.22.65.0;63.22.65.255;40.7128;-74.006
63.22.66.0;63.22.67.255;41.8536;-87.6183
63.22.68.0;63.22.68.255;42.6526;-73.7562
63.22.69.0;63.22.69.255;41.8536;-87.6183
63.22.70.0;63.22.72.255;42.3601;-71.0589
63.22.73.0;63.22.73.255;41.8536;-87.6183
63.22.74.0;63.22.74.255;42.3601;-71.0589
63.22.75.0;63.22.75.255;41.8536;-87.6183
63.22.76.0;63.22.76.255;42.3601;-71.0589
63.22.77.0;63.22.77.255;42.6526;-73.7562
63.22.78.0;63.22.78.255;41.8536;-87.6183
63.22.79.0;63.22.79.255;42.6526;-73.7562
63.22.80.0;63.22.80.255;42.3601;-71.0589
63.22.81.0;63.22.83.255;41.8536;-87.6183
63.22.84.0;63.22.84.255;42.3601;-71.0589
63.22.85.0;63.22.85.255;41.8781;-87.6298
63.22.86.0;63.22.86.255;41.8536;-87.6183
63.22.87.0;63.22.87.255;42.3601;-71.0589
63.22.88.0;63.22.88.255;41.8536;-87.6183
63.22.89.0;63.22.90.255;42.3601;-71.0589
63.22.91.0;63.22.91.255;42.6526;-73.7562
63.22.92.0;63.22.94.255;42.3601;-71.0589
63.22.95.0;63.22.95.255;41.8536;-87.6183
63.22.96.0;63.22.96.255;42.3601;-71.0589
63.22.97.0;63.22.98.255;41.8536;-87.6183
63.22.99.0;63.22.99.255;42.3601;-71.0589
63.22.100.0;63.22.100.255;41.8536;-87.6183
63.22.101.0;63.22.101.255;42.3601;-71.0589
63.22.102.0;63.22.102.255;41.8536;-87.6183
63.22.103.0;63.22.104.255;42.3601;-71.0589
63.22.105.0;63.22.105.255;41.8536;-87.6183
63.22.106.0;63.22.106.255;42.3601;-71.0589
63.22.107.0;63.22.107.255;41.8536;-87.6183
63.22.108.0;63.22.108.255;42.6526;-73.7562
63.22.109.0;63.22.109.255;41.8536;-87.6183
63.22.110.0;63.22.112.255;42.3601;-71.0589
63.22.113.0;63.22.113.255;40.7128;-74.006
63.22.114.0;63.22.114.255;42.6526;-73.7562
63.22.115.0;63.22.116.255;41.8536;-87.6183
63.22.117.0;63.22.117.255;42.3601;-71.0589
63.22.118.0;63.22.118.255;41.8781;-87.6298
63.22.119.0;63.22.119.255;40.7128;-74.006
63.22.120.0;63.22.120.255;41.8536;-87.6183
63.22.121.0;63.22.121.255;41.8781;-87.6298
63.22.122.0;63.22.122.255;40.7128;-74.006
63.22.123.0;63.22.124.255;41.8536;-87.6183
63.22.125.0;63.22.125.255;42.3601;-71.0589
63.22.126.0;63.22.127.255;41.8536;-87.6183
63.22.128.0;63.22.130.255;42.3601;-71.0589
63.22.131.0;63.22.131.255;41.8536;-87.6183
63.22.132.0;63.22.135.255;42.3601;-71.0589
63.22.136.0;63.22.136.255;41.8536;-87.6183
63.22.137.0;63.22.137.255;42.6526;-73.7562
63.22.138.0;63.22.138.255;41.8536;-87.6183
63.22.139.0;63.22.139.255;40.7128;-74.006
63.22.140.0;63.22.140.255;41.8536;-87.6183
63.22.141.0;63.22.141.255;42.6526;-73.7562
63.22.142.0;63.22.142.255;42.3601;-71.0589
63.22.143.0;63.22.143.255;42.6526;-73.7562
63.22.144.0;63.22.144.255;41.8536;-87.6183
63.22.145.0;63.22.147.255;40.7128;-74.006
63.22.148.0;63.22.148.255;42.6526;-73.7562
63.22.149.0;63.22.149.255;41.8536;-87.6183
63.22.150.0;63.22.150.255;40.7128;-74.006
63.22.151.0;63.22.152.255;42.3601;-71.0589
63.22.153.0;63.22.153.255;42.6526;-73.7562
63.22.154.0;63.22.154.255;42.3601;-71.0589
63.22.155.0;63.22.155.255;41.8781;-87.6298
63.22.156.0;63.22.156.255;42.3601;-71.0589
63.22.157.0;63.22.157.255;42.6526;-73.7562
63.22.158.0;63.22.159.255;42.3601;-71.0589
63.22.160.0;63.22.160.255;41.8536;-87.6183
63.22.161.0;63.22.161.255;42.3601;-71.0589
63.22.162.0;63.22.162.255;40.7128;-74.006
63.22.163.0;63.22.166.255;41.8536;-87.6183
63.22.167.0;63.22.167.255;42.3601;-71.0589
63.22.168.0;63.22.169.255;41.8536;-87.6183
63.22.170.0;63.22.170.255;42.6526;-73.7562
63.22.171.0;63.22.173.255;42.3601;-71.0589
63.22.174.0;63.22.174.255;42.6526;-73.7562
63.22.175.0;63.22.175.255;42.3601;-71.0589
63.22.176.0;63.22.176.255;41.8781;-87.6298
63.22.177.0;63.22.179.255;42.3601;-71.0589
63.22.180.0;63.22.180.255;41.8536;-87.6183
63.22.181.0;63.22.181.255;42.3601;-71.0589
63.22.182.0;63.22.182.255;41.8536;-87.6183
63.22.183.0;63.22.183.255;42.3601;-71.0589
63.22.184.0;63.22.184.255;41.8536;-87.6183
63.22.185.0;63.22.185.255;42.3601;-71.0589
63.22.186.0;63.22.187.255;41.8781;-87.6298
63.22.188.0;63.22.188.255;42.6526;-73.7562
63.22.189.0;63.22.189.255;41.8536;-87.6183
63.22.190.0;63.22.191.255;42.3601;-71.0589
63.22.192.0;63.22.192.255;42.6526;-73.7562
63.22.193.0;63.22.193.255;40.7128;-74.006
63.22.194.0;63.22.195.255;42.3601;-71.0589
63.22.196.0;63.22.196.255;41.8536;-87.6183
63.22.197.0;63.22.197.255;42.3601;-71.0589
63.22.198.0;63.22.198.255;42.6526;-73.7562
63.22.199.0;63.22.199.255;41.8536;-87.6183
63.22.200.0;63.22.200.255;42.3601;-71.0589
63.22.201.0;63.22.201.255;39.0113;-77.4713
63.22.202.0;63.22.202.255;42.6526;-73.7562
63.22.203.0;63.22.203.255;42.3601;-71.0589
63.22.204.0;63.22.204.255;41.8536;-87.6183
63.22.205.0;63.22.205.255;42.3601;-71.0589
63.22.206.0;63.22.206.255;40.7128;-74.006
63.22.207.0;63.22.207.255;42.3601;-71.0589
63.22.208.0;63.22.208.255;41.8536;-87.6183
63.22.209.0;63.22.209.255;42.3601;-71.0589
63.22.210.0;63.22.210.255;41.8536;-87.6183
63.22.211.0;63.22.211.255;42.3601;-71.0589
63.22.212.0;63.22.212.255;41.8781;-87.6298
63.22.213.0;63.22.213.255;42.3601;-71.0589
63.22.214.0;63.22.214.255;41.8536;-87.6183
63.22.215.0;63.22.215.255;42.3601;-71.0589
63.22.216.0;63.22.216.255;41.8536;-87.6183
63.22.217.0;63.22.217.255;42.6526;-73.7562
63.22.218.0;63.22.218.255;41.8536;-87.6183
63.22.219.0;63.22.220.255;42.3601;-71.0589
63.22.221.0;63.22.221.255;41.8781;-87.6298
63.22.222.0;63.22.222.255;41.8536;-87.6183
63.22.223.0;63.22.223.255;39.0113;-77.4713
63.22.224.0;63.22.224.255;41.8536;-87.6183
63.22.225.0;63.22.225.255;42.6526;-73.7562
63.22.226.0;63.22.226.255;41.8536;-87.6183
63.22.227.0;63.22.227.255;42.6526;-73.7562
63.22.228.0;63.22.231.255;42.3601;-71.0589
63.22.232.0;63.22.232.255;41.8536;-87.6183
63.22.233.0;63.22.234.255;42.3601;-71.0589
63.22.235.0;63.22.235.255;41.8536;-87.6183
63.22.236.0;63.22.236.255;42.3601;-71.0589
63.22.237.0;63.22.237.255;41.8536;-87.6183
63.22.238.0;63.22.238.255;41.8781;-87.6298
63.22.239.0;63.22.240.255;42.3601;-71.0589
63.22.241.0;63.22.242.255;41.8536;-87.6183
63.22.243.0;63.22.243.255;42.6526;-73.7562
63.22.244.0;63.22.244.255;41.8536;-87.6183
63.22.245.0;63.22.245.255;41.8781;-87.6298
63.22.246.0;63.22.246.255;41.8536;-87.6183
63.22.247.0;63.22.247.255;41.8781;-87.6298
63.22.248.0;63.22.248.255;41.8536;-87.6183
63.22.249.0;63.22.249.255;42.6526;-73.7562
63.22.250.0;63.22.251.255;41.8536;-87.6183
63.22.252.0;63.22.253.255;42.3601;-71.0589
63.22.254.0;63.22.254.255;42.6526;-73.7562
63.22.255.0;63.22.255.255;41.8536;-87.6183
63.23.0.0;63.23.1.255;42.6526;-73.7562
63.23.2.0;63.23.2.255;42.3601;-71.0589
63.23.3.0;63.23.4.255;40.7128;-74.006
63.23.5.0;63.23.5.255;41.8536;-87.6183
63.23.6.0;63.23.6.255;42.6526;-73.7562
63.23.7.0;63.23.7.255;41.8536;-87.6183
63.23.8.0;63.23.9.255;42.6526;-73.7562
63.23.10.0;63.23.10.255;41.8536;-87.6183
63.23.11.0;63.23.11.255;42.3601;-71.0589
63.23.12.0;63.23.13.255;41.8536;-87.6183
63.23.14.0;63.23.14.255;40.7128;-74.006
63.23.15.0;63.23.15.255;41.8536;-87.6183
63.23.16.0;63.23.17.255;42.6526;-73.7562
63.23.18.0;63.23.18.255;41.8536;-87.6183
63.23.19.0;63.23.19.255;42.3601;-71.0589
63.23.20.0;63.23.20.255;42.6526;-73.7562
63.23.21.0;63.23.22.255;41.8536;-87.6183
63.23.23.0;63.23.24.255;42.3601;-71.0589
63.23.25.0;63.23.25.255;41.8781;-87.6298
63.23.26.0;63.23.26.255;42.3601;-71.0589
63.23.27.0;63.23.27.255;42.6526;-73.7562
63.23.28.0;63.23.28.255;41.8536;-87.6183
63.23.29.0;63.23.29.255;42.3601;-71.0589
63.23.30.0;63.23.30.255;41.8536;-87.6183
63.23.31.0;63.23.33.255;42.3601;-71.0589
63.23.34.0;63.23.35.255;41.8536;-87.6183
63.23.36.0;63.23.37.255;42.3601;-71.0589
63.23.38.0;63.23.38.255;41.8536;-87.6183
63.23.39.0;63.23.39.255;42.6526;-73.7562
63.23.40.0;63.23.40.255;41.8536;-87.6183
63.23.41.0;63.23.41.255;42.3601;-71.0589
63.23.42.0;63.23.42.255;42.6526;-73.7562
63.23.43.0;63.23.43.255;42.3601;-71.0589
63.23.44.0;63.23.44.255;39.0113;-77.4713
63.23.45.0;63.23.45.255;41.8536;-87.6183
63.23.46.0;63.23.46.255;42.6526;-73.7562
63.23.47.0;63.23.47.255;41.8781;-87.6298
63.23.48.0;63.23.48.255;70.4244;-148.871
63.23.49.0;63.23.49.255;40.7128;-74.006
63.23.50.0;63.23.50.255;70.4244;-148.871
63.23.51.0;63.23.52.255;42.3601;-71.0589
63.23.53.0;63.23.53.255;41.8536;-87.6183
63.23.54.0;63.23.54.255;41.8781;-87.6298
63.23.55.0;63.23.55.255;42.3601;-71.0589
63.23.56.0;63.23.56.255;41.8781;-87.6298
63.23.57.0;63.23.57.255;41.8536;-87.6183
63.23.58.0;63.23.58.255;40.7128;-74.006
63.23.59.0;63.23.59.255;42.6526;-73.7562
63.23.60.0;63.23.60.255;42.3601;-71.0589
63.23.61.0;63.23.61.255;41.8536;-87.6183
63.23.62.0;63.23.63.255;42.6526;-73.7562
63.23.64.0;63.23.65.255;38.9072;-77.0369
63.23.66.0;63.23.66.255;40.7128;-74.006
63.23.67.0;63.23.69.255;42.3601;-71.0589
63.23.70.0;63.23.70.255;42.6526;-73.7562
63.23.71.0;63.23.71.255;41.8536;-87.6183
63.23.72.0;63.23.72.255;42.6526;-73.7562
63.23.73.0;63.23.74.255;41.8536;-87.6183
63.23.75.0;63.23.77.255;42.3601;-71.0589
63.23.78.0;63.23.78.255;42.6526;-73.7562
63.23.79.0;63.23.79.255;42.3601;-71.0589
63.23.80.0;63.23.81.255;38.9072;-77.0369
63.23.82.0;63.23.82.255;40.7128;-74.006
63.23.83.0;63.23.83.255;41.8536;-87.6183
63.23.84.0;63.23.86.255;42.3601;-71.0589
63.23.87.0;63.23.87.255;41.8536;-87.6183
63.23.88.0;63.23.89.255;42.3601;-71.0589
63.23.90.0;63.23.91.255;41.8536;-87.6183
63.23.92.0;63.23.92.255;42.3601;-71.0589
63.23.93.0;63.23.93.255;41.8536;-87.6183
63.23.94.0;63.23.94.255;41.8781;-87.6298
63.23.95.0;63.23.95.255;42.6526;-73.7562
63.23.96.0;63.23.96.255;42.3601;-71.0589
63.23.97.0;63.23.97.255;41.8781;-87.6298
63.23.98.0;63.23.98.255;42.3601;-71.0589
63.23.99.0;63.23.99.255;41.8536;-87.6183
63.23.100.0;63.23.102.255;42.3601;-71.0589
63.23.103.0;63.23.103.255;41.8536;-87.6183
63.23.104.0;63.23.104.255;42.3601;-71.0589
63.23.105.0;63.23.105.255;42.6526;-73.7562
63.23.106.0;63.23.106.255;41.8536;-87.6183
63.23.107.0;63.23.109.255;42.3601;-71.0589
63.23.110.0;63.23.110.255;42.6526;-73.7562
63.23.111.0;63.23.112.255;42.3601;-71.0589
63.23.113.0;63.23.113.255;41.8536;-87.6183
63.23.114.0;63.23.115.255;42.3601;-71.0589
63.23.116.0;63.23.116.255;41.8781;-87.6298
63.23.117.0;63.23.117.255;42.3601;-71.0589
63.23.118.0;63.23.119.255;41.8536;-87.6183
63.23.120.0;63.23.120.255;42.6526;-73.7562
63.23.121.0;63.23.121.255;41.8536;-87.6183
63.23.122.0;63.23.122.255;42.3601;-71.0589
63.23.123.0;63.23.123.255;41.8536;-87.6183
63.23.124.0;63.23.124.255;42.3601;-71.0589
63.23.125.0;63.23.127.255;41.8536;-87.6183
63.23.128.0;63.23.128.255;41.8781;-87.6298
63.23.129.0;63.23.129.255;42.6526;-73.7562
63.23.130.0;63.23.131.255;42.3601;-71.0589
63.23.132.0;63.23.132.255;42.6526;-73.7562
63.23.133.0;63.23.133.255;42.3601;-71.0589
63.23.134.0;63.23.134.255;42.6526;-73.7562
63.23.135.0;63.23.136.255;42.3601;-71.0589
63.23.137.0;63.23.137.255;42.6526;-73.7562
63.23.138.0;63.23.139.255;42.3601;-71.0589
63.23.140.0;63.23.140.255;40.7128;-74.006
63.23.141.0;63.23.141.255;42.3601;-71.0589
63.23.142.0;63.23.142.255;41.8536;-87.6183
63.23.143.0;63.23.143.255;42.3601;-71.0589
63.23.144.0;63.23.144.255;42.6526;-73.7562
63.23.145.0;63.23.145.255;41.8536;-87.6183
63.23.146.0;63.23.146.255;42.3601;-71.0589
63.23.147.0;63.23.147.255;41.8536;-87.6183
63.23.148.0;63.23.148.255;42.3601;-71.0589
63.23.149.0;63.23.149.255;41.8536;-87.6183
63.23.150.0;63.23.150.255;42.6526;-73.7562
63.23.151.0;63.23.151.255;42.3601;-71.0589
63.23.152.0;63.23.152.255;41.8536;-87.6183
63.23.153.0;63.23.154.255;42.3601;-71.0589
63.23.155.0;63.23.155.255;42.6526;-73.7562
63.23.156.0;63.23.156.255;41.8781;-87.6298
63.23.157.0;63.23.158.255;42.6526;-73.7562
63.23.159.0;63.23.159.255;41.8781;-87.6298
63.23.160.0;63.23.160.255;42.3601;-71.0589
63.23.161.0;63.23.161.255;41.8536;-87.6183
63.23.162.0;63.23.162.255;42.3601;-71.0589
63.23.163.0;63.23.163.255;42.6526;-73.7562
63.23.164.0;63.23.165.255;42.3601;-71.0589
63.23.166.0;63.23.166.255;41.8536;-87.6183
63.23.167.0;63.23.167.255;42.3601;-71.0589
63.23.168.0;63.23.168.255;41.8536;-87.6183
63.23.169.0;63.23.169.255;42.6526;-73.7562
63.23.170.0;63.23.170.255;42.3601;-71.0589
63.23.171.0;63.23.171.255;42.6526;-73.7562
63.23.172.0;63.23.172.255;42.3601;-71.0589
63.23.173.0;63.23.174.255;41.8536;-87.6183
63.23.175.0;63.23.175.255;41.8781;-87.6298
63.23.176.0;63.23.176.255;42.3601;-71.0589
63.23.177.0;63.23.177.255;42.6526;-73.7562
63.23.178.0;63.23.178.255;41.8536;-87.6183
63.23.179.0;63.23.179.255;42.3601;-71.0589
63.23.180.0;63.23.180.255;41.8781;-87.6298
63.23.181.0;63.23.183.255;41.8536;-87.6183
63.23.184.0;63.23.185.255;42.3601;-71.0589
63.23.186.0;63.23.186.255;42.6526;-73.7562
63.23.187.0;63.23.187.255;42.3601;-71.0589
63.23.188.0;63.23.188.255;40.7128;-74.006
63.23.189.0;63.23.189.255;41.8781;-87.6298
63.23.190.0;63.23.191.255;41.8536;-87.6183
63.23.192.0;63.23.193.255;42.3601;-71.0589
63.23.194.0;63.23.194.255;41.8536;-87.6183
63.23.195.0;63.23.196.255;42.6526;-73.7562
63.23.197.0;63.23.199.255;42.3601;-71.0589
63.23.200.0;63.23.200.255;42.6526;-73.7562
63.23.201.0;63.23.201.255;41.8536;-87.6183
63.23.202.0;63.23.202.255;42.6526;-73.7562
63.23.203.0;63.23.203.255;42.3601;-71.0589
63.23.204.0;63.23.204.255;41.8781;-87.6298
63.23.205.0;63.23.205.255;42.6526;-73.7562
63.23.206.0;63.23.207.255;42.3601;-71.0589
63.23.208.0;63.23.208.255;41.8781;-87.6298
63.23.209.0;63.23.210.255;42.3601;-71.0589
63.23.211.0;63.23.211.255;41.8536;-87.6183
63.23.212.0;63.23.212.255;42.6526;-73.7562
63.23.213.0;63.23.213.255;41.8536;-87.6183
63.23.214.0;63.23.214.255;42.3601;-71.0589
63.23.215.0;63.23.215.255;42.6526;-73.7562
63.23.216.0;63.23.217.255;42.3601;-71.0589
63.23.218.0;63.23.218.255;42.6526;-73.7562
63.23.219.0;63.23.219.255;42.3601;-71.0589
63.23.220.0;63.23.220.255;42.6526;-73.7562
63.23.221.0;63.23.221.255;41.8536;-87.6183
63.23.222.0;63.23.223.255;42.6526;-73.7562
63.23.224.0;63.23.224.255;41.8781;-87.6298
63.23.225.0;63.23.225.255;42.6526;-73.7562
63.23.226.0;63.23.226.255;40.7128;-74.006
63.23.227.0;63.23.229.255;41.8536;-87.6183
63.23.230.0;63.23.230.255;42.3601;-71.0589
63.23.231.0;63.23.231.255;42.6526;-73.7562
63.23.232.0;63.23.232.255;40.7128;-74.006
63.23.233.0;63.23.233.255;42.3601;-71.0589
63.23.234.0;63.23.234.255;41.8781;-87.6298
63.23.235.0;63.23.235.255;42.3601;-71.0589
63.23.236.0;63.23.236.255;42.6526;-73.7562
63.23.237.0;63.23.239.255;42.3601;-71.0589
63.23.240.0;63.23.240.255;42.6526;-73.7562
63.23.241.0;63.23.241.255;41.8781;-87.6298
63.23.242.0;63.23.242.255;41.8536;-87.6183
63.23.243.0;63.23.244.255;42.3601;-71.0589
63.23.245.0;63.23.245.255;42.6526;-73.7562
63.23.246.0;63.23.246.255;39.0113;-77.4713
63.23.247.0;63.23.248.255;41.8536;-87.6183
63.23.249.0;63.23.249.255;40.7128;-74.006
63.23.250.0;63.23.250.255;41.8536;-87.6183
63.23.251.0;63.23.251.255;40.7128;-74.006
63.23.252.0;63.23.252.255;42.6526;-73.7562
63.23.253.0;63.23.253.255;41.8536;-87.6183
63.23.254.0;63.24.0.255;42.3601;-71.0589
63.24.1.0;63.24.1.255;42.6526;-73.7562
63.24.2.0;63.24.7.255;42.3601;-71.0589
63.24.8.0;63.24.10.255;41.8536;-87.6183
63.24.11.0;63.24.14.255;42.3601;-71.0589
63.24.15.0;63.24.15.255;41.8536;-87.6183
63.24.16.0;63.24.17.255;42.3601;-71.0589
63.24.18.0;63.24.21.255;41.8536;-87.6183
63.24.22.0;63.24.22.255;42.3601;-71.0589
63.24.23.0;63.24.23.255;42.6526;-73.7562
63.24.24.0;63.24.24.255;41.8781;-87.6298
63.24.25.0;63.24.25.255;42.3601;-71.0589
63.24.26.0;63.24.27.255;42.6526;-73.7562
63.24.28.0;63.24.28.255;42.3601;-71.0589
63.24.29.0;63.24.29.255;42.6526;-73.7562
63.24.30.0;63.24.33.255;42.3601;-71.0589
63.24.34.0;63.24.35.255;41.8536;-87.6183
63.24.36.0;63.24.36.255;42.3601;-71.0589
63.24.37.0;63.24.37.255;41.8536;-87.6183
63.24.38.0;63.24.39.255;42.6526;-73.7562
63.24.40.0;63.24.40.255;41.8536;-87.6183
63.24.41.0;63.24.41.255;40.7128;-74.006
63.24.42.0;63.24.43.255;42.6526;-73.7562
63.24.44.0;63.24.44.255;42.3601;-71.0589
63.24.45.0;63.24.45.255;41.8781;-87.6298
63.24.46.0;63.24.46.255;42.3601;-71.0589
63.24.47.0;63.24.47.255;41.8536;-87.6183
63.24.48.0;63.24.48.255;41.8781;-87.6298
63.24.49.0;63.24.51.255;41.8536;-87.6183
63.24.52.0;63.24.52.255;42.3601;-71.0589
63.24.53.0;63.24.53.255;41.8536;-87.6183
63.24.54.0;63.24.54.255;42.3601;-71.0589
63.24.55.0;63.24.55.255;42.6526;-73.7562
63.24.56.0;63.24.56.255;41.8536;-87.6183
63.24.57.0;63.24.59.255;42.3601;-71.0589
63.24.60.0;63.24.60.255;41.8536;-87.6183
63.24.61.0;63.24.61.255;42.6526;-73.7562
63.24.62.0;63.24.65.255;42.3601;-71.0589
63.24.66.0;63.24.67.255;42.6526;-73.7562
63.24.68.0;63.24.70.255;42.3601;-71.0589
63.24.71.0;63.24.71.255;41.8536;-87.6183
63.24.72.0;63.24.72.255;42.3601;-71.0589
63.24.73.0;63.24.75.255;41.8536;-87.6183
63.24.76.0;63.24.76.255;42.6526;-73.7562
63.24.77.0;63.24.77.255;41.8781;-87.6298
63.24.78.0;63.24.80.255;42.3601;-71.0589
63.24.81.0;63.24.82.255;41.8536;-87.6183
63.24.83.0;63.24.83.255;41.8781;-87.6298
63.24.84.0;63.24.87.255;42.3601;-71.0589
63.24.88.0;63.24.88.255;42.6526;-73.7562
63.24.89.0;63.24.90.255;41.8536;-87.6183
63.24.91.0;63.24.92.255;42.3601;-71.0589
63.24.93.0;63.24.93.255;41.8536;-87.6183
63.24.94.0;63.24.94.255;42.6526;-73.7562
63.24.95.0;63.24.95.255;41.8536;-87.6183
63.24.96.0;63.24.96.255;40.7128;-74.006
63.24.97.0;63.24.97.255;42.3601;-71.0589
63.24.98.0;63.24.98.255;41.8536;-87.6183
63.24.99.0;63.24.99.255;40.7128;-74.006
63.24.100.0;63.24.100.255;42.6526;-73.7562
63.24.101.0;63.24.106.255;42.3601;-71.0589
63.24.107.0;63.24.107.255;41.8536;-87.6183
63.24.108.0;63.24.109.255;42.3601;-71.0589
63.24.110.0;63.24.111.255;41.8536;-87.6183
63.24.112.0;63.24.112.255;42.3601;-71.0589
63.24.113.0;63.24.113.255;41.8536;-87.6183
63.24.114.0;63.24.114.255;39.0113;-77.4713
63.24.115.0;63.24.115.255;41.8536;-87.6183
63.24.116.0;63.24.116.255;42.6526;-73.7562
63.24.117.0;63.24.121.255;42.3601;-71.0589
63.24.122.0;63.24.123.255;41.8536;-87.6183
63.24.124.0;63.24.124.255;42.3601;-71.0589
63.24.125.0;63.24.126.255;42.6526;-73.7562
63.24.127.0;63.24.128.255;42.3601;-71.0589
63.24.129.0;63.24.129.255;41.8536;-87.6183
63.24.130.0;63.24.131.255;42.3601;-71.0589
63.24.132.0;63.24.132.255;41.8536;-87.6183
63.24.133.0;63.24.134.255;42.6526;-73.7562
63.24.135.0;63.24.136.255;41.8536;-87.6183
63.24.137.0;63.24.137.255;41.8781;-87.6298
63.24.138.0;63.24.139.255;42.3601;-71.0589
63.24.140.0;63.24.140.255;40.7128;-74.006
63.24.141.0;63.24.142.255;41.8536;-87.6183
63.24.143.0;63.24.144.255;42.3601;-71.0589
63.24.145.0;63.24.145.255;41.8536;-87.6183
63.24.146.0;63.24.146.255;42.3601;-71.0589
63.24.147.0;63.24.147.255;41.8536;-87.6183
63.24.148.0;63.24.148.255;41.8781;-87.6298
63.24.149.0;63.24.149.255;41.8536;-87.6183
63.24.150.0;63.24.150.255;42.3601;-71.0589
63.24.151.0;63.24.151.255;41.8536;-87.6183
63.24.152.0;63.24.152.255;41.8781;-87.6298
63.24.153.0;63.24.154.255;42.6526;-73.7562
63.24.155.0;63.24.155.255;42.3601;-71.0589
63.24.156.0;63.24.156.255;40.7128;-74.006
63.24.157.0;63.24.159.255;42.6526;-73.7562
63.24.160.0;63.24.160.255;42.3601;-71.0589
63.24.161.0;63.24.161.255;41.8536;-87.6183
63.24.162.0;63.24.162.255;42.6526;-73.7562
63.24.163.0;63.24.163.255;40.7128;-74.006
63.24.164.0;63.24.164.255;41.8536;-87.6183
63.24.165.0;63.24.168.255;42.3601;-71.0589
63.24.169.0;63.24.169.255;42.6526;-73.7562
63.24.170.0;63.24.170.255;41.8536;-87.6183
63.24.171.0;63.24.176.255;42.3601;-71.0589
63.24.177.0;63.24.177.255;41.8536;-87.6183
63.24.178.0;63.24.178.255;42.3601;-71.0589
63.24.179.0;63.24.179.255;42.6526;-73.7562
63.24.180.0;63.24.181.255;42.3601;-71.0589
63.24.182.0;63.24.182.255;41.8536;-87.6183
63.24.183.0;63.24.183.255;42.6526;-73.7562
63.24.184.0;63.24.185.255;42.3601;-71.0589
63.24.186.0;63.24.186.255;40.7128;-74.006
63.24.187.0;63.24.187.255;41.8536;-87.6183
63.24.188.0;63.24.188.255;42.3601;-71.0589
63.24.189.0;63.24.189.255;41.8536;-87.6183
63.24.190.0;63.24.190.255;42.3601;-71.0589
63.24.191.0;63.24.191.255;42.6526;-73.7562
63.24.192.0;63.24.192.255;42.3601;-71.0589
63.24.193.0;63.24.193.255;41.8536;-87.6183
63.24.194.0;63.24.194.255;41.8781;-87.6298
63.24.195.0;63.24.195.255;42.3601;-71.0589
63.24.196.0;63.24.197.255;41.8536;-87.6183
63.24.198.0;63.24.198.255;42.3601;-71.0589
63.24.199.0;63.24.199.255;41.8536;-87.6183
63.24.200.0;63.24.200.255;42.6526;-73.7562
63.24.201.0;63.24.201.255;42.3601;-71.0589
63.24.202.0;63.24.202.255;47.6062;-122.332
63.24.203.0;63.24.204.255;40.7128;-74.006
63.24.205.0;63.24.205.255;38.9072;-77.0369
63.24.206.0;63.24.206.255;40.7357;-74.1724
63.24.207.0;63.24.207.255;40.7128;-74.006
63.24.208.0;63.24.210.255;41.8536;-87.6183
63.24.211.0;63.24.211.255;42.3601;-71.0589
63.24.212.0;63.24.212.255;41.8781;-87.6298
63.24.213.0;63.24.213.255;39.0113;-77.4713
63.24.214.0;63.24.214.255;41.8536;-87.6183
63.24.215.0;63.24.216.255;42.6526;-73.7562
63.24.217.0;63.24.217.255;42.3601;-71.0589
63.24.218.0;63.24.219.255;42.6526;-73.7562
63.24.220.0;63.24.220.255;40.7128;-74.006
63.24.221.0;63.24.221.255;41.8536;-87.6183
63.24.222.0;63.24.223.255;42.3601;-71.0589
63.24.224.0;63.24.224.255;42.6526;-73.7562
63.24.225.0;63.24.225.255;41.8536;-87.6183
63.24.226.0;63.24.227.255;42.3601;-71.0589
63.24.228.0;63.24.228.255;41.8536;-87.6183
63.24.229.0;63.24.229.255;42.3601;-71.0589
63.24.230.0;63.24.230.255;41.8536;-87.6183
63.24.231.0;63.24.231.255;42.3601;-71.0589
63.24.232.0;63.24.232.255;41.8536;-87.6183
63.24.233.0;63.24.233.255;41.8781;-87.6298
63.24.234.0;63.24.235.255;42.3601;-71.0589
63.24.236.0;63.24.239.255;42.6526;-73.7562
63.24.240.0;63.24.240.255;42.3601;-71.0589
63.24.241.0;63.24.241.255;41.8536;-87.6183
63.24.242.0;63.24.244.255;42.3601;-71.0589
63.24.245.0;63.24.245.255;40.7128;-74.006
63.24.246.0;63.24.246.255;42.3601;-71.0589
63.24.247.0;63.24.247.255;41.8536;-87.6183
63.24.248.0;63.24.248.255;42.6526;-73.7562
63.24.249.0;63.24.249.255;41.8536;-87.6183
63.24.250.0;63.24.252.255;42.3601;-71.0589
63.24.253.0;63.24.253.255;41.8536;-87.6183
63.24.254.0;63.24.254.255;42.3601;-71.0589
63.24.255.0;63.24.255.255;41.8781;-87.6298
63.25.0.0;63.25.0.255;41.8536;-87.6183
63.25.1.0;63.25.2.255;42.3601;-71.0589
63.25.3.0;63.25.3.255;42.6526;-73.7562
63.25.4.0;63.25.4.255;40.7128;-74.006
63.25.5.0;63.25.6.255;42.6526;-73.7562
63.25.7.0;63.25.7.255;41.8536;-87.6183
63.25.8.0;63.25.8.255;42.6526;-73.7562
63.25.9.0;63.25.9.255;42.3601;-71.0589
63.25.10.0;63.25.12.255;41.8536;-87.6183
63.25.13.0;63.25.13.255;42.3601;-71.0589
63.25.14.0;63.25.16.255;41.8536;-87.6183
63.25.17.0;63.25.18.255;42.6526;-73.7562
63.25.19.0;63.25.19.255;40.7128;-74.006
63.25.20.0;63.25.20.255;41.8781;-87.6298
63.25.21.0;63.25.21.255;42.3601;-71.0589
63.25.22.0;63.25.22.255;40.7128;-74.006
63.25.23.0;63.25.23.255;42.3601;-71.0589
63.25.24.0;63.25.24.255;42.6526;-73.7562
63.25.25.0;63.25.26.255;41.8536;-87.6183
63.25.27.0;63.25.27.255;42.3601;-71.0589
63.25.28.0;63.25.28.255;40.7128;-74.006
63.25.29.0;63.25.29.255;41.8536;-87.6183
63.25.30.0;63.25.30.255;41.8781;-87.6298
63.25.31.0;63.25.31.255;42.3601;-71.0589
63.25.32.0;63.25.32.255;42.6526;-73.7562
63.25.33.0;63.25.33.255;42.3601;-71.0589
63.25.34.0;63.25.34.255;40.7128;-74.006
63.25.35.0;63.25.35.255;42.3601;-71.0589
63.25.36.0;63.25.36.255;41.8536;-87.6183
63.25.37.0;63.25.37.255;41.8781;-87.6298
63.25.38.0;63.25.38.255;42.3601;-71.0589
63.25.39.0;63.25.41.255;41.8536;-87.6183
63.25.42.0;63.25.42.255;42.3601;-71.0589
63.25.43.0;63.25.43.255;40.7128;-74.006
63.25.44.0;63.25.44.255;41.8536;-87.6183
63.25.45.0;63.25.45.255;42.6526;-73.7562
63.25.46.0;63.25.47.255;41.8536;-87.6183
63.25.48.0;63.25.49.255;42.3601;-71.0589
63.25.50.0;63.25.50.255;41.8781;-87.6298
63.25.51.0;63.25.53.255;42.3601;-71.0589
63.25.54.0;63.25.54.255;41.8781;-87.6298
63.25.55.0;63.25.57.255;41.8536;-87.6183
63.25.58.0;63.25.58.255;42.6526;-73.7562
63.25.59.0;63.25.59.255;42.3601;-71.0589
63.25.60.0;63.25.62.255;42.6526;-73.7562
63.25.63.0;63.25.63.255;42.3601;-71.0589
63.25.64.0;63.25.64.255;41.8536;-87.6183
63.25.65.0;63.25.65.255;40.7128;-74.006
63.25.66.0;63.25.69.255;42.3601;-71.0589
63.25.70.0;63.25.70.255;41.8536;-87.6183
63.25.71.0;63.25.71.255;42.6526;-73.7562
63.25.72.0;63.25.72.255;42.3601;-71.0589
63.25.73.0;63.25.74.255;41.8536;-87.6183
63.25.75.0;63.25.79.255;42.3601;-71.0589
63.25.80.0;63.25.80.255;40.7128;-74.006
63.25.81.0;63.25.81.255;42.3601;-71.0589
63.25.82.0;63.25.82.255;41.8536;-87.6183
63.25.83.0;63.25.83.255;42.6526;-73.7562
63.25.84.0;63.25.85.255;41.8536;-87.6183
63.25.86.0;63.25.86.255;40.7128;-74.006
63.25.87.0;63.25.87.255;42.6526;-73.7562
63.25.88.0;63.25.88.255;41.8536;-87.6183
63.25.89.0;63.25.89.255;42.6526;-73.7562
63.25.90.0;63.25.90.255;42.3601;-71.0589
63.25.91.0;63.25.91.255;41.8536;-87.6183
63.25.92.0;63.25.94.255;42.6526;-73.7562
63.25.95.0;63.25.95.255;40.7128;-74.006
63.25.96.0;63.25.97.255;41.8536;-87.6183
63.25.98.0;63.25.99.255;42.3601;-71.0589
63.25.100.0;63.25.100.255;42.6526;-73.7562
63.25.101.0;63.25.103.255;42.3601;-71.0589
63.25.104.0;63.25.104.255;42.6526;-73.7562
63.25.105.0;63.25.105.255;42.3601;-71.0589
63.25.106.0;63.25.106.255;40.7128;-74.006
63.25.107.0;63.25.107.255;42.3601;-71.0589
63.25.108.0;63.25.109.255;41.8536;-87.6183
63.25.110.0;63.25.110.255;42.6526;-73.7562
63.25.111.0;63.25.111.255;41.8781;-87.6298
63.25.112.0;63.25.112.255;41.8536;-87.6183
63.25.113.0;63.25.114.255;42.3601;-71.0589
63.25.115.0;63.25.115.255;42.6526;-73.7562
63.25.116.0;63.25.116.255;41.8536;-87.6183
63.25.117.0;63.25.119.255;42.3601;-71.0589
63.25.120.0;63.25.120.255;41.8536;-87.6183
63.25.121.0;63.25.121.255;42.6526;-73.7562
63.25.122.0;63.25.122.255;40.7128;-74.006
63.25.123.0;63.25.124.255;42.3601;-71.0589
63.25.125.0;63.25.125.255;41.8781;-87.6298
63.25.126.0;63.25.126.255;41.8536;-87.6183
63.25.127.0;63.25.127.255;40.7128;-74.006
63.25.128.0;63.25.128.255;42.6526;-73.7562
63.25.129.0;63.25.129.255;42.3601;-71.0589
63.25.130.0;63.25.133.255;41.8536;-87.6183
63.25.134.0;63.25.134.255;42.3601;-71.0589
63.25.135.0;63.25.135.255;41.8536;-87.6183
63.25.136.0;63.25.136.255;42.6526;-73.7562
63.25.137.0;63.25.137.255;42.3601;-71.0589
63.25.138.0;63.25.139.255;41.8781;-87.6298
63.25.140.0;63.25.140.255;42.3601;-71.0589
63.25.141.0;63.25.141.255;40.7128;-74.006
63.25.142.0;63.25.142.255;42.6526;-73.7562
63.25.143.0;63.25.143.255;42.3601;-71.0589
63.25.144.0;63.25.144.255;40.7128;-74.006
63.25.145.0;63.25.145.255;41.8781;-87.6298
63.25.146.0;63.25.148.255;42.3601;-71.0589
63.25.149.0;63.25.149.255;42.6526;-73.7562
63.25.150.0;63.25.150.255;42.3601;-71.0589
63.25.151.0;63.25.151.255;41.8536;-87.6183
63.25.152.0;63.25.153.255;42.6526;-73.7562
63.25.154.0;63.25.155.255;42.3601;-71.0589
63.25.156.0;63.25.156.255;40.7128;-74.006
63.25.157.0;63.25.157.255;42.6526;-73.7562
63.25.158.0;63.25.158.255;42.3601;-71.0589
63.25.159.0;63.25.159.255;41.8536;-87.6183
63.25.160.0;63.25.160.255;42.3601;-71.0589
63.25.161.0;63.25.161.255;41.8536;-87.6183
63.25.162.0;63.25.162.255;42.3601;-71.0589
63.25.163.0;63.25.163.255;42.6526;-73.7562
63.25.164.0;63.25.164.255;42.3601;-71.0589
63.25.165.0;63.25.166.255;41.8781;-87.6298
63.25.167.0;63.25.168.255;42.3601;-71.0589
63.25.169.0;63.25.170.255;42.6526;-73.7562
63.25.171.0;63.25.174.255;42.3601;-71.0589
63.25.175.0;63.25.175.255;41.8781;-87.6298
63.25.176.0;63.25.176.255;42.3601;-71.0589
63.25.177.0;63.25.177.255;42.6526;-73.7562
63.25.178.0;63.25.178.255;40.7128;-74.006
63.25.179.0;63.25.179.255;42.6526;-73.7562
63.25.180.0;63.25.180.255;41.8536;-87.6183
63.25.181.0;63.25.182.255;42.3601;-71.0589
63.25.183.0;63.25.183.255;42.6526;-73.7562
63.25.184.0;63.25.184.255;41.8536;-87.6183
63.25.185.0;63.25.186.255;42.3601;-71.0589
63.25.187.0;63.25.188.255;42.6526;-73.7562
63.25.189.0;63.25.189.255;42.3601;-71.0589
63.25.190.0;63.25.190.255;42.6526;-73.7562
63.25.191.0;63.25.191.255;42.3601;-71.0589
63.25.192.0;63.25.192.255;42.6526;-73.7562
63.25.193.0;63.25.193.255;42.3601;-71.0589
63.25.194.0;63.25.194.255;41.8781;-87.6298
63.25.195.0;63.25.196.255;42.3601;-71.0589
63.25.197.0;63.25.197.255;40.7128;-74.006
63.25.198.0;63.25.198.255;42.3601;-71.0589
63.25.199.0;63.25.199.255;42.6526;-73.7562
63.25.200.0;63.25.200.255;41.8781;-87.6298
63.25.201.0;63.25.202.255;42.3601;-71.0589
63.25.203.0;63.25.203.255;42.6526;-73.7562
63.25.204.0;63.25.204.255;41.8536;-87.6183
63.25.205.0;63.25.206.255;42.3601;-71.0589
63.25.207.0;63.25.207.255;41.8536;-87.6183
63.25.208.0;63.25.208.255;42.3601;-71.0589
63.25.209.0;63.25.209.255;41.8781;-87.6298
63.25.210.0;63.25.210.255;40.7128;-74.006
63.25.211.0;63.25.211.255;41.8781;-87.6298
63.25.212.0;63.25.213.255;42.6526;-73.7562
63.25.214.0;63.25.217.255;42.3601;-71.0589
63.25.218.0;63.25.218.255;41.8536;-87.6183
63.25.219.0;63.25.220.255;41.8781;-87.6298
63.25.221.0;63.25.221.255;42.3601;-71.0589
63.25.222.0;63.25.223.255;42.6526;-73.7562
63.25.224.0;63.25.225.255;42.3601;-71.0589
63.25.226.0;63.25.226.255;40.7128;-74.006
63.25.227.0;63.25.228.255;42.3601;-71.0589
63.25.229.0;63.25.229.255;40.7128;-74.006
63.25.230.0;63.25.230.255;42.3601;-71.0589
63.25.231.0;63.25.232.255;42.6526;-73.7562
63.25.233.0;63.25.236.255;42.3601;-71.0589
63.25.237.0;63.25.237.255;41.8781;-87.6298
63.25.238.0;63.25.238.255;41.8536;-87.6183
63.25.239.0;63.25.239.255;42.6526;-73.7562
63.25.240.0;63.25.242.255;42.3601;-71.0589
63.25.243.0;63.25.243.255;41.8536;-87.6183
63.25.244.0;63.25.244.255;41.8781;-87.6298
63.25.245.0;63.25.245.255;42.6526;-73.7562
63.25.246.0;63.25.246.255;41.8536;-87.6183
63.25.247.0;63.25.249.255;42.6526;-73.7562
63.25.250.0;63.25.250.255;41.8536;-87.6183
63.25.251.0;63.25.251.255;41.8781;-87.6298
63.25.252.0;63.25.253.255;42.3601;-71.0589
63.25.254.0;63.25.254.255;42.6526;-73.7562
63.25.255.0;63.25.255.255;41.8536;-87.6183
63.26.0.0;63.26.0.255;39.0113;-77.4713
63.26.1.0;63.26.1.255;47.6062;-122.332
63.26.2.0;63.26.2.255;41.8536;-87.6183
63.26.3.0;63.26.4.255;42.3601;-71.0589
63.26.5.0;63.26.5.255;41.4993;-81.6944
63.26.6.0;63.26.7.255;40.7357;-74.1724
63.26.8.0;63.26.8.255;42.3601;-71.0589
63.26.9.0;63.26.9.255;27.9517;-82.4588
63.26.10.0;63.26.10.255;47.6062;-122.332
63.26.11.0;63.26.11.255;39.0113;-77.4713
63.26.12.0;63.26.12.255;42.3601;-71.0589
63.26.13.0;63.26.13.255;39.0113;-77.4713
63.26.14.0;63.26.14.255;40.4462;-80.0676
63.26.15.0;63.26.15.255;39.0113;-77.4713
63.26.16.0;63.26.16.255;42.6526;-73.7562
63.26.17.0;63.26.17.255;41.8536;-87.6183
63.26.18.0;63.26.18.255;42.3601;-71.0589
63.26.19.0;63.26.19.255;41.8536;-87.6183
63.26.20.0;63.26.21.255;42.3601;-71.0589
63.26.22.0;63.26.22.255;41.8536;-87.6183
63.26.23.0;63.26.24.255;42.3601;-71.0589
63.26.25.0;63.26.25.255;39.0113;-77.4713
63.26.26.0;63.26.26.255;41.8536;-87.6183
63.26.27.0;63.26.28.255;42.3601;-71.0589
63.26.29.0;63.26.29.255;42.6526;-73.7562
63.26.30.0;63.26.34.255;42.3601;-71.0589
63.26.35.0;63.26.35.255;41.8536;-87.6183
63.26.36.0;63.26.36.255;42.6526;-73.7562
63.26.37.0;63.26.37.255;41.8536;-87.6183
63.26.38.0;63.26.38.255;42.3601;-71.0589
63.26.39.0;63.26.39.255;42.6526;-73.7562
63.26.40.0;63.26.41.255;41.8536;-87.6183
63.26.42.0;63.26.43.255;42.3601;-71.0589
63.26.44.0;63.26.44.255;41.8781;-87.6298
63.26.45.0;63.26.45.255;41.8536;-87.6183
63.26.46.0;63.26.46.255;42.6526;-73.7562
63.26.47.0;63.26.47.255;42.3601;-71.0589
63.26.48.0;63.26.48.255;42.6526;-73.7562
63.26.49.0;63.26.50.255;42.3601;-71.0589
63.26.51.0;63.26.51.255;42.6526;-73.7562
63.26.52.0;63.26.52.255;42.3601;-71.0589
63.26.53.0;63.26.53.255;41.8536;-87.6183
63.26.54.0;63.26.54.255;42.3601;-71.0589
63.26.55.0;63.26.55.255;41.8536;-87.6183
63.26.56.0;63.26.56.255;42.6526;-73.7562
63.26.57.0;63.26.57.255;42.3601;-71.0589
63.26.58.0;63.26.59.255;42.6526;-73.7562
63.26.60.0;63.26.60.255;41.8536;-87.6183
63.26.61.0;63.26.62.255;42.3601;-71.0589
63.26.63.0;63.26.63.255;41.8536;-87.6183
63.26.64.0;63.26.64.255;42.6526;-73.7562
63.26.65.0;63.26.66.255;41.8536;-87.6183
63.26.67.0;63.26.68.255;42.3601;-71.0589
63.26.69.0;63.26.69.255;41.8536;-87.6183
63.26.70.0;63.26.70.255;42.6526;-73.7562
63.26.71.0;63.26.72.255;42.3601;-71.0589
63.26.73.0;63.26.73.255;41.8536;-87.6183
63.26.74.0;63.26.74.255;42.3601;-71.0589
63.26.75.0;63.26.75.255;41.8536;-87.6183
63.26.76.0;63.26.76.255;42.3601;-71.0589
63.26.77.0;63.26.77.255;42.6526;-73.7562
63.26.78.0;63.26.78.255;42.3601;-71.0589
63.26.79.0;63.26.79.255;41.8536;-87.6183
63.26.80.0;63.26.80.255;41.8781;-87.6298
63.26.81.0;63.26.83.255;42.3601;-71.0589
63.26.84.0;63.26.85.255;41.8536;-87.6183
63.26.86.0;63.26.87.255;42.3601;-71.0589
63.26.88.0;63.26.88.255;41.8536;-87.6183
63.26.89.0;63.26.90.255;42.3601;-71.0589
63.26.91.0;63.26.92.255;41.8536;-87.6183
63.26.93.0;63.26.93.255;42.3601;-71.0589
63.26.94.0;63.26.95.255;42.6526;-73.7562
63.26.96.0;63.26.96.255;40.7128;-74.006
63.26.97.0;63.26.97.255;41.8536;-87.6183
63.26.98.0;63.26.98.255;42.6526;-73.7562
63.26.99.0;63.26.100.255;41.8536;-87.6183
63.26.101.0;63.26.102.255;42.3601;-71.0589
63.26.103.0;63.26.106.255;41.8536;-87.6183
63.26.107.0;63.26.107.255;40.7128;-74.006
63.26.108.0;63.26.108.255;42.6526;-73.7562
63.26.109.0;63.26.110.255;41.8781;-87.6298
63.26.111.0;63.26.111.255;42.3601;-71.0589
63.26.112.0;63.26.112.255;42.6526;-73.7562
63.26.113.0;63.26.113.255;41.8781;-87.6298
63.26.114.0;63.26.115.255;42.3601;-71.0589
63.26.116.0;63.26.117.255;42.6526;-73.7562
63.26.118.0;63.26.118.255;41.8536;-87.6183
63.26.119.0;63.26.119.255;42.6526;-73.7562
63.26.120.0;63.26.120.255;41.8781;-87.6298
63.26.121.0;63.26.121.255;41.8536;-87.6183
63.26.122.0;63.26.122.255;42.6526;-73.7562
63.26.123.0;63.26.128.255;42.3601;-71.0589
63.26.129.0;63.26.129.255;42.6526;-73.7562
63.26.130.0;63.26.130.255;41.8781;-87.6298
63.26.131.0;63.26.132.255;42.3601;-71.0589
63.26.133.0;63.26.133.255;42.6526;-73.7562
63.26.134.0;63.26.135.255;41.8536;-87.6183
63.26.136.0;63.26.136.255;42.6526;-73.7562
63.26.137.0;63.26.137.255;41.8536;-87.6183
63.26.138.0;63.26.138.255;42.6526;-73.7562
63.26.139.0;63.26.139.255;41.8781;-87.6298
63.26.140.0;63.26.140.255;41.8536;-87.6183
63.26.141.0;63.26.141.255;42.3601;-71.0589
63.26.142.0;63.26.142.255;41.8536;-87.6183
63.26.143.0;63.26.143.255;42.6526;-73.7562
63.26.144.0;63.26.144.255;42.3601;-71.0589
63.26.145.0;63.26.145.255;42.6526;-73.7562
63.26.146.0;63.26.146.255;42.3601;-71.0589
63.26.147.0;63.26.147.255;41.8781;-87.6298
63.26.148.0;63.26.148.255;41.8536;-87.6183
63.26.149.0;63.26.149.255;42.3601;-71.0589
63.26.150.0;63.26.150.255;42.6526;-73.7562
63.26.151.0;63.26.151.255;42.3601;-71.0589
63.26.152.0;63.26.152.255;40.7128;-74.006
63.26.153.0;63.26.153.255;42.6526;-73.7562
63.26.154.0;63.26.155.255;42.3601;-71.0589
63.26.156.0;63.26.156.255;41.8536;-87.6183
63.26.157.0;63.26.157.255;42.3601;-71.0589
63.26.158.0;63.26.158.255;41.8536;-87.6183
63.26.159.0;63.26.160.255;42.3601;-71.0589
63.26.161.0;63.26.161.255;42.6526;-73.7562
63.26.162.0;63.26.162.255;42.3601;-71.0589
63.26.163.0;63.26.163.255;42.6526;-73.7562
63.26.164.0;63.26.164.255;42.3601;-71.0589
63.26.165.0;63.26.166.255;42.6526;-73.7562
63.26.167.0;63.26.167.255;42.3601;-71.0589
63.26.168.0;63.26.168.255;41.8781;-87.6298
63.26.169.0;63.26.169.255;42.3601;-71.0589
63.26.170.0;63.26.171.255;42.6526;-73.7562
63.26.172.0;63.26.172.255;41.8536;-87.6183
63.26.173.0;63.26.174.255;42.3601;-71.0589
63.26.175.0;63.26.178.255;41.8536;-87.6183
63.26.179.0;63.26.179.255;40.7128;-74.006
63.26.180.0;63.26.182.255;41.8536;-87.6183
63.26.183.0;63.26.184.255;42.3601;-71.0589
63.26.185.0;63.26.185.255;42.6526;-73.7562
63.26.186.0;63.26.186.255;42.3601;-71.0589
63.26.187.0;63.26.187.255;41.8781;-87.6298
63.26.188.0;63.26.192.255;41.8536;-87.6183
63.26.193.0;63.26.194.255;42.3601;-71.0589
63.26.195.0;63.26.195.255;41.8536;-87.6183
63.26.196.0;63.26.196.255;42.3601;-71.0589
63.26.197.0;63.26.197.255;41.8536;-87.6183
63.26.198.0;63.26.199.255;42.6526;-73.7562
63.26.200.0;63.26.200.255;41.8536;-87.6183
63.26.201.0;63.26.201.255;42.3601;-71.0589
63.26.202.0;63.26.203.255;41.8536;-87.6183
63.26.204.0;63.26.206.255;42.3601;-71.0589
63.26.207.0;63.26.207.255;41.8536;-87.6183
63.26.208.0;63.26.208.255;42.3601;-71.0589
63.26.209.0;63.26.210.255;41.8536;-87.6183
63.26.211.0;63.26.212.255;42.6526;-73.7562
63.26.213.0;63.26.213.255;42.3601;-71.0589
63.26.214.0;63.26.214.255;41.8536;-87.6183
63.26.215.0;63.26.217.255;42.3601;-71.0589
63.26.218.0;63.26.219.255;40.7128;-74.006
63.26.220.0;63.26.220.255;42.3601;-71.0589
63.26.221.0;63.26.221.255;42.6526;-73.7562
63.26.222.0;63.26.223.255;42.3601;-71.0589
63.26.224.0;63.26.226.255;42.6526;-73.7562
63.26.227.0;63.26.227.255;41.8536;-87.6183
63.26.228.0;63.26.229.255;42.3601;-71.0589
63.26.230.0;63.26.230.255;41.8781;-87.6298
63.26.231.0;63.26.231.255;42.6526;-73.7562
63.26.232.0;63.26.233.255;41.8536;-87.6183
63.26.234.0;63.26.235.255;42.3601;-71.0589
63.26.236.0;63.26.236.255;41.8536;-87.6183
63.26.237.0;63.26.238.255;42.6526;-73.7562
63.26.239.0;63.26.239.255;41.8781;-87.6298
63.26.240.0;63.26.240.255;42.3601;-71.0589
63.26.241.0;63.26.241.255;41.8536;-87.6183
63.26.242.0;63.26.242.255;42.6526;-73.7562
63.26.243.0;63.26.243.255;42.3601;-71.0589
63.26.244.0;63.26.244.255;41.8536;-87.6183
63.26.245.0;63.26.245.255;42.6526;-73.7562
63.26.246.0;63.26.246.255;42.3601;-71.0589
63.26.247.0;63.26.247.255;42.6526;-73.7562
63.26.248.0;63.26.248.255;41.8536;-87.6183
63.26.249.0;63.26.249.255;41.8781;-87.6298
63.26.250.0;63.26.251.255;41.8536;-87.6183
63.26.252.0;63.26.252.255;42.3601;-71.0589
63.26.253.0;63.26.255.255;41.8536;-87.6183
63.27.0.0;63.27.5.255;40.7128;-74.006
63.27.6.0;63.27.6.255;27.9517;-82.4588
63.27.7.0;63.27.9.255;40.7128;-74.006
63.27.10.0;63.27.10.255;40.7895;-74.0565
63.27.11.0;63.27.12.255;40.7128;-74.006
63.27.13.0;63.27.13.255;40.7895;-74.0565
63.27.14.0;63.27.22.255;40.7128;-74.006
63.27.23.0;63.27.23.255;39.0113;-77.4713
63.27.24.0;63.27.36.255;40.7128;-74.006
63.27.37.0;63.27.37.255;39.0113;-77.4713
63.27.38.0;63.27.49.255;40.7128;-74.006
63.27.50.0;63.27.50.255;42.3601;-71.0589
63.27.51.0;63.27.52.255;42.6526;-73.7562
63.27.53.0;63.27.53.255;42.3601;-71.0589
63.27.54.0;63.27.54.255;42.6526;-73.7562
63.27.55.0;63.27.57.255;41.8536;-87.6183
63.27.58.0;63.27.58.255;42.3601;-71.0589
63.27.59.0;63.27.60.255;41.8536;-87.6183
63.27.61.0;63.27.61.255;42.3601;-71.0589
63.27.62.0;63.27.62.255;41.8536;-87.6183
63.27.63.0;63.27.63.255;41.8781;-87.6298
63.27.64.0;63.27.65.255;41.8536;-87.6183
63.27.66.0;63.27.66.255;42.6526;-73.7562
63.27.67.0;63.27.67.255;42.3601;-71.0589
63.27.68.0;63.27.68.255;40.7128;-74.006
63.27.69.0;63.27.69.255;41.8536;-87.6183
63.27.70.0;63.27.70.255;42.3601;-71.0589
63.27.71.0;63.27.71.255;42.6526;-73.7562
63.27.72.0;63.27.73.255;41.8536;-87.6183
63.27.74.0;63.27.74.255;42.3601;-71.0589
63.27.75.0;63.27.75.255;42.6526;-73.7562
63.27.76.0;63.27.78.255;42.3601;-71.0589
63.27.79.0;63.27.80.255;41.8536;-87.6183
63.27.81.0;63.27.82.255;42.3601;-71.0589
63.27.83.0;63.27.83.255;42.6526;-73.7562
63.27.84.0;63.27.85.255;41.8536;-87.6183
63.27.86.0;63.27.86.255;42.3601;-71.0589
63.27.87.0;63.27.89.255;41.8536;-87.6183
63.27.90.0;63.27.90.255;41.8781;-87.6298
63.27.91.0;63.27.91.255;41.8536;-87.6183
63.27.92.0;63.27.92.255;42.3601;-71.0589
63.27.93.0;63.27.96.255;41.8536;-87.6183
63.27.97.0;63.27.97.255;42.6526;-73.7562
63.27.98.0;63.27.99.255;42.3601;-71.0589
63.27.100.0;63.27.100.255;41.8536;-87.6183
63.27.101.0;63.27.101.255;42.3601;-71.0589
63.27.102.0;63.27.102.255;41.8536;-87.6183
63.27.103.0;63.27.103.255;42.3601;-71.0589
63.27.104.0;63.27.105.255;42.6526;-73.7562
63.27.106.0;63.27.106.255;42.3601;-71.0589
63.27.107.0;63.27.108.255;41.8536;-87.6183
63.27.109.0;63.27.109.255;40.7128;-74.006
63.27.110.0;63.27.111.255;42.3601;-71.0589
63.27.112.0;63.27.114.255;42.6526;-73.7562
63.27.115.0;63.27.115.255;41.8781;-87.6298
63.27.116.0;63.27.116.255;40.7128;-74.006
63.27.117.0;63.27.117.255;41.8536;-87.6183
63.27.118.0;63.27.120.255;42.3601;-71.0589
63.27.121.0;63.27.122.255;41.8536;-87.6183
63.27.123.0;63.27.127.255;42.3601;-71.0589
63.27.128.0;63.27.128.255;42.6526;-73.7562
63.27.129.0;63.27.129.255;42.3601;-71.0589
63.27.130.0;63.27.130.255;41.8536;-87.6183
63.27.131.0;63.27.131.255;41.8781;-87.6298
63.27.132.0;63.27.134.255;42.3601;-71.0589
63.27.135.0;63.27.135.255;42.6526;-73.7562
63.27.136.0;63.27.139.255;41.8536;-87.6183
63.27.140.0;63.27.142.255;42.3601;-71.0589
63.27.143.0;63.27.143.255;41.8536;-87.6183
63.27.144.0;63.27.144.255;42.6526;-73.7562
63.27.145.0;63.27.145.255;41.8536;-87.6183
63.27.146.0;63.27.146.255;42.3601;-71.0589
63.27.147.0;63.27.147.255;41.8781;-87.6298
63.27.148.0;63.27.148.255;41.8536;-87.6183
63.27.149.0;63.27.150.255;42.3601;-71.0589
63.27.151.0;63.27.151.255;42.6526;-73.7562
63.27.152.0;63.27.152.255;40.7128;-74.006
63.27.153.0;63.27.153.255;41.8536;-87.6183
63.27.154.0;63.27.154.255;40.7128;-74.006
63.27.155.0;63.27.155.255;41.8536;-87.6183
63.27.156.0;63.27.157.255;42.3601;-71.0589
63.27.158.0;63.27.158.255;42.6526;-73.7562
63.27.159.0;63.27.159.255;41.8781;-87.6298
63.27.160.0;63.27.161.255;42.3601;-71.0589
63.27.162.0;63.27.162.255;41.8536;-87.6183
63.27.163.0;63.27.163.255;39.0113;-77.4713
63.27.164.0;63.27.165.255;42.3601;-71.0589
63.27.166.0;63.27.166.255;42.6526;-73.7562
63.27.167.0;63.27.167.255;41.8536;-87.6183
63.27.168.0;63.27.169.255;42.3601;-71.0589
63.27.170.0;63.27.171.255;41.8536;-87.6183
63.27.172.0;63.27.172.255;42.3601;-71.0589
63.27.173.0;63.27.173.255;41.8536;-87.6183
63.27.174.0;63.27.175.255;42.3601;-71.0589
63.27.176.0;63.27.177.255;41.8536;-87.6183
63.27.178.0;63.27.178.255;42.6526;-73.7562
63.27.179.0;63.27.179.255;42.3601;-71.0589
63.27.180.0;63.27.180.255;41.8536;-87.6183
63.27.181.0;63.27.181.255;42.6526;-73.7562
63.27.182.0;63.27.182.255;41.8536;-87.6183
63.27.183.0;63.27.183.255;40.7128;-74.006
63.27.184.0;63.27.184.255;41.8536;-87.6183
63.27.185.0;63.27.185.255;41.8781;-87.6298
63.27.186.0;63.27.186.255;41.8536;-87.6183
63.27.187.0;63.27.187.255;42.3601;-71.0589
63.27.188.0;63.27.188.255;41.8536;-87.6183
63.27.189.0;63.27.189.255;42.3601;-71.0589
63.27.190.0;63.27.190.255;42.6526;-73.7562
63.27.191.0;63.27.191.255;41.8536;-87.6183
63.27.192.0;63.27.192.255;41.8781;-87.6298
63.27.193.0;63.27.193.255;41.8536;-87.6183
63.27.194.0;63.27.194.255;42.3601;-71.0589
63.27.195.0;63.27.197.255;41.8536;-87.6183
63.27.198.0;63.27.198.255;42.3601;-71.0589
63.27.199.0;63.27.199.255;41.8536;-87.6183
63.27.200.0;63.27.200.255;42.3601;-71.0589
63.27.201.0;63.27.201.255;41.8536;-87.6183
63.27.202.0;63.27.203.255;42.3601;-71.0589
63.27.204.0;63.27.204.255;42.6526;-73.7562
63.27.205.0;63.27.205.255;42.3601;-71.0589
63.27.206.0;63.27.206.255;41.8536;-87.6183
63.27.207.0;63.27.207.255;42.6526;-73.7562
63.27.208.0;63.27.210.255;42.3601;-71.0589
63.27.211.0;63.27.211.255;42.6526;-73.7562
63.27.212.0;63.27.212.255;42.3601;-71.0589
63.27.213.0;63.27.213.255;41.8781;-87.6298
63.27.214.0;63.27.215.255;41.8536;-87.6183
63.27.216.0;63.27.217.255;42.6526;-73.7562
63.27.218.0;63.27.218.255;41.8536;-87.6183
63.27.219.0;63.27.219.255;40.7128;-74.006
63.27.220.0;63.27.220.255;41.8781;-87.6298
63.27.221.0;63.27.221.255;42.6526;-73.7562
63.27.222.0;63.27.222.255;42.3601;-71.0589
63.27.223.0;63.27.224.255;41.8536;-87.6183
63.27.225.0;63.27.225.255;42.3601;-71.0589
63.27.226.0;63.27.226.255;42.6526;-73.7562
63.27.227.0;63.27.227.255;41.8536;-87.6183
63.27.228.0;63.27.228.255;42.6526;-73.7562
63.27.229.0;63.27.229.255;41.8781;-87.6298
63.27.230.0;63.27.231.255;42.6526;-73.7562
63.27.232.0;63.27.232.255;42.3601;-71.0589
63.27.233.0;63.27.233.255;41.8536;-87.6183
63.27.234.0;63.27.234.255;42.3601;-71.0589
63.27.235.0;63.27.235.255;40.7128;-74.006
63.27.236.0;63.27.236.255;41.8536;-87.6183
63.27.237.0;63.27.240.255;42.3601;-71.0589
63.27.241.0;63.27.241.255;42.6526;-73.7562
63.27.242.0;63.27.247.255;42.3601;-71.0589
63.27.248.0;63.27.250.255;41.8536;-87.6183
63.27.251.0;63.27.251.255;42.6526;-73.7562
63.27.252.0;63.27.252.255;41.8536;-87.6183
63.27.253.0;63.27.253.255;42.3601;-71.0589
63.27.254.0;63.27.254.255;41.8781;-87.6298
63.27.255.0;63.27.255.255;42.6526;-73.7562
63.28.0.0;63.28.0.255;41.8536;-87.6183
63.28.1.0;63.28.3.255;42.3601;-71.0589
63.28.4.0;63.28.4.255;41.8536;-87.6183
63.28.5.0;63.28.5.255;42.6526;-73.7562
63.28.6.0;63.28.6.255;41.8536;-87.6183
63.28.7.0;63.28.7.255;41.8781;-87.6298
63.28.8.0;63.28.8.255;41.8536;-87.6183
63.28.9.0;63.28.9.255;42.6526;-73.7562
63.28.10.0;63.28.12.255;42.3601;-71.0589
63.28.13.0;63.28.13.255;41.8536;-87.6183
63.28.14.0;63.28.14.255;42.6526;-73.7562
63.28.15.0;63.28.15.255;42.3601;-71.0589
63.28.16.0;63.28.16.255;41.8536;-87.6183
63.28.17.0;63.28.17.255;42.3601;-71.0589
63.28.18.0;63.28.18.255;41.8536;-87.6183
63.28.19.0;63.28.19.255;42.3601;-71.0589
63.28.20.0;63.28.20.255;42.6526;-73.7562
63.28.21.0;63.28.21.255;40.7128;-74.006
63.28.22.0;63.28.22.255;42.6526;-73.7562
63.28.23.0;63.28.23.255;39.0113;-77.4713
63.28.24.0;63.28.25.255;42.3601;-71.0589
63.28.26.0;63.28.26.255;41.8536;-87.6183
63.28.27.0;63.28.27.255;42.3601;-71.0589
63.28.28.0;63.28.29.255;41.8536;-87.6183
63.28.30.0;63.28.30.255;42.3601;-71.0589
63.28.31.0;63.28.31.255;42.6526;-73.7562
63.28.32.0;63.28.33.255;40.7128;-74.006
63.28.34.0;63.28.34.255;41.8781;-87.6298
63.28.35.0;63.28.35.255;40.7128;-74.006
63.28.36.0;63.28.36.255;41.8536;-87.6183
63.28.37.0;63.28.37.255;40.7128;-74.006
63.28.38.0;63.28.39.255;42.6526;-73.7562
63.28.40.0;63.28.40.255;42.3601;-71.0589
63.28.41.0;63.28.41.255;40.7128;-74.006
63.28.42.0;63.28.42.255;42.3601;-71.0589
63.28.43.0;63.28.43.255;41.8536;-87.6183
63.28.44.0;63.28.45.255;42.3601;-71.0589
63.28.46.0;63.28.46.255;40.7128;-74.006
63.28.47.0;63.28.47.255;41.8781;-87.6298
63.28.48.0;63.28.48.255;42.6526;-73.7562
63.28.49.0;63.28.51.255;42.3601;-71.0589
63.28.52.0;63.28.52.255;41.8536;-87.6183
63.28.53.0;63.28.53.255;42.6526;-73.7562
63.28.54.0;63.28.55.255;42.3601;-71.0589
63.28.56.0;63.28.57.255;42.6526;-73.7562
63.28.58.0;63.28.58.255;42.3601;-71.0589
63.28.59.0;63.28.59.255;40.7128;-74.006
63.28.60.0;63.28.62.255;42.3601;-71.0589
63.28.63.0;63.28.63.255;42.6526;-73.7562
63.28.64.0;63.28.64.255;42.3601;-71.0589
63.28.65.0;63.28.66.255;41.8536;-87.6183
63.28.67.0;63.28.67.255;42.3601;-71.0589
63.28.68.0;63.28.68.255;41.8536;-87.6183
63.28.69.0;63.28.69.255;41.8781;-87.6298
63.28.70.0;63.28.70.255;40.7128;-74.006
63.28.71.0;63.28.72.255;42.6526;-73.7562
63.28.73.0;63.28.73.255;42.3601;-71.0589
63.28.74.0;63.28.74.255;41.8536;-87.6183
63.28.75.0;63.28.76.255;42.3601;-71.0589
63.28.77.0;63.28.77.255;40.7128;-74.006
63.28.78.0;63.28.78.255;42.6526;-73.7562
63.28.79.0;63.28.79.255;41.8536;-87.6183
63.28.80.0;63.28.80.255;42.3601;-71.0589
63.28.81.0;63.28.81.255;42.6526;-73.7562
63.28.82.0;63.28.82.255;42.3601;-71.0589
63.28.83.0;63.28.83.255;41.8781;-87.6298
63.28.84.0;63.28.84.255;42.6526;-73.7562
63.28.85.0;63.28.85.255;42.3601;-71.0589
63.28.86.0;63.28.87.255;41.8536;-87.6183
63.28.88.0;63.28.88.255;42.3601;-71.0589
63.28.89.0;63.28.89.255;41.8536;-87.6183
63.28.90.0;63.28.91.255;42.6526;-73.7562
63.28.92.0;63.28.93.255;41.8536;-87.6183
63.28.94.0;63.28.94.255;42.6526;-73.7562
63.28.95.0;63.28.95.255;41.8536;-87.6183
63.28.96.0;63.28.96.255;42.3601;-71.0589
63.28.97.0;63.28.97.255;41.8536;-87.6183
63.28.98.0;63.28.98.255;40.7128;-74.006
63.28.99.0;63.28.99.255;41.8536;-87.6183
63.28.100.0;63.28.101.255;42.3601;-71.0589
63.28.102.0;63.28.102.255;42.6526;-73.7562
63.28.103.0;63.28.104.255;42.3601;-71.0589
63.28.105.0;63.28.106.255;41.8536;-87.6183
63.28.107.0;63.28.107.255;42.6526;-73.7562
63.28.108.0;63.28.109.255;41.8536;-87.6183
63.28.110.0;63.28.111.255;42.3601;-71.0589
63.28.112.0;63.28.112.255;41.8536;-87.6183
63.28.113.0;63.28.113.255;42.3601;-71.0589
63.28.114.0;63.28.116.255;41.8536;-87.6183
63.28.117.0;63.28.117.255;41.8781;-87.6298
63.28.118.0;63.28.118.255;41.8536;-87.6183
63.28.119.0;63.28.119.255;42.6526;-73.7562
63.28.120.0;63.28.121.255;40.7128;-74.006
63.28.122.0;63.28.122.255;42.3601;-71.0589
63.28.123.0;63.28.123.255;41.8536;-87.6183
63.28.124.0;63.28.125.255;42.3601;-71.0589
63.28.126.0;63.28.126.255;41.8536;-87.6183
63.28.127.0;63.28.127.255;42.6526;-73.7562
63.28.128.0;63.28.129.255;41.8536;-87.6183
63.28.130.0;63.28.130.255;42.6526;-73.7562
63.28.131.0;63.28.131.255;41.8536;-87.6183
63.28.132.0;63.28.134.255;42.3601;-71.0589
63.28.135.0;63.28.135.255;41.8536;-87.6183
63.28.136.0;63.28.136.255;42.3601;-71.0589
63.28.137.0;63.28.137.255;41.8536;-87.6183
63.28.138.0;63.28.138.255;42.3601;-71.0589
63.28.139.0;63.28.139.255;41.8536;-87.6183
63.28.140.0;63.28.140.255;42.3601;-71.0589
63.28.141.0;63.28.141.255;40.7128;-74.006
63.28.142.0;63.28.142.255;42.3601;-71.0589
63.28.143.0;63.28.144.255;41.8536;-87.6183
63.28.145.0;63.28.146.255;42.3601;-71.0589
63.28.147.0;63.28.147.255;40.7128;-74.006
63.28.148.0;63.28.148.255;41.8536;-87.6183
63.28.149.0;63.28.150.255;42.3601;-71.0589
63.28.151.0;63.28.151.255;41.8536;-87.6183
63.28.152.0;63.28.152.255;42.3601;-71.0589
63.28.153.0;63.28.154.255;41.8536;-87.6183
63.28.155.0;63.28.156.255;42.3601;-71.0589
63.28.157.0;63.28.157.255;41.8536;-87.6183
63.28.158.0;63.28.158.255;42.3601;-71.0589
63.28.159.0;63.28.159.255;41.8536;-87.6183
63.28.160.0;63.28.163.255;42.3601;-71.0589
63.28.164.0;63.28.164.255;42.6526;-73.7562
63.28.165.0;63.28.167.255;42.3601;-71.0589
63.28.168.0;63.28.169.255;41.8536;-87.6183
63.28.170.0;63.28.171.255;42.6526;-73.7562
63.28.172.0;63.28.173.255;42.3601;-71.0589
63.28.174.0;63.28.174.255;40.7128;-74.006
63.28.175.0;63.28.175.255;42.3601;-71.0589
63.28.176.0;63.28.176.255;41.8536;-87.6183
63.28.177.0;63.28.177.255;42.3601;-71.0589
63.28.178.0;63.28.178.255;41.8536;-87.6183
63.28.179.0;63.28.179.255;42.6526;-73.7562
63.28.180.0;63.28.180.255;42.3601;-71.0589
63.28.181.0;63.28.181.255;42.6526;-73.7562
63.28.182.0;63.28.184.255;41.8536;-87.6183
63.28.185.0;63.28.185.255;40.7128;-74.006
63.28.186.0;63.28.186.255;41.8536;-87.6183
63.28.187.0;63.28.187.255;42.3601;-71.0589
63.28.188.0;63.28.188.255;41.8781;-87.6298
63.28.189.0;63.28.189.255;40.7128;-74.006
63.28.190.0;63.28.190.255;42.3601;-71.0589
63.28.191.0;63.28.191.255;41.8781;-87.6298
63.28.192.0;63.28.192.255;41.8536;-87.6183
63.28.193.0;63.28.193.255;42.3601;-71.0589
63.28.194.0;63.28.195.255;41.8536;-87.6183
63.28.196.0;63.28.196.255;42.3601;-71.0589
63.28.197.0;63.28.197.255;41.8536;-87.6183
63.28.198.0;63.28.200.255;42.3601;-71.0589
63.28.201.0;63.28.201.255;41.8781;-87.6298
63.28.202.0;63.28.208.255;42.3601;-71.0589
63.28.209.0;63.28.211.255;42.6526;-73.7562
63.28.212.0;63.28.212.255;41.8536;-87.6183
63.28.213.0;63.28.213.255;42.3601;-71.0589
63.28.214.0;63.28.214.255;40.7128;-74.006
63.28.215.0;63.28.217.255;42.3601;-71.0589
63.28.218.0;63.28.218.255;41.8536;-87.6183
63.28.219.0;63.28.220.255;42.3601;-71.0589
63.28.221.0;63.28.221.255;42.6526;-73.7562
63.28.222.0;63.28.223.255;41.8536;-87.6183
63.28.224.0;63.28.224.255;42.6526;-73.7562
63.28.225.0;63.28.225.255;41.8781;-87.6298
63.28.226.0;63.28.227.255;42.3601;-71.0589
63.28.228.0;63.28.228.255;41.8536;-87.6183
63.28.229.0;63.28.231.255;42.6526;-73.7562
63.28.232.0;63.28.236.255;42.3601;-71.0589
63.28.237.0;63.28.237.255;40.7128;-74.006
63.28.238.0;63.28.238.255;41.8536;-87.6183
63.28.239.0;63.28.239.255;42.3601;-71.0589
63.28.240.0;63.28.240.255;41.8536;-87.6183
63.28.241.0;63.28.241.255;42.3601;-71.0589
63.28.242.0;63.28.242.255;41.8536;-87.6183
63.28.243.0;63.28.243.255;40.7128;-74.006
63.28.244.0;63.28.244.255;41.8781;-87.6298
63.28.245.0;63.28.246.255;41.8536;-87.6183
63.28.247.0;63.28.247.255;42.3601;-71.0589
63.28.248.0;63.28.249.255;41.8536;-87.6183
63.28.250.0;63.28.251.255;42.3601;-71.0589
63.28.252.0;63.28.252.255;42.6526;-73.7562
63.28.253.0;63.29.1.255;42.3601;-71.0589
63.29.2.0;63.29.2.255;42.6526;-73.7562
63.29.3.0;63.29.4.255;42.3601;-71.0589
63.29.5.0;63.29.5.255;41.8536;-87.6183
63.29.6.0;63.29.6.255;42.3601;-71.0589
63.29.7.0;63.29.7.255;42.6526;-73.7562
63.29.8.0;63.29.9.255;42.3601;-71.0589
63.29.10.0;63.29.10.255;41.8536;-87.6183
63.29.11.0;63.29.11.255;42.6526;-73.7562
63.29.12.0;63.29.12.255;39.0113;-77.4713
63.29.13.0;63.29.14.255;42.6526;-73.7562
63.29.15.0;63.29.15.255;42.3601;-71.0589
63.29.16.0;63.29.16.255;40.7128;-74.006
63.29.17.0;63.29.18.255;41.8536;-87.6183
63.29.19.0;63.29.19.255;42.6526;-73.7562
63.29.20.0;63.29.20.255;41.8536;-87.6183
63.29.21.0;63.29.21.255;42.6526;-73.7562
63.29.22.0;63.29.22.255;41.8536;-87.6183
63.29.23.0;63.29.24.255;42.6526;-73.7562
63.29.25.0;63.29.25.255;41.8781;-87.6298
63.29.26.0;63.29.26.255;42.6526;-73.7562
63.29.27.0;63.29.29.255;41.8536;-87.6183
63.29.30.0;63.29.30.255;42.3601;-71.0589
63.29.31.0;63.29.31.255;41.8536;-87.6183
63.29.32.0;63.29.32.255;42.3601;-71.0589
63.29.33.0;63.29.33.255;41.8536;-87.6183
63.29.34.0;63.29.34.255;42.6526;-73.7562
63.29.35.0;63.29.35.255;41.8536;-87.6183
63.29.36.0;63.29.37.255;41.8781;-87.6298
63.29.38.0;63.29.39.255;41.8536;-87.6183
63.29.40.0;63.29.40.255;42.6526;-73.7562
63.29.41.0;63.29.43.255;41.8536;-87.6183
63.29.44.0;63.29.44.255;42.3601;-71.0589
63.29.45.0;63.29.45.255;42.6526;-73.7562
63.29.46.0;63.29.46.255;42.3601;-71.0589
63.29.47.0;63.29.48.255;41.8536;-87.6183
63.29.49.0;63.29.50.255;42.3601;-71.0589
63.29.51.0;63.29.51.255;40.7128;-74.006
63.29.52.0;63.29.52.255;41.8536;-87.6183
63.29.53.0;63.29.53.255;42.3601;-71.0589
63.29.54.0;63.29.54.255;41.8536;-87.6183
63.29.55.0;63.29.55.255;42.3601;-71.0589
63.29.56.0;63.29.56.255;42.6526;-73.7562
63.29.57.0;63.29.57.255;41.8536;-87.6183
63.29.58.0;63.29.59.255;42.3601;-71.0589
63.29.60.0;63.29.60.255;42.6526;-73.7562
63.29.61.0;63.29.61.255;42.3601;-71.0589
63.29.62.0;63.29.62.255;42.6526;-73.7562
63.29.63.0;63.29.63.255;41.8536;-87.6183
63.29.64.0;63.29.64.255;42.6526;-73.7562
63.29.65.0;63.29.66.255;41.8536;-87.6183
63.29.67.0;63.29.67.255;42.6526;-73.7562
63.29.68.0;63.29.72.255;42.3601;-71.0589
63.29.73.0;63.29.73.255;41.8781;-87.6298
63.29.74.0;63.29.74.255;42.3601;-71.0589
63.29.75.0;63.29.75.255;42.6526;-73.7562
63.29.76.0;63.29.76.255;41.8536;-87.6183
63.29.77.0;63.29.78.255;42.3601;-71.0589
63.29.79.0;63.29.79.255;41.8536;-87.6183
63.29.80.0;63.29.80.255;42.3601;-71.0589
63.29.81.0;63.29.81.255;42.6526;-73.7562
63.29.82.0;63.29.82.255;41.8536;-87.6183
63.29.83.0;63.29.84.255;42.3601;-71.0589
63.29.85.0;63.29.85.255;42.6526;-73.7562
63.29.86.0;63.29.87.255;41.8536;-87.6183
63.29.88.0;63.29.90.255;42.3601;-71.0589
63.29.91.0;63.29.91.255;41.8781;-87.6298
63.29.92.0;63.29.92.255;41.8536;-87.6183
63.29.93.0;63.29.93.255;42.6526;-73.7562
63.29.94.0;63.29.94.255;42.3601;-71.0589
63.29.95.0;63.29.95.255;41.8781;-87.6298
63.29.96.0;63.29.96.255;42.3601;-71.0589
63.29.97.0;63.29.97.255;41.8536;-87.6183
63.29.98.0;63.29.98.255;40.7128;-74.006
63.29.99.0;63.29.99.255;41.8536;-87.6183
63.29.100.0;63.29.101.255;42.3601;-71.0589
63.29.102.0;63.29.102.255;41.8536;-87.6183
63.29.103.0;63.29.103.255;40.7128;-74.006
63.29.104.0;63.29.104.255;42.3601;-71.0589
63.29.105.0;63.29.105.255;41.8536;-87.6183
63.29.106.0;63.29.106.255;42.6526;-73.7562
63.29.107.0;63.29.108.255;42.3601;-71.0589
63.29.109.0;63.29.109.255;40.7128;-74.006
63.29.110.0;63.29.111.255;42.3601;-71.0589
63.29.112.0;63.29.113.255;41.8536;-87.6183
63.29.114.0;63.29.115.255;42.3601;-71.0589
63.29.116.0;63.29.117.255;41.8536;-87.6183
63.29.118.0;63.29.121.255;42.3601;-71.0589
63.29.122.0;63.29.122.255;41.8536;-87.6183
63.29.123.0;63.29.123.255;42.3601;-71.0589
63.29.124.0;63.29.124.255;41.8781;-87.6298
63.29.125.0;63.29.129.255;41.8536;-87.6183
63.29.130.0;63.29.131.255;42.3601;-71.0589
63.29.132.0;63.29.133.255;41.8536;-87.6183
63.29.134.0;63.29.135.255;42.3601;-71.0589
63.29.136.0;63.29.136.255;41.8536;-87.6183
63.29.137.0;63.29.137.255;41.8781;-87.6298
63.29.138.0;63.29.138.255;42.3601;-71.0589
63.29.139.0;63.29.139.255;42.6526;-73.7562
63.29.140.0;63.29.140.255;42.3601;-71.0589
63.29.141.0;63.29.142.255;41.8536;-87.6183
63.29.143.0;63.29.143.255;41.8781;-87.6298
63.29.144.0;63.29.144.255;41.8536;-87.6183
63.29.145.0;63.29.145.255;42.3601;-71.0589
63.29.146.0;63.29.146.255;40.7128;-74.006
63.29.147.0;63.29.147.255;41.8536;-87.6183
63.29.148.0;63.29.151.255;42.3601;-71.0589
63.29.152.0;63.29.152.255;42.6526;-73.7562
63.29.153.0;63.29.153.255;41.8536;-87.6183
63.29.154.0;63.29.154.255;42.6526;-73.7562
63.29.155.0;63.29.155.255;42.3601;-71.0589
63.29.156.0;63.29.156.255;42.6526;-73.7562
63.29.157.0;63.29.157.255;41.8536;-87.6183
63.29.158.0;63.29.158.255;42.3601;-71.0589
63.29.159.0;63.29.159.255;41.8536;-87.6183
63.29.160.0;63.29.161.255;42.3601;-71.0589
63.29.162.0;63.29.162.255;41.8536;-87.6183
63.29.163.0;63.29.163.255;40.7128;-74.006
63.29.164.0;63.29.164.255;41.8536;-87.6183
63.29.165.0;63.29.165.255;40.7128;-74.006
63.29.166.0;63.29.166.255;42.3601;-71.0589
63.29.167.0;63.29.167.255;41.8536;-87.6183
63.29.168.0;63.29.168.255;42.6526;-73.7562
63.29.169.0;63.29.169.255;42.3601;-71.0589
63.29.170.0;63.29.170.255;40.7128;-74.006
63.29.171.0;63.29.172.255;42.3601;-71.0589
63.29.173.0;63.29.173.255;42.6526;-73.7562
63.29.174.0;63.29.176.255;42.3601;-71.0589
63.29.177.0;63.29.177.255;41.8536;-87.6183
63.29.178.0;63.29.178.255;42.3601;-71.0589
63.29.179.0;63.29.179.255;41.8536;-87.6183
63.29.180.0;63.29.183.255;42.3601;-71.0589
63.29.184.0;63.29.184.255;41.8536;-87.6183
63.29.185.0;63.29.185.255;42.3601;-71.0589
63.29.186.0;63.29.186.255;42.6526;-73.7562
63.29.187.0;63.29.187.255;40.7128;-74.006
63.29.188.0;63.29.189.255;41.8536;-87.6183
63.29.190.0;63.29.190.255;40.7128;-74.006
63.29.191.0;63.29.191.255;42.3601;-71.0589
63.29.192.0;63.29.192.255;41.8536;-87.6183
63.29.193.0;63.29.193.255;42.3601;-71.0589
63.29.194.0;63.29.194.255;42.6526;-73.7562
63.29.195.0;63.29.196.255;42.3601;-71.0589
63.29.197.0;63.29.199.255;41.8536;-87.6183
63.29.200.0;63.29.202.255;42.3601;-71.0589
63.29.203.0;63.29.203.255;41.8536;-87.6183
63.29.204.0;63.29.204.255;42.6526;-73.7562
63.29.205.0;63.29.208.255;42.3601;-71.0589
63.29.209.0;63.29.209.255;41.8781;-87.6298
63.29.210.0;63.29.211.255;41.8536;-87.6183
63.29.212.0;63.29.212.255;42.3601;-71.0589
63.29.213.0;63.29.213.255;41.8536;-87.6183
63.29.214.0;63.29.215.255;42.3601;-71.0589
63.29.216.0;63.29.216.255;41.8536;-87.6183
63.29.217.0;63.29.218.255;42.3601;-71.0589
63.29.219.0;63.29.219.255;41.8536;-87.6183
63.29.220.0;63.29.220.255;42.6526;-73.7562
63.29.221.0;63.29.221.255;41.8536;-87.6183
63.29.222.0;63.29.222.255;42.3601;-71.0589
63.29.223.0;63.29.223.255;41.8536;-87.6183
63.29.224.0;63.29.224.255;42.3601;-71.0589
63.29.225.0;63.29.229.255;41.8536;-87.6183
63.29.230.0;63.29.230.255;41.8781;-87.6298
63.29.231.0;63.29.234.255;41.8536;-87.6183
63.29.235.0;63.29.236.255;42.6526;-73.7562
63.29.237.0;63.29.237.255;42.3601;-71.0589
63.29.238.0;63.29.238.255;42.6526;-73.7562
63.29.239.0;63.29.241.255;42.3601;-71.0589
63.29.242.0;63.29.242.255;41.8536;-87.6183
63.29.243.0;63.29.243.255;41.8781;-87.6298
63.29.244.0;63.29.244.255;40.7128;-74.006
63.29.245.0;63.29.245.255;42.6526;-73.7562
63.29.246.0;63.29.247.255;41.8536;-87.6183
63.29.248.0;63.29.248.255;42.6526;-73.7562
63.29.249.0;63.29.249.255;42.3601;-71.0589
63.29.250.0;63.29.250.255;41.8781;-87.6298
63.29.251.0;63.29.251.255;41.8536;-87.6183
63.29.252.0;63.29.252.255;42.3601;-71.0589
63.29.253.0;63.29.254.255;41.8536;-87.6183
63.29.255.0;63.29.255.255;42.3601;-71.0589
63.30.0.0;63.30.0.255;41.8536;-87.6183
63.30.1.0;63.30.1.255;42.6526;-73.7562
63.30.2.0;63.30.2.255;41.8536;-87.6183
63.30.3.0;63.30.3.255;42.6526;-73.7562
63.30.4.0;63.30.5.255;41.8536;-87.6183
63.30.6.0;63.30.6.255;42.3601;-71.0589
63.30.7.0;63.30.8.255;42.6526;-73.7562
63.30.9.0;63.30.9.255;41.8536;-87.6183
63.30.10.0;63.30.10.255;42.3601;-71.0589
63.30.11.0;63.30.11.255;41.8536;-87.6183
63.30.12.0;63.30.12.255;40.7128;-74.006
63.30.13.0;63.30.15.255;41.8536;-87.6183
63.30.16.0;63.30.16.255;42.6526;-73.7562
63.30.17.0;63.30.17.255;42.3601;-71.0589
63.30.18.0;63.30.18.255;42.6526;-73.7562
63.30.19.0;63.30.25.255;42.3601;-71.0589
63.30.26.0;63.30.26.255;41.8536;-87.6183
63.30.27.0;63.30.28.255;42.3601;-71.0589
63.30.29.0;63.30.29.255;42.6526;-73.7562
63.30.30.0;63.30.33.255;41.8536;-87.6183
63.30.34.0;63.30.34.255;40.7128;-74.006
63.30.35.0;63.30.37.255;42.6526;-73.7562
63.30.38.0;63.30.38.255;42.3601;-71.0589
63.30.39.0;63.30.39.255;42.6526;-73.7562
63.30.40.0;63.30.40.255;41.8536;-87.6183
63.30.41.0;63.30.41.255;42.3601;-71.0589
63.30.42.0;63.30.42.255;42.6526;-73.7562
63.30.43.0;63.30.44.255;41.8536;-87.6183
63.30.45.0;63.30.45.255;42.3601;-71.0589
63.30.46.0;63.30.46.255;42.6526;-73.7562
63.30.47.0;63.30.47.255;42.3601;-71.0589
63.30.48.0;63.30.48.255;41.8781;-87.6298
63.30.49.0;63.30.51.255;42.3601;-71.0589
63.30.52.0;63.30.52.255;42.6526;-73.7562
63.30.53.0;63.30.57.255;41.8536;-87.6183
63.30.58.0;63.30.59.255;42.3601;-71.0589
63.30.60.0;63.30.60.255;42.6526;-73.7562
63.30.61.0;63.30.63.255;41.8536;-87.6183
63.30.64.0;63.30.64.255;42.3601;-71.0589
63.30.65.0;63.30.66.255;42.6526;-73.7562
63.30.67.0;63.30.67.255;40.7128;-74.006
63.30.68.0;63.30.68.255;42.3601;-71.0589
63.30.69.0;63.30.69.255;41.8536;-87.6183
63.30.70.0;63.30.71.255;42.3601;-71.0589
63.30.72.0;63.30.72.255;41.8536;-87.6183
63.30.73.0;63.30.73.255;42.6526;-73.7562
63.30.74.0;63.30.75.255;41.8536;-87.6183
63.30.76.0;63.30.77.255;42.6526;-73.7562
63.30.78.0;63.30.79.255;42.3601;-71.0589
63.30.80.0;63.30.80.255;41.8536;-87.6183
63.30.81.0;63.30.81.255;42.3601;-71.0589
63.30.82.0;63.30.82.255;41.8536;-87.6183
63.30.83.0;63.30.85.255;42.3601;-71.0589
63.30.86.0;63.30.86.255;42.6526;-73.7562
63.30.87.0;63.30.87.255;41.8536;-87.6183
63.30.88.0;63.30.88.255;42.3601;-71.0589
63.30.89.0;63.30.89.255;42.6526;-73.7562
63.30.90.0;63.30.90.255;41.8781;-87.6298
63.30.91.0;63.30.91.255;42.6526;-73.7562
63.30.92.0;63.30.93.255;42.3601;-71.0589
63.30.94.0;63.30.94.255;42.6526;-73.7562
63.30.95.0;63.30.96.255;42.3601;-71.0589
63.30.97.0;63.30.98.255;41.8536;-87.6183
63.30.99.0;63.30.99.255;42.3601;-71.0589
63.30.100.0;63.30.100.255;41.8536;-87.6183
63.30.101.0;63.30.101.255;42.3601;-71.0589
63.30.102.0;63.30.102.255;41.8536;-87.6183
63.30.103.0;63.30.107.255;42.3601;-71.0589
63.30.108.0;63.30.108.255;41.8536;-87.6183
63.30.109.0;63.30.109.255;42.6526;-73.7562
63.30.110.0;63.30.110.255;39.0113;-77.4713
63.30.111.0;63.30.112.255;42.3601;-71.0589
63.30.113.0;63.30.113.255;40.7128;-74.006
63.30.114.0;63.30.114.255;41.8536;-87.6183
63.30.115.0;63.30.115.255;42.3601;-71.0589
63.30.116.0;63.30.116.255;42.6526;-73.7562
63.30.117.0;63.30.119.255;42.3601;-71.0589
63.30.120.0;63.30.121.255;41.8536;-87.6183
63.30.122.0;63.30.126.255;42.3601;-71.0589
63.30.127.0;63.30.127.255;41.8536;-87.6183
63.30.128.0;63.30.128.255;41.8781;-87.6298
63.30.129.0;63.30.131.255;42.3601;-71.0589
63.30.132.0;63.30.134.255;41.8536;-87.6183
63.30.135.0;63.30.137.255;42.3601;-71.0589
63.30.138.0;63.30.138.255;41.8536;-87.6183
63.30.139.0;63.30.140.255;42.3601;-71.0589
63.30.141.0;63.30.141.255;41.8536;-87.6183
63.30.142.0;63.30.144.255;42.6526;-73.7562
63.30.145.0;63.30.145.255;41.8536;-87.6183
63.30.146.0;63.30.146.255;42.3601;-71.0589
63.30.147.0;63.30.147.255;40.7128;-74.006
63.30.148.0;63.30.148.255;42.6526;-73.7562
63.30.149.0;63.30.149.255;41.8536;-87.6183
63.30.150.0;63.30.151.255;42.3601;-71.0589
63.30.152.0;63.30.152.255;42.6526;-73.7562
63.30.153.0;63.30.156.255;41.8536;-87.6183
63.30.157.0;63.30.157.255;42.6526;-73.7562
63.30.158.0;63.30.158.255;42.3601;-71.0589
63.30.159.0;63.30.159.255;40.7128;-74.006
63.30.160.0;63.30.160.255;41.8536;-87.6183
63.30.161.0;63.30.163.255;42.3601;-71.0589
63.30.164.0;63.30.164.255;41.8536;-87.6183
63.30.165.0;63.30.165.255;42.3601;-71.0589
63.30.166.0;63.30.166.255;42.6526;-73.7562
63.30.167.0;63.30.167.255;42.3601;-71.0589
63.30.168.0;63.30.168.255;41.8536;-87.6183
63.30.169.0;63.30.169.255;42.3601;-71.0589
63.30.170.0;63.30.170.255;40.7128;-74.006
63.30.171.0;63.30.171.255;41.8536;-87.6183
63.30.172.0;63.30.172.255;42.6526;-73.7562
63.30.173.0;63.30.173.255;42.3601;-71.0589
63.30.174.0;63.30.174.255;41.8781;-87.6298
63.30.175.0;63.30.175.255;42.3601;-71.0589
63.30.176.0;63.30.177.255;41.8536;-87.6183
63.30.178.0;63.30.178.255;42.3601;-71.0589
63.30.179.0;63.30.179.255;42.6526;-73.7562
63.30.180.0;63.30.187.255;42.3601;-71.0589
63.30.188.0;63.30.188.255;40.7128;-74.006
63.30.189.0;63.30.189.255;42.6526;-73.7562
63.30.190.0;63.30.192.255;42.3601;-71.0589
63.30.193.0;63.30.193.255;41.8536;-87.6183
63.30.194.0;63.30.194.255;42.3601;-71.0589
63.30.195.0;63.30.195.255;40.7128;-74.006
63.30.196.0;63.30.196.255;41.8536;-87.6183
63.30.197.0;63.30.197.255;39.0113;-77.4713
63.30.198.0;63.30.198.255;42.3601;-71.0589
63.30.199.0;63.30.199.255;41.8536;-87.6183
63.30.200.0;63.30.200.255;42.3601;-71.0589
63.30.201.0;63.30.201.255;41.8536;-87.6183
63.30.202.0;63.30.202.255;42.6526;-73.7562
63.30.203.0;63.30.203.255;41.8536;-87.6183
63.30.204.0;63.30.204.255;42.3601;-71.0589
63.30.205.0;63.30.206.255;41.8781;-87.6298
63.30.207.0;63.30.208.255;42.6526;-73.7562
63.30.209.0;63.30.209.255;41.8536;-87.6183
63.30.210.0;63.30.211.255;42.3601;-71.0589
63.30.212.0;63.30.213.255;41.8536;-87.6183
63.30.214.0;63.30.215.255;42.3601;-71.0589
63.30.216.0;63.30.216.255;41.8536;-87.6183
63.30.217.0;63.30.219.255;42.3601;-71.0589
63.30.220.0;63.30.220.255;41.8536;-87.6183
63.30.221.0;63.30.222.255;42.3601;-71.0589
63.30.223.0;63.30.223.255;40.7128;-74.006
63.30.224.0;63.30.224.255;42.6526;-73.7562
63.30.225.0;63.30.225.255;42.3601;-71.0589
63.30.226.0;63.30.226.255;42.6526;-73.7562
63.30.227.0;63.30.227.255;42.3601;-71.0589
63.30.228.0;63.30.228.255;41.8536;-87.6183
63.30.229.0;63.30.230.255;42.3601;-71.0589
63.30.231.0;63.30.232.255;41.8536;-87.6183
63.30.233.0;63.30.233.255;42.6526;-73.7562
63.30.234.0;63.30.235.255;42.3601;-71.0589
63.30.236.0;63.30.236.255;40.7128;-74.006
63.30.237.0;63.30.237.255;42.3601;-71.0589
63.30.238.0;63.30.238.255;42.6526;-73.7562
63.30.239.0;63.30.239.255;41.8536;-87.6183
63.30.240.0;63.30.243.255;42.3601;-71.0589
63.30.244.0;63.30.247.255;41.8536;-87.6183
63.30.248.0;63.30.248.255;41.8781;-87.6298
63.30.249.0;63.30.249.255;42.6526;-73.7562
63.30.250.0;63.30.250.255;42.3601;-71.0589
63.30.251.0;63.30.251.255;41.8781;-87.6298
63.30.252.0;63.31.0.255;41.8536;-87.6183
63.31.1.0;63.31.1.255;41.8781;-87.6298
63.31.2.0;63.31.2.255;42.3601;-71.0589
63.31.3.0;63.31.3.255;42.6526;-73.7562
63.31.4.0;63.31.4.255;41.8781;-87.6298
63.31.5.0;63.31.5.255;40.7128;-74.006
63.31.6.0;63.31.6.255;41.8536;-87.6183
63.31.7.0;63.31.8.255;42.3601;-71.0589
63.31.9.0;63.31.10.255;41.8536;-87.6183
63.31.11.0;63.31.12.255;40.7128;-74.006
63.31.13.0;63.31.19.255;42.3601;-71.0589
63.31.20.0;63.31.21.255;42.6526;-73.7562
63.31.22.0;63.31.22.255;41.8536;-87.6183
63.31.23.0;63.31.25.255;42.3601;-71.0589
63.31.26.0;63.31.26.255;41.8536;-87.6183
63.31.27.0;63.31.29.255;42.3601;-71.0589
63.31.30.0;63.31.31.255;41.8536;-87.6183
63.31.32.0;63.31.33.255;41.8781;-87.6298
63.31.34.0;63.31.34.255;42.6526;-73.7562
63.31.35.0;63.31.35.255;41.8536;-87.6183
63.31.36.0;63.31.36.255;42.3601;-71.0589
63.31.37.0;63.31.37.255;41.8536;-87.6183
63.31.38.0;63.31.40.255;42.3601;-71.0589
63.31.41.0;63.31.41.255;41.8536;-87.6183
63.31.42.0;63.31.44.255;42.3601;-71.0589
63.31.45.0;63.31.46.255;41.8536;-87.6183
63.31.47.0;63.31.47.255;42.3601;-71.0589
63.31.48.0;63.31.48.255;41.8536;-87.6183
63.31.49.0;63.31.49.255;42.3601;-71.0589
63.31.50.0;63.31.51.255;42.6526;-73.7562
63.31.52.0;63.31.54.255;42.3601;-71.0589
63.31.55.0;63.31.55.255;42.6526;-73.7562
63.31.56.0;63.31.57.255;41.8536;-87.6183
63.31.58.0;63.31.58.255;41.8781;-87.6298
63.31.59.0;63.31.59.255;42.6526;-73.7562
63.31.60.0;63.31.62.255;42.3601;-71.0589
63.31.63.0;63.31.64.255;41.8536;-87.6183
63.31.65.0;63.31.66.255;40.7128;-74.006
63.31.67.0;63.31.67.255;42.3601;-71.0589
63.31.68.0;63.31.68.255;41.8536;-87.6183
63.31.69.0;63.31.69.255;42.6526;-73.7562
63.31.70.0;63.31.70.255;42.3601;-71.0589
63.31.71.0;63.31.72.255;41.8536;-87.6183
63.31.73.0;63.31.73.255;42.3601;-71.0589
63.31.74.0;63.31.74.255;42.6526;-73.7562
63.31.75.0;63.31.76.255;42.3601;-71.0589
63.31.77.0;63.31.77.255;42.6526;-73.7562
63.31.78.0;63.31.78.255;41.8536;-87.6183
63.31.79.0;63.31.80.255;41.8781;-87.6298
63.31.81.0;63.31.82.255;42.3601;-71.0589
63.31.83.0;63.31.83.255;42.6526;-73.7562
63.31.84.0;63.31.85.255;41.8536;-87.6183
63.31.86.0;63.31.86.255;42.3601;-71.0589
63.31.87.0;63.31.88.255;41.8536;-87.6183
63.31.89.0;63.31.89.255;42.3601;-71.0589
63.31.90.0;63.31.90.255;41.8536;-87.6183
63.31.91.0;63.31.92.255;42.6526;-73.7562
63.31.93.0;63.31.93.255;41.8536;-87.6183
63.31.94.0;63.31.94.255;42.3601;-71.0589
63.31.95.0;63.31.97.255;41.8536;-87.6183
63.31.98.0;63.31.98.255;42.6526;-73.7562
63.31.99.0;63.31.99.255;42.3601;-71.0589
63.31.100.0;63.31.100.255;40.7128;-74.006
63.31.101.0;63.31.101.255;42.6526;-73.7562
63.31.102.0;63.31.102.255;42.3601;-71.0589
63.31.103.0;63.31.104.255;41.8536;-87.6183
63.31.105.0;63.31.107.255;42.3601;-71.0589
63.31.108.0;63.31.108.255;41.8536;-87.6183
63.31.109.0;63.31.109.255;40.7128;-74.006
63.31.110.0;63.31.110.255;42.6526;-73.7562
63.31.111.0;63.31.111.255;41.8781;-87.6298
63.31.112.0;63.31.112.255;42.6526;-73.7562
63.31.113.0;63.31.113.255;41.8781;-87.6298
63.31.114.0;63.31.114.255;41.8536;-87.6183
63.31.115.0;63.31.115.255;42.3601;-71.0589
63.31.116.0;63.31.116.255;41.8536;-87.6183
63.31.117.0;63.31.117.255;40.7128;-74.006
63.31.118.0;63.31.118.255;42.6526;-73.7562
63.31.119.0;63.31.119.255;41.8536;-87.6183
63.31.120.0;63.31.120.255;41.8781;-87.6298
63.31.121.0;63.31.123.255;42.3601;-71.0589
63.31.124.0;63.31.124.255;40.7128;-74.006
63.31.125.0;63.31.125.255;41.8536;-87.6183
63.31.126.0;63.31.127.255;42.3601;-71.0589
63.31.128.0;63.31.128.255;42.6526;-73.7562
63.31.129.0;63.31.130.255;42.3601;-71.0589
63.31.131.0;63.31.131.255;40.7128;-74.006
63.31.132.0;63.31.134.255;42.3601;-71.0589
63.31.135.0;63.31.135.255;41.8536;-87.6183
63.31.136.0;63.31.136.255;42.3601;-71.0589
63.31.137.0;63.31.139.255;41.8536;-87.6183
63.31.140.0;63.31.140.255;42.6526;-73.7562
63.31.141.0;63.31.141.255;42.3601;-71.0589
63.31.142.0;63.31.142.255;41.8536;-87.6183
63.31.143.0;63.31.143.255;42.3601;-71.0589
63.31.144.0;63.31.144.255;42.6526;-73.7562
63.31.145.0;63.31.145.255;41.8536;-87.6183
63.31.146.0;63.31.146.255;42.6526;-73.7562
63.31.147.0;63.31.148.255;42.3601;-71.0589
63.31.149.0;63.31.149.255;42.6526;-73.7562
63.31.150.0;63.31.150.255;42.3601;-71.0589
63.31.151.0;63.31.151.255;41.8781;-87.6298
63.31.152.0;63.31.152.255;42.3601;-71.0589
63.31.153.0;63.31.153.255;42.6526;-73.7562
63.31.154.0;63.31.154.255;42.3601;-71.0589
63.31.155.0;63.31.155.255;42.6526;-73.7562
63.31.156.0;63.31.157.255;41.8536;-87.6183
63.31.158.0;63.31.158.255;42.6526;-73.7562
63.31.159.0;63.31.159.255;42.3601;-71.0589
63.31.160.0;63.31.160.255;41.8536;-87.6183
63.31.161.0;63.31.161.255;42.3601;-71.0589
63.31.162.0;63.31.162.255;42.6526;-73.7562
63.31.163.0;63.31.163.255;42.3601;-71.0589
63.31.164.0;63.31.165.255;41.8536;-87.6183
63.31.166.0;63.31.168.255;42.3601;-71.0589
63.31.169.0;63.31.169.255;41.8781;-87.6298
63.31.170.0;63.31.170.255;40.7128;-74.006
63.31.171.0;63.31.171.255;42.6526;-73.7562
63.31.172.0;63.31.172.255;41.8536;-87.6183
63.31.173.0;63.31.173.255;42.6526;-73.7562
63.31.174.0;63.31.174.255;42.3601;-71.0589
63.31.175.0;63.31.175.255;41.8536;-87.6183
63.31.176.0;63.31.176.255;42.3601;-71.0589
63.31.177.0;63.31.181.255;41.8536;-87.6183
63.31.182.0;63.31.185.255;42.3601;-71.0589
63.31.186.0;63.31.187.255;41.8536;-87.6183
63.31.188.0;63.31.189.255;42.3601;-71.0589
63.31.190.0;63.31.191.255;41.8536;-87.6183
63.31.192.0;63.31.192.255;40.7128;-74.006
63.31.193.0;63.31.195.255;42.3601;-71.0589
63.31.196.0;63.31.197.255;42.6526;-73.7562
63.31.198.0;63.31.202.255;42.3601;-71.0589
63.31.203.0;63.31.203.255;41.8536;-87.6183
63.31.204.0;63.31.204.255;42.6526;-73.7562
63.31.205.0;63.31.205.255;42.3601;-71.0589
63.31.206.0;63.31.206.255;42.6526;-73.7562
63.31.207.0;63.31.207.255;41.8536;-87.6183
63.31.208.0;63.31.208.255;42.3601;-71.0589
63.31.209.0;63.31.209.255;42.6526;-73.7562
63.31.210.0;63.31.211.255;41.8536;-87.6183
63.31.212.0;63.31.215.255;42.3601;-71.0589
63.31.216.0;63.31.217.255;41.8536;-87.6183
63.31.218.0;63.31.218.255;42.3601;-71.0589
63.31.219.0;63.31.219.255;41.8536;-87.6183
63.31.220.0;63.31.220.255;40.7128;-74.006
63.31.221.0;63.31.221.255;42.6526;-73.7562
63.31.222.0;63.31.222.255;42.3601;-71.0589
63.31.223.0;63.31.224.255;41.8536;-87.6183
63.31.225.0;63.31.225.255;42.6526;-73.7562
63.31.226.0;63.31.226.255;41.8781;-87.6298
63.31.227.0;63.31.231.255;41.8536;-87.6183
63.31.232.0;63.31.232.255;42.3601;-71.0589
63.31.233.0;63.31.233.255;41.8536;-87.6183
63.31.234.0;63.31.234.255;42.3601;-71.0589
63.31.235.0;63.31.235.255;42.6526;-73.7562
63.31.236.0;63.31.236.255;42.3601;-71.0589
63.31.237.0;63.31.238.255;41.8536;-87.6183
63.31.239.0;63.31.242.255;42.3601;-71.0589
63.31.243.0;63.31.243.255;42.6526;-73.7562
63.31.244.0;63.31.244.255;41.8536;-87.6183
63.31.245.0;63.31.247.255;42.6526;-73.7562
63.31.248.0;63.31.249.255;42.3601;-71.0589
63.31.250.0;63.31.250.255;41.8536;-87.6183
63.31.251.0;63.31.251.255;42.6526;-73.7562
63.31.252.0;63.31.253.255;41.8536;-87.6183
63.31.254.0;63.31.254.255;41.8781;-87.6298
63.31.255.0;63.31.255.255;42.6526;-73.7562
63.32.0.0;63.34.83.255;53.3498;-6.26031
63.34.84.0;63.34.84.255;53.3881;-6.37556
63.34.85.0;63.35.255.255;53.3498;-6.26031
63.36.0.0;63.38.111.255;39.0113;-77.4713
63.38.112.0;63.38.112.255;42.3601;-71.0589
63.38.113.0;63.38.113.255;42.6526;-73.7562
63.38.114.0;63.38.114.255;42.3601;-71.0589
63.38.115.0;63.38.115.255;41.8781;-87.6298
63.38.116.0;63.38.116.255;29.7604;-95.3698
63.38.117.0;63.38.117.255;32.814;-96.9489
63.38.118.0;63.38.118.255;33.4484;-112.074
63.38.119.0;63.38.119.255;40.7128;-74.006
63.38.120.0;63.38.120.255;33.7488;-84.3877
63.38.121.0;63.38.121.255;41.8536;-87.6183
63.38.122.0;63.38.122.255;42.3601;-71.0589
63.38.123.0;63.38.123.255;35.2271;-80.8431
63.38.124.0;63.38.124.255;36.1199;-80.0737
63.38.125.0;63.38.125.255;42.3601;-71.0589
63.38.126.0;63.38.126.255;39.0113;-77.4713
63.38.127.0;63.38.127.255;41.8536;-87.6183
63.38.128.0;63.38.128.255;39.0113;-77.4713
63.38.129.0;63.38.129.255;45.5201;-122.99
63.38.130.0;63.38.131.255;39.0113;-77.4713
63.38.132.0;63.38.133.255;42.3601;-71.0589
63.38.134.0;63.38.175.255;39.0113;-77.4713
63.38.176.0;63.38.255.255;39.0587;-76.9645
63.39.0.0;63.39.9.255;38.9072;-77.0369
63.39.10.0;63.39.10.255;42.3601;-71.0589
63.39.11.0;63.39.44.255;38.9072;-77.0369
63.39.45.0;63.39.45.255;41.8781;-87.6298
63.39.46.0;63.39.70.255;38.9072;-77.0369
63.39.71.0;63.39.71.255;42.3601;-71.0589
63.39.72.0;63.39.74.255;38.9072;-77.0369
63.39.75.0;63.39.75.255;42.3601;-71.0589
63.39.76.0;63.39.77.255;38.9072;-77.0369
63.39.78.0;63.39.78.255;42.3601;-71.0589
63.39.79.0;63.39.131.255;38.9072;-77.0369
63.39.132.0;63.39.132.255;42.3601;-71.0589
63.39.133.0;63.39.136.255;38.9072;-77.0369
63.39.137.0;63.39.137.255;42.3601;-71.0589
63.39.138.0;63.39.159.255;38.9072;-77.0369
63.39.160.0;63.39.160.255;42.6526;-73.7562
63.39.161.0;63.39.161.255;42.3601;-71.0589
63.39.162.0;63.39.163.255;41.8536;-87.6183
63.39.164.0;63.39.167.255;42.3601;-71.0589
63.39.168.0;63.39.168.255;42.6526;-73.7562
63.39.169.0;63.39.170.255;42.3601;-71.0589
63.39.171.0;63.39.171.255;41.8536;-87.6183
63.39.172.0;63.39.172.255;42.3601;-71.0589
63.39.173.0;63.39.173.255;41.8536;-87.6183
63.39.174.0;63.39.174.255;42.3601;-71.0589
63.39.175.0;63.39.175.255;40.7128;-74.006
63.39.176.0;63.39.176.255;41.8536;-87.6183
63.39.177.0;63.39.177.255;42.3601;-71.0589
63.39.178.0;63.39.178.255;41.8536;-87.6183
63.39.179.0;63.39.179.255;40.7128;-74.006
63.39.180.0;63.39.180.255;41.8536;-87.6183
63.39.181.0;63.39.181.255;39.0113;-77.4713
63.39.182.0;63.39.182.255;41.8781;-87.6298
63.39.183.0;63.39.183.255;42.6526;-73.7562
63.39.184.0;63.39.185.255;41.8536;-87.6183
63.39.186.0;63.39.186.255;42.3601;-71.0589
63.39.187.0;63.39.187.255;41.8536;-87.6183
63.39.188.0;63.39.188.255;42.6526;-73.7562
63.39.189.0;63.39.189.255;42.3601;-71.0589
63.39.190.0;63.39.191.255;42.6526;-73.7562
63.39.192.0;63.39.192.255;41.8781;-87.6298
63.39.193.0;63.39.193.255;40.7128;-74.006
63.39.194.0;63.39.195.255;42.6526;-73.7562
63.39.196.0;63.39.196.255;42.3601;-71.0589
63.39.197.0;63.39.197.255;41.8781;-87.6298
63.39.198.0;63.39.198.255;41.8536;-87.6183
63.39.199.0;63.39.202.255;42.3601;-71.0589
63.39.203.0;63.39.203.255;41.8536;-87.6183
63.39.204.0;63.39.204.255;42.6526;-73.7562
63.39.205.0;63.39.205.255;41.8536;-87.6183
63.39.206.0;63.39.206.255;42.6526;-73.7562
63.39.207.0;63.39.207.255;40.7128;-74.006
63.39.208.0;63.39.239.255;38.9072;-77.0369
63.39.240.0;63.39.240.255;41.8536;-87.6183
63.39.241.0;63.39.242.255;42.3601;-71.0589
63.39.243.0;63.39.243.255;40.7128;-74.006
63.39.244.0;63.39.245.255;42.6526;-73.7562
63.39.246.0;63.39.249.255;42.3601;-71.0589
63.39.250.0;63.39.251.255;41.8536;-87.6183
63.39.252.0;63.39.252.255;42.3601;-71.0589
63.39.253.0;63.39.253.255;41.8536;-87.6183
63.39.254.0;63.39.254.255;42.3601;-71.0589
63.39.255.0;63.39.255.255;42.6526;-73.7562
63.40.0.0;63.40.0.255;39.0796;-77.073
63.40.1.0;63.40.1.255;38.9807;-77.1003
63.40.2.0;63.40.2.255;41.8536;-87.6183
63.40.3.0;63.40.3.255;40.7128;-74.006
63.40.4.0;63.40.4.255;41.8536;-87.6183
63.40.5.0;63.40.5.255;40.7128;-74.006
63.40.6.0;63.40.6.255;41.8536;-87.6183
63.40.7.0;63.40.7.255;41.8781;-87.6298
63.40.8.0;63.40.9.255;41.8536;-87.6183
63.40.10.0;63.40.10.255;41.8781;-87.6298
63.40.11.0;63.40.11.255;40.7128;-74.006
63.40.12.0;63.40.14.255;41.8536;-87.6183
63.40.15.0;63.40.16.255;41.8781;-87.6298
63.40.17.0;63.40.18.255;41.8536;-87.6183
63.40.19.0;63.40.19.255;40.7128;-74.006
63.40.20.0;63.40.20.255;41.8536;-87.6183
63.40.21.0;63.40.21.255;41.8781;-87.6298
63.40.22.0;63.40.23.255;40.7128;-74.006
63.40.24.0;63.40.24.255;41.8781;-87.6298
63.40.25.0;63.40.26.255;41.8536;-87.6183
63.40.27.0;63.40.27.255;40.7128;-74.006
63.40.28.0;63.40.29.255;41.8536;-87.6183
63.40.30.0;63.40.31.255;41.8781;-87.6298
63.40.32.0;63.40.33.255;41.8536;-87.6183
63.40.34.0;63.40.34.255;36.0812;-79.1692
63.40.35.0;63.40.37.255;40.7128;-74.006
63.40.38.0;63.40.38.255;41.8781;-87.6298
63.40.39.0;63.40.40.255;41.8536;-87.6183
63.40.41.0;63.40.42.255;40.7128;-74.006
63.40.43.0;63.40.43.255;41.8536;-87.6183
63.40.44.0;63.40.44.255;40.7128;-74.006
63.40.45.0;63.40.45.255;41.8781;-87.6298
63.40.46.0;63.40.46.255;41.8536;-87.6183
63.40.47.0;63.40.47.255;40.7128;-74.006
63.40.48.0;63.40.49.255;41.8536;-87.6183
63.40.50.0;63.40.50.255;41.8781;-87.6298
63.40.51.0;63.40.52.255;40.7128;-74.006
63.40.53.0;63.40.54.255;41.8536;-87.6183
63.40.55.0;63.40.56.255;40.7128;-74.006
63.40.57.0;63.40.57.255;41.8781;-87.6298
63.40.58.0;63.40.58.255;41.8536;-87.6183
63.40.59.0;63.40.59.255;41.8781;-87.6298
63.40.60.0;63.40.63.255;41.8536;-87.6183
63.40.64.0;63.40.64.255;40.7128;-74.006
63.40.65.0;63.40.75.255;41.8536;-87.6183
63.40.76.0;63.40.78.255;40.7128;-74.006
63.40.79.0;63.40.86.255;41.8536;-87.6183
63.40.87.0;63.40.87.255;41.8781;-87.6298
63.40.88.0;63.40.90.255;41.8536;-87.6183
63.40.91.0;63.40.91.255;40.7128;-74.006
63.40.92.0;63.40.92.255;41.8781;-87.6298
63.40.93.0;63.40.93.255;41.8536;-87.6183
63.40.94.0;63.40.94.255;41.8781;-87.6298
63.40.95.0;63.40.96.255;41.8536;-87.6183
63.40.97.0;63.40.97.255;40.7128;-74.006
63.40.98.0;63.40.98.255;41.8781;-87.6298
63.40.99.0;63.40.99.255;41.8536;-87.6183
63.40.100.0;63.40.100.255;41.8781;-87.6298
63.40.101.0;63.40.101.255;41.8536;-87.6183
63.40.102.0;63.40.102.255;40.7128;-74.006
63.40.103.0;63.40.109.255;41.8536;-87.6183
63.40.110.0;63.40.111.255;40.7128;-74.006
63.40.112.0;63.40.113.255;41.8536;-87.6183
63.40.114.0;63.40.114.255;41.8781;-87.6298
63.40.115.0;63.40.115.255;41.8536;-87.6183
63.40.116.0;63.40.116.255;40.7128;-74.006
63.40.117.0;63.40.118.255;41.8536;-87.6183
63.40.119.0;63.40.119.255;41.8781;-87.6298
63.40.120.0;63.40.120.255;41.8536;-87.6183
63.40.121.0;63.40.121.255;40.7128;-74.006
63.40.122.0;63.40.122.255;41.8536;-87.6183
63.40.123.0;63.40.123.255;41.8781;-87.6298
63.40.124.0;63.40.124.255;40.1878;-85.1275
63.40.125.0;63.40.126.255;41.8536;-87.6183
63.40.127.0;63.40.127.255;41.8781;-87.6298
63.40.128.0;63.40.130.255;41.8536;-87.6183
63.40.131.0;63.40.131.255;40.7128;-74.006
63.40.132.0;63.40.133.255;41.8536;-87.6183
63.40.134.0;63.40.134.255;41.8781;-87.6298
63.40.135.0;63.40.135.255;41.8536;-87.6183
63.40.136.0;63.40.136.255;40.7128;-74.006
63.40.137.0;63.40.138.255;41.8536;-87.6183
63.40.139.0;63.40.139.255;40.7128;-74.006
63.40.140.0;63.40.140.255;41.8536;-87.6183
63.40.141.0;63.40.141.255;40.7128;-74.006
63.40.142.0;63.40.143.255;41.8536;-87.6183
63.40.144.0;63.40.145.255;40.7128;-74.006
63.40.146.0;63.40.146.255;41.8536;-87.6183
63.40.147.0;63.40.149.255;40.7128;-74.006
63.40.150.0;63.40.152.255;41.8536;-87.6183
63.40.153.0;63.40.154.255;41.8781;-87.6298
63.40.155.0;63.40.155.255;40.7128;-74.006
63.40.156.0;63.40.156.255;41.8781;-87.6298
63.40.157.0;63.40.157.255;41.8536;-87.6183
63.40.158.0;63.40.158.255;41.8781;-87.6298
63.40.159.0;63.40.160.255;40.7128;-74.006
63.40.161.0;63.40.161.255;41.8536;-87.6183
63.40.162.0;63.40.162.255;41.8781;-87.6298
63.40.163.0;63.40.165.255;41.8536;-87.6183
63.40.166.0;63.40.166.255;41.8781;-87.6298
63.40.167.0;63.40.168.255;40.7128;-74.006
63.40.169.0;63.40.169.255;41.8781;-87.6298
63.40.170.0;63.40.170.255;41.8536;-87.6183
63.40.171.0;63.40.171.255;41.8781;-87.6298
63.40.172.0;63.40.172.255;41.8536;-87.6183
63.40.173.0;63.40.173.255;40.7128;-74.006
63.40.174.0;63.40.174.255;41.8536;-87.6183
63.40.175.0;63.40.176.255;40.7128;-74.006
63.40.177.0;63.40.178.255;41.8536;-87.6183
63.40.179.0;63.40.179.255;43.2137;-77.9392
63.40.180.0;63.40.181.255;41.8536;-87.6183
63.40.182.0;63.40.182.255;40.7128;-74.006
63.40.183.0;63.40.183.255;41.8536;-87.6183
63.40.184.0;63.40.185.255;41.8781;-87.6298
63.40.186.0;63.40.186.255;41.8536;-87.6183
63.40.187.0;63.40.187.255;40.7128;-74.006
63.40.188.0;63.40.189.255;41.8536;-87.6183
63.40.190.0;63.40.190.255;40.7128;-74.006
63.40.191.0;63.40.192.255;41.8536;-87.6183
63.40.193.0;63.40.193.255;40.7128;-74.006
63.40.194.0;63.40.195.255;41.8536;-87.6183
63.40.196.0;63.40.197.255;40.7128;-74.006
63.40.198.0;63.40.199.255;41.8536;-87.6183
63.40.200.0;63.40.200.255;40.7128;-74.006
63.40.201.0;63.40.201.255;41.8536;-87.6183
63.40.202.0;63.40.202.255;41.8781;-87.6298
63.40.203.0;63.40.208.255;41.8536;-87.6183
63.40.209.0;63.40.209.255;41.8781;-87.6298
63.40.210.0;63.40.210.255;41.8536;-87.6183
63.40.211.0;63.40.211.255;41.8781;-87.6298
63.40.212.0;63.40.212.255;41.8536;-87.6183
63.40.213.0;63.40.213.255;40.7128;-74.006
63.40.214.0;63.40.214.255;41.8781;-87.6298
63.40.215.0;63.40.217.255;41.8536;-87.6183
63.40.218.0;63.40.218.255;41.8781;-87.6298
63.40.219.0;63.40.219.255;41.8536;-87.6183
63.40.220.0;63.40.220.255;41.8781;-87.6298
63.40.221.0;63.40.221.255;41.8536;-87.6183
63.40.222.0;63.40.222.255;40.7128;-74.006
63.40.223.0;63.40.223.255;41.8781;-87.6298
63.40.224.0;63.40.226.255;41.8536;-87.6183
63.40.227.0;63.40.228.255;40.7128;-74.006
63.40.229.0;63.40.230.255;41.8781;-87.6298
63.40.231.0;63.40.231.255;40.7128;-74.006
63.40.232.0;63.40.232.255;41.8781;-87.6298
63.40.233.0;63.40.233.255;40.7128;-74.006
63.40.234.0;63.40.235.255;41.8536;-87.6183
63.40.236.0;63.40.236.255;41.8781;-87.6298
63.40.237.0;63.40.239.255;41.8536;-87.6183
63.40.240.0;63.40.240.255;41.8781;-87.6298
63.40.241.0;63.40.242.255;40.7128;-74.006
63.40.243.0;63.40.245.255;41.8536;-87.6183
63.40.246.0;63.40.246.255;40.7128;-74.006
63.40.247.0;63.40.248.255;41.8781;-87.6298
63.40.249.0;63.40.252.255;41.8536;-87.6183
63.40.253.0;63.40.253.255;39.0113;-77.4713
63.40.254.0;63.40.255.255;41.8536;-87.6183
63.41.0.0;63.41.0.255;39.0113;-77.4713
63.41.1.0;63.41.2.255;32.8371;-97.082
63.41.3.0;63.41.3.255;39.0113;-77.4713
63.41.4.0;63.41.4.255;32.8371;-97.082
63.41.5.0;63.41.5.255;39.0113;-77.4713
63.41.6.0;63.41.10.255;32.8371;-97.082
63.41.11.0;63.41.11.255;39.0113;-77.4713
63.41.12.0;63.41.12.255;32.8371;-97.082
63.41.13.0;63.41.13.255;40.7128;-74.006
63.41.14.0;63.41.14.255;32.8371;-97.082
63.41.15.0;63.41.15.255;39.0113;-77.4713
63.41.16.0;63.41.27.255;32.8371;-97.082
63.41.28.0;63.41.28.255;39.0113;-77.4713
63.41.29.0;63.41.30.255;32.8371;-97.082
63.41.31.0;63.41.31.255;39.0113;-77.4713
63.41.32.0;63.41.32.255;32.8371;-97.082
63.41.33.0;63.41.34.255;39.0113;-77.4713
63.41.35.0;63.41.37.255;32.8371;-97.082
63.41.38.0;63.41.38.255;39.0113;-77.4713
63.41.39.0;63.41.45.255;32.8371;-97.082
63.41.46.0;63.41.46.255;40.7128;-74.006
63.41.47.0;63.41.56.255;32.8371;-97.082
63.41.57.0;63.41.57.255;39.0113;-77.4713
63.41.58.0;63.41.86.255;32.8371;-97.082
63.41.87.0;63.41.88.255;39.0113;-77.4713
63.41.89.0;63.41.91.255;32.8371;-97.082
63.41.92.0;63.41.92.255;39.0113;-77.4713
63.41.93.0;63.41.101.255;32.8371;-97.082
63.41.102.0;63.41.102.255;39.0113;-77.4713
63.41.103.0;63.41.109.255;32.8371;-97.082
63.41.110.0;63.41.113.255;39.0113;-77.4713
63.41.114.0;63.41.122.255;32.8371;-97.082
63.41.123.0;63.41.124.255;39.0113;-77.4713
63.41.125.0;63.41.126.255;32.8371;-97.082
63.41.127.0;63.41.127.255;39.0113;-77.4713
63.41.128.0;63.41.144.255;32.8371;-97.082
63.41.145.0;63.41.145.255;39.0113;-77.4713
63.41.146.0;63.41.146.255;32.8371;-97.082
63.41.147.0;63.41.147.255;39.0113;-77.4713
63.41.148.0;63.41.150.255;32.8371;-97.082
63.41.151.0;63.41.151.255;39.0113;-77.4713
63.41.152.0;63.41.158.255;32.8371;-97.082
63.41.159.0;63.41.159.255;39.0113;-77.4713
63.41.160.0;63.41.174.255;32.8371;-97.082
63.41.175.0;63.41.175.255;39.0113;-77.4713
63.41.176.0;63.41.182.255;32.8371;-97.082
63.41.183.0;63.41.184.255;39.0113;-77.4713
63.41.185.0;63.41.189.255;32.8371;-97.082
63.41.190.0;63.41.190.255;39.0113;-77.4713
63.41.191.0;63.41.203.255;32.8371;-97.082
63.41.204.0;63.41.204.255;39.0113;-77.4713
63.41.205.0;63.41.207.255;32.8371;-97.082
63.41.208.0;63.41.208.255;39.0113;-77.4713
63.41.209.0;63.41.221.255;32.8371;-97.082
63.41.222.0;63.41.223.255;39.0113;-77.4713
63.41.224.0;63.41.225.255;32.8371;-97.082
63.41.226.0;63.41.226.255;39.0113;-77.4713
63.41.227.0;63.41.227.255;32.8371;-97.082
63.41.228.0;63.41.228.255;39.0113;-77.4713
63.41.229.0;63.41.233.255;32.8371;-97.082
63.41.234.0;63.41.234.255;39.0113;-77.4713
63.41.235.0;63.41.235.255;32.8371;-97.082
63.41.236.0;63.41.236.255;39.0113;-77.4713
63.41.237.0;63.41.239.255;32.8371;-97.082
63.41.240.0;63.41.240.255;39.0113;-77.4713
63.41.241.0;63.41.241.255;40.7128;-74.006
63.41.242.0;63.41.243.255;32.8371;-97.082
63.41.244.0;63.41.245.255;39.0113;-77.4713
63.41.246.0;63.41.246.255;32.8371;-97.082
63.41.247.0;63.41.247.255;39.0113;-77.4713
63.41.248.0;63.41.255.255;32.8371;-97.082
63.42.0.0;63.42.0.255;40.7128;-74.006
63.42.1.0;63.42.1.255;46.2087;-119.12
63.42.2.0;63.42.2.255;40.7128;-74.006
63.42.3.0;63.42.5.255;39.0113;-77.4713
63.42.6.0;63.42.8.255;40.7128;-74.006
63.42.9.0;63.42.9.255;39.0113;-77.4713
63.42.10.0;63.42.13.255;46.2087;-119.12
63.42.14.0;63.42.14.255;39.0113;-77.4713
63.42.15.0;63.42.15.255;46.2087;-119.12
63.42.16.0;63.42.17.255;39.0113;-77.4713
63.42.18.0;63.42.18.255;46.2087;-119.12
63.42.19.0;63.42.20.255;39.0113;-77.4713
63.42.21.0;63.42.22.255;40.7128;-74.006
63.42.23.0;63.42.24.255;39.0113;-77.4713
63.42.25.0;63.42.25.255;40.7128;-74.006
63.42.26.0;63.42.26.255;39.0113;-77.4713
63.42.27.0;63.42.28.255;40.7128;-74.006
63.42.29.0;63.42.33.255;39.0113;-77.4713
63.42.34.0;63.42.35.255;40.7128;-74.006
63.42.36.0;63.42.36.255;39.0113;-77.4713
63.42.37.0;63.42.41.255;46.2087;-119.12
63.42.42.0;63.42.42.255;39.0113;-77.4713
63.42.43.0;63.42.43.255;46.2087;-119.12
63.42.44.0;63.42.44.255;39.0113;-77.4713
63.42.45.0;63.42.45.255;46.2087;-119.12
63.42.46.0;63.42.46.255;39.0113;-77.4713
63.42.47.0;63.42.47.255;46.2087;-119.12
63.42.48.0;63.42.51.255;39.0113;-77.4713
63.42.52.0;63.42.52.255;46.2087;-119.12
63.42.53.0;63.42.53.255;40.7128;-74.006
63.42.54.0;63.42.55.255;46.2087;-119.12
63.42.56.0;63.42.56.255;39.0113;-77.4713
63.42.57.0;63.42.57.255;46.2087;-119.12
63.42.58.0;63.42.58.255;40.7128;-74.006
63.42.59.0;63.42.59.255;39.0113;-77.4713
63.42.60.0;63.42.60.255;46.2087;-119.12
63.42.61.0;63.42.61.255;40.7128;-74.006
63.42.62.0;63.42.64.255;46.2087;-119.12
63.42.65.0;63.42.65.255;39.0113;-77.4713
63.42.66.0;63.42.67.255;46.2087;-119.12
63.42.68.0;63.42.70.255;40.7128;-74.006
63.42.71.0;63.42.71.255;39.0113;-77.4713
63.42.72.0;63.42.72.255;40.7128;-74.006
63.42.73.0;63.42.73.255;46.2087;-119.12
63.42.74.0;63.42.74.255;40.7128;-74.006
63.42.75.0;63.42.75.255;46.2087;-119.12
63.42.76.0;63.42.76.255;39.0113;-77.4713
63.42.77.0;63.42.77.255;40.7128;-74.006
63.42.78.0;63.42.78.255;46.2087;-119.12
63.42.79.0;63.42.79.255;40.7128;-74.006
63.42.80.0;63.42.80.255;39.0113;-77.4713
63.42.81.0;63.42.81.255;40.7128;-74.006
63.42.82.0;63.42.82.255;39.0113;-77.4713
63.42.83.0;63.42.83.255;46.2087;-119.12
63.42.84.0;63.42.84.255;40.7128;-74.006
63.42.85.0;63.42.85.255;39.0113;-77.4713
63.42.86.0;63.42.87.255;40.7128;-74.006
63.42.88.0;63.42.88.255;46.2087;-119.12
63.42.89.0;63.42.90.255;40.7128;-74.006
63.42.91.0;63.42.91.255;39.0113;-77.4713
63.42.92.0;63.42.92.255;40.7128;-74.006
63.42.93.0;63.42.93.255;39.0113;-77.4713
63.42.94.0;63.42.94.255;46.2087;-119.12
63.42.95.0;63.42.95.255;39.011;-77.4711
63.42.96.0;63.42.97.255;39.0113;-77.4713
63.42.98.0;63.42.99.255;40.7128;-74.006
63.42.100.0;63.42.100.255;46.2087;-119.12
63.42.101.0;63.42.102.255;40.7128;-74.006
63.42.103.0;63.42.103.255;39.0113;-77.4713
63.42.104.0;63.42.104.255;40.7128;-74.006
63.42.105.0;63.42.109.255;39.0113;-77.4713
63.42.110.0;63.42.110.255;40.7128;-74.006
63.42.111.0;63.42.111.255;46.2087;-119.12
63.42.112.0;63.42.112.255;39.0113;-77.4713
63.42.113.0;63.42.114.255;40.7128;-74.006
63.42.115.0;63.42.115.255;39.0113;-77.4713
63.42.116.0;63.42.116.255;46.2087;-119.12
63.42.117.0;63.42.118.255;40.7128;-74.006
63.42.119.0;63.42.119.255;46.2087;-119.12
63.42.120.0;63.42.120.255;39.0113;-77.4713
63.42.121.0;63.42.122.255;40.7128;-74.006
63.42.123.0;63.42.124.255;39.0113;-77.4713
63.42.125.0;63.42.126.255;40.7128;-74.006
63.42.127.0;63.42.127.255;39.0113;-77.4713
63.42.128.0;63.42.128.255;46.2087;-119.12
63.42.129.0;63.42.131.255;40.7128;-74.006
63.42.132.0;63.42.132.255;46.2087;-119.12
63.42.133.0;63.42.133.255;39.0113;-77.4713
63.42.134.0;63.42.134.255;40.7128;-74.006
63.42.135.0;63.42.135.255;46.2087;-119.12
63.42.136.0;63.42.138.255;40.7128;-74.006
63.42.139.0;63.42.139.255;39.0113;-77.4713
63.42.140.0;63.42.140.255;40.7128;-74.006
63.42.141.0;63.42.141.255;46.2087;-119.12
63.42.142.0;63.42.142.255;40.7128;-74.006
63.42.143.0;63.42.144.255;39.0113;-77.4713
63.42.145.0;63.42.145.255;46.2087;-119.12
63.42.146.0;63.42.148.255;40.7128;-74.006
63.42.149.0;63.42.149.255;39.0113;-77.4713
63.42.150.0;63.42.151.255;40.7128;-74.006
63.42.152.0;63.42.152.255;39.0113;-77.4713
63.42.153.0;63.42.153.255;46.2087;-119.12
63.42.154.0;63.42.155.255;40.7128;-74.006
63.42.156.0;63.42.156.255;46.2087;-119.12
63.42.157.0;63.42.157.255;40.7128;-74.006
63.42.158.0;63.42.158.255;39.0113;-77.4713
63.42.159.0;63.42.159.255;46.2087;-119.12
63.42.160.0;63.42.160.255;39.0113;-77.4713
63.42.161.0;63.42.161.255;40.7128;-74.006
63.42.162.0;63.42.164.255;39.0113;-77.4713
63.42.165.0;63.42.165.255;46.2087;-119.12
63.42.166.0;63.42.166.255;40.7128;-74.006
63.42.167.0;63.42.167.255;46.2087;-119.12
63.42.168.0;63.42.169.255;39.0113;-77.4713
63.42.170.0;63.42.170.255;40.7128;-74.006
63.42.171.0;63.42.172.255;39.0113;-77.4713
63.42.173.0;63.42.174.255;40.7128;-74.006
63.42.175.0;63.42.175.255;46.2087;-119.12
63.42.176.0;63.42.176.255;39.0113;-77.4713
63.42.177.0;63.42.177.255;46.2087;-119.12
63.42.178.0;63.42.179.255;39.0113;-77.4713
63.42.180.0;63.42.180.255;40.7128;-74.006
63.42.181.0;63.42.182.255;39.0113;-77.4713
63.42.183.0;63.42.184.255;40.7128;-74.006
63.42.185.0;63.42.185.255;39.0113;-77.4713
63.42.186.0;63.42.186.255;40.7128;-74.006
63.42.187.0;63.42.188.255;39.0113;-77.4713
63.42.189.0;63.42.189.255;46.2087;-119.12
63.42.190.0;63.42.190.255;40.7128;-74.006
63.42.191.0;63.42.191.255;39.011;-77.4711
63.42.192.0;63.42.192.255;40.7128;-74.006
63.42.193.0;63.42.194.255;46.2087;-119.12
63.42.195.0;63.42.195.255;40.7128;-74.006
63.42.196.0;63.42.197.255;39.0113;-77.4713
63.42.198.0;63.42.198.255;40.7128;-74.006
63.42.199.0;63.42.199.255;39.0113;-77.4713
63.42.200.0;63.42.201.255;46.2087;-119.12
63.42.202.0;63.42.204.255;39.0113;-77.4713
63.42.205.0;63.42.207.255;40.7128;-74.006
63.42.208.0;63.42.213.255;39.0113;-77.4713
63.42.214.0;63.42.214.255;46.2087;-119.12
63.42.215.0;63.42.215.255;40.7128;-74.006
63.42.216.0;63.42.217.255;46.2087;-119.12
63.42.218.0;63.42.218.255;40.7128;-74.006
63.42.219.0;63.42.219.255;46.2087;-119.12
63.42.220.0;63.42.220.255;39.0113;-77.4713
63.42.221.0;63.42.221.255;40.7128;-74.006
63.42.222.0;63.42.222.255;39.0113;-77.4713
63.42.223.0;63.42.223.255;46.2087;-119.12
63.42.224.0;63.42.225.255;39.0113;-77.4713
63.42.226.0;63.42.227.255;46.2087;-119.12
63.42.228.0;63.42.228.255;40.7128;-74.006
63.42.229.0;63.42.229.255;39.0113;-77.4713
63.42.230.0;63.42.230.255;46.2087;-119.12
63.42.231.0;63.42.232.255;40.7128;-74.006
63.42.233.0;63.42.238.255;39.0113;-77.4713
63.42.239.0;63.42.241.255;40.7128;-74.006
63.42.242.0;63.42.242.255;46.2087;-119.12
63.42.243.0;63.42.243.255;40.7128;-74.006
63.42.244.0;63.42.244.255;39.0113;-77.4713
63.42.245.0;63.42.245.255;46.2087;-119.12
63.42.246.0;63.42.246.255;40.7128;-74.006
63.42.247.0;63.42.248.255;46.2087;-119.12
63.42.249.0;63.42.250.255;40.7128;-74.006
63.42.251.0;63.42.252.255;39.0113;-77.4713
63.42.253.0;63.43.0.255;40.7128;-74.006
63.43.1.0;63.43.1.255;39.0113;-77.4713
63.43.2.0;63.43.2.255;40.7128;-74.006
63.43.3.0;63.43.3.255;39.0113;-77.4713
63.43.4.0;63.43.4.255;40.7128;-74.006
63.43.5.0;63.43.7.255;41.8781;-87.6298
63.43.8.0;63.43.8.255;40.7128;-74.006
63.43.9.0;63.43.9.255;39.0113;-77.4713
63.43.10.0;63.43.10.255;40.7128;-74.006
63.43.11.0;63.43.14.255;39.0113;-77.4713
63.43.15.0;63.43.15.255;40.7128;-74.006
63.43.16.0;63.43.17.255;39.0113;-77.4713
63.43.18.0;63.43.18.255;41.8781;-87.6298
63.43.19.0;63.43.19.255;40.7128;-74.006
63.43.20.0;63.43.21.255;41.8781;-87.6298
63.43.22.0;63.43.22.255;39.0113;-77.4713
63.43.23.0;63.43.23.255;41.8781;-87.6298
63.43.24.0;63.43.24.255;39.0113;-77.4713
63.43.25.0;63.43.25.255;41.8781;-87.6298
63.43.26.0;63.43.26.255;40.7128;-74.006
63.43.27.0;63.43.29.255;39.0113;-77.4713
63.43.30.0;63.43.31.255;41.8781;-87.6298
63.43.32.0;63.43.32.255;40.7128;-74.006
63.43.33.0;63.43.33.255;39.011;-77.4711
63.43.34.0;63.43.34.255;39.0113;-77.4713
63.43.35.0;63.43.35.255;40.7128;-74.006
63.43.36.0;63.43.36.255;39.011;-77.4711
63.43.37.0;63.43.38.255;39.0113;-77.4713
63.43.39.0;63.43.39.255;40.7128;-74.006
63.43.40.0;63.43.42.255;39.0113;-77.4713
63.43.43.0;63.43.43.255;41.8781;-87.6298
63.43.44.0;63.43.44.255;39.0113;-77.4713
63.43.45.0;63.43.45.255;39.011;-77.4711
63.43.46.0;63.43.47.255;39.0113;-77.4713
63.43.48.0;63.43.48.255;41.8781;-87.6298
63.43.49.0;63.43.49.255;40.7128;-74.006
63.43.50.0;63.43.50.255;39.011;-77.4711
63.43.51.0;63.43.51.255;41.8781;-87.6298
63.43.52.0;63.43.54.255;39.0113;-77.4713
63.43.55.0;63.43.55.255;41.8781;-87.6298
63.43.56.0;63.43.57.255;40.7128;-74.006
63.43.58.0;63.43.58.255;41.8781;-87.6298
63.43.59.0;63.43.60.255;40.7128;-74.006
63.43.61.0;63.43.61.255;39.011;-77.4711
63.43.62.0;63.43.62.255;40.7128;-74.006
63.43.63.0;63.43.63.255;39.011;-77.4711
63.43.64.0;63.43.64.255;40.7128;-74.006
63.43.65.0;63.43.65.255;39.0113;-77.4713
63.43.66.0;63.43.66.255;39.011;-77.4711
63.43.67.0;63.43.67.255;40.7128;-74.006
63.43.68.0;63.43.69.255;39.0113;-77.4713
63.43.70.0;63.43.71.255;40.7128;-74.006
63.43.72.0;63.43.73.255;41.8781;-87.6298
63.43.74.0;63.43.75.255;40.7128;-74.006
63.43.76.0;63.43.76.255;39.0113;-77.4713
63.43.77.0;63.43.77.255;40.7128;-74.006
63.43.78.0;63.43.78.255;39.0113;-77.4713
63.43.79.0;63.43.80.255;40.7128;-74.006
63.43.81.0;63.43.82.255;41.8781;-87.6298
63.43.83.0;63.43.83.255;39.0113;-77.4713
63.43.84.0;63.43.85.255;41.8781;-87.6298
63.43.86.0;63.43.89.255;40.7128;-74.006
63.43.90.0;63.43.90.255;39.0113;-77.4713
63.43.91.0;63.43.91.255;40.7128;-74.006
63.43.92.0;63.43.92.255;39.0113;-77.4713
63.43.93.0;63.43.93.255;41.8781;-87.6298
63.43.94.0;63.43.94.255;39.0113;-77.4713
63.43.95.0;63.43.95.255;40.7128;-74.006
63.43.96.0;63.43.97.255;39.0113;-77.4713
63.43.98.0;63.43.98.255;41.8781;-87.6298
63.43.99.0;63.43.100.255;39.0113;-77.4713
63.43.101.0;63.43.101.255;40.7128;-74.006
63.43.102.0;63.43.102.255;39.0113;-77.4713
63.43.103.0;63.43.104.255;40.7128;-74.006
63.43.105.0;63.43.105.255;41.8781;-87.6298
63.43.106.0;63.43.106.255;40.7128;-74.006
63.43.107.0;63.43.108.255;41.8781;-87.6298
63.43.109.0;63.43.110.255;39.0113;-77.4713
63.43.111.0;63.43.112.255;41.8781;-87.6298
63.43.113.0;63.43.114.255;40.7128;-74.006
63.43.115.0;63.43.115.255;39.0113;-77.4713
63.43.116.0;63.43.116.255;41.8781;-87.6298
63.43.117.0;63.43.118.255;40.7128;-74.006
63.43.119.0;63.43.120.255;39.0113;-77.4713
63.43.121.0;63.43.121.255;41.8781;-87.6298
63.43.122.0;63.43.125.255;39.0113;-77.4713
63.43.126.0;63.43.126.255;40.7128;-74.006
63.43.127.0;63.43.127.255;39.0113;-77.4713
63.43.128.0;63.43.128.255;40.7128;-74.006
63.43.129.0;63.43.132.255;39.0113;-77.4713
63.43.133.0;63.43.133.255;40.7128;-74.006
63.43.134.0;63.43.137.255;39.0113;-77.4713
63.43.138.0;63.43.138.255;40.7128;-74.006
63.43.139.0;63.43.139.255;39.0113;-77.4713
63.43.140.0;63.43.140.255;41.8781;-87.6298
63.43.141.0;63.43.142.255;39.0113;-77.4713
63.43.143.0;63.43.143.255;41.8781;-87.6298
63.43.144.0;63.43.144.255;40.7128;-74.006
63.43.145.0;63.43.146.255;39.0113;-77.4713
63.43.147.0;63.43.147.255;40.7128;-74.006
63.43.148.0;63.43.148.255;41.8781;-87.6298
63.43.149.0;63.43.151.255;39.0113;-77.4713
63.43.152.0;63.43.152.255;41.8781;-87.6298
63.43.153.0;63.43.153.255;39.0113;-77.4713
63.43.154.0;63.43.154.255;40.7128;-74.006
63.43.155.0;63.43.155.255;41.8781;-87.6298
63.43.156.0;63.43.157.255;40.7128;-74.006
63.43.158.0;63.43.158.255;39.0113;-77.4713
63.43.159.0;63.43.159.255;41.8781;-87.6298
63.43.160.0;63.43.160.255;39.0113;-77.4713
63.43.161.0;63.43.161.255;40.7128;-74.006
63.43.162.0;63.43.162.255;39.0113;-77.4713
63.43.163.0;63.43.164.255;40.7128;-74.006
63.43.165.0;63.43.166.255;39.0113;-77.4713
63.43.167.0;63.43.167.255;41.8781;-87.6298
63.43.168.0;63.43.168.255;40.7128;-74.006
63.43.169.0;63.43.171.255;41.8781;-87.6298
63.43.172.0;63.43.172.255;40.7128;-74.006
63.43.173.0;63.43.173.255;41.8781;-87.6298
63.43.174.0;63.43.174.255;39.0113;-77.4713
63.43.175.0;63.43.175.255;41.8781;-87.6298
63.43.176.0;63.43.176.255;40.7128;-74.006
63.43.177.0;63.43.179.255;41.8781;-87.6298
63.43.180.0;63.43.180.255;40.7128;-74.006
63.43.181.0;63.43.181.255;39.0113;-77.4713
63.43.182.0;63.43.182.255;41.8781;-87.6298
63.43.183.0;63.43.183.255;40.7128;-74.006
63.43.184.0;63.43.184.255;41.8781;-87.6298
63.43.185.0;63.43.185.255;40.7128;-74.006
63.43.186.0;63.43.186.255;41.8781;-87.6298
63.43.187.0;63.43.190.255;40.7128;-74.006
63.43.191.0;63.43.191.255;39.0113;-77.4713
63.43.192.0;63.43.192.255;41.8781;-87.6298
63.43.193.0;63.43.193.255;39.0113;-77.4713
63.43.194.0;63.43.194.255;41.8781;-87.6298
63.43.195.0;63.43.195.255;41.1839;-96.1503
63.43.196.0;63.43.196.255;39.0113;-77.4713
63.43.197.0;63.43.197.255;41.8781;-87.6298
63.43.198.0;63.43.199.255;39.0113;-77.4713
63.43.200.0;63.43.200.255;40.7128;-74.006
63.43.201.0;63.43.201.255;39.0113;-77.4713
63.43.202.0;63.43.202.255;40.7128;-74.006
63.43.203.0;63.43.204.255;39.0113;-77.4713
63.43.205.0;63.43.206.255;40.7128;-74.006
63.43.207.0;63.43.211.255;39.0113;-77.4713
63.43.212.0;63.43.212.255;41.8781;-87.6298
63.43.213.0;63.43.213.255;39.0113;-77.4713
63.43.214.0;63.43.214.255;41.8781;-87.6298
63.43.215.0;63.43.215.255;40.7128;-74.006
63.43.216.0;63.43.216.255;41.8781;-87.6298
63.43.217.0;63.43.219.255;39.0113;-77.4713
63.43.220.0;63.43.220.255;41.8781;-87.6298
63.43.221.0;63.43.222.255;39.0113;-77.4713
63.43.223.0;63.43.224.255;40.7128;-74.006
63.43.225.0;63.43.225.255;41.8781;-87.6298
63.43.226.0;63.43.226.255;40.7128;-74.006
63.43.227.0;63.43.227.255;41.8781;-87.6298
63.43.228.0;63.43.229.255;40.7128;-74.006
63.43.230.0;63.43.230.255;41.8781;-87.6298
63.43.231.0;63.43.231.255;39.0113;-77.4713
63.43.232.0;63.43.233.255;41.8781;-87.6298
63.43.234.0;63.43.234.255;39.0113;-77.4713
63.43.235.0;63.43.235.255;40.7128;-74.006
63.43.236.0;63.43.236.255;39.0113;-77.4713
63.43.237.0;63.43.238.255;40.7128;-74.006
63.43.239.0;63.43.239.255;39.0113;-77.4713
63.43.240.0;63.43.241.255;41.8781;-87.6298
63.43.242.0;63.43.243.255;40.7128;-74.006
63.43.244.0;63.43.245.255;41.8781;-87.6298
63.43.246.0;63.43.246.255;40.7128;-74.006
63.43.247.0;63.43.247.255;33.9234;-118.303
63.43.248.0;63.43.248.255;39.0113;-77.4713
63.43.249.0;63.43.249.255;40.7128;-74.006
63.43.250.0;63.43.250.255;39.0113;-77.4713
63.43.251.0;63.43.251.255;41.8781;-87.6298
63.43.252.0;63.43.252.255;39.0113;-77.4713
63.43.253.0;63.43.254.255;41.8781;-87.6298
63.43.255.0;63.43.255.255;39.0113;-77.4713
63.44.0.0;63.44.5.255;41.8536;-87.6183
63.44.6.0;63.44.6.255;40.7128;-74.006
63.44.7.0;63.44.7.255;41.8536;-87.6183
63.44.8.0;63.44.8.255;39.1434;-77.2014
63.44.9.0;63.44.9.255;41.8536;-87.6183
63.44.10.0;63.44.10.255;41.8781;-87.6298
63.44.11.0;63.44.13.255;41.8536;-87.6183
63.44.14.0;63.44.14.255;40.7143;-74.006
63.44.15.0;63.44.15.255;41.8781;-87.6298
63.44.16.0;63.44.19.255;40.7128;-74.006
63.44.20.0;63.44.20.255;41.8536;-87.6183
63.44.21.0;63.44.21.255;41.8781;-87.6298
63.44.22.0;63.44.23.255;41.8536;-87.6183
63.44.24.0;63.44.24.255;41.8781;-87.6298
63.44.25.0;63.44.25.255;41.8536;-87.6183
63.44.26.0;63.44.26.255;41.8781;-87.6298
63.44.27.0;63.44.30.255;41.8536;-87.6183
63.44.31.0;63.44.33.255;40.7128;-74.006
63.44.34.0;63.44.36.255;41.8536;-87.6183
63.44.37.0;63.44.37.255;40.7128;-74.006
63.44.38.0;63.44.44.255;41.8536;-87.6183
63.44.45.0;63.44.46.255;40.7128;-74.006
63.44.47.0;63.44.49.255;41.8536;-87.6183
63.44.50.0;63.44.50.255;41.8781;-87.6298
63.44.51.0;63.44.51.255;41.8536;-87.6183
63.44.52.0;63.44.52.255;41.8781;-87.6298
63.44.53.0;63.44.55.255;41.8536;-87.6183
63.44.56.0;63.44.56.255;40.7128;-74.006
63.44.57.0;63.44.57.255;41.8781;-87.6298
63.44.58.0;63.44.58.255;40.7128;-74.006
63.44.59.0;63.44.59.255;41.8536;-87.6183
63.44.60.0;63.44.60.255;40.7128;-74.006
63.44.61.0;63.44.61.255;41.8536;-87.6183
63.44.62.0;63.44.62.255;41.8781;-87.6298
63.44.63.0;63.44.63.255;41.8536;-87.6183
63.44.64.0;63.44.64.255;40.7128;-74.006
63.44.65.0;63.44.69.255;41.8536;-87.6183
63.44.70.0;63.44.70.255;40.7128;-74.006
63.44.71.0;63.44.72.255;41.8536;-87.6183
63.44.73.0;63.44.73.255;41.8781;-87.6298
63.44.74.0;63.44.79.255;41.8536;-87.6183
63.44.80.0;63.44.80.255;40.7128;-74.006
63.44.81.0;63.44.81.255;41.8781;-87.6298
63.44.82.0;63.44.85.255;41.8536;-87.6183
63.44.86.0;63.44.86.255;41.8781;-87.6298
63.44.87.0;63.44.87.255;40.7128;-74.006
63.44.88.0;63.44.88.255;41.8781;-87.6298
63.44.89.0;63.44.89.255;40.7128;-74.006
63.44.90.0;63.44.91.255;41.8536;-87.6183
63.44.92.0;63.44.93.255;40.7128;-74.006
63.44.94.0;63.44.96.255;41.8536;-87.6183
63.44.97.0;63.44.97.255;41.8781;-87.6298
63.44.98.0;63.44.98.255;41.8536;-87.6183
63.44.99.0;63.44.99.255;40.7128;-74.006
63.44.100.0;63.44.100.255;41.8536;-87.6183
63.44.101.0;63.44.101.255;40.7128;-74.006
63.44.102.0;63.44.103.255;41.8536;-87.6183
63.44.104.0;63.44.105.255;40.7128;-74.006
63.44.106.0;63.44.106.255;41.8536;-87.6183
63.44.107.0;63.44.108.255;40.7128;-74.006
63.44.109.0;63.44.109.255;41.8536;-87.6183
63.44.110.0;63.44.110.255;40.7128;-74.006
63.44.111.0;63.44.111.255;41.8536;-87.6183
63.44.112.0;63.44.112.255;40.7128;-74.006
63.44.113.0;63.44.113.255;41.8781;-87.6298
63.44.114.0;63.44.115.255;40.7128;-74.006
63.44.116.0;63.44.117.255;41.8536;-87.6183
63.44.118.0;63.44.120.255;40.7128;-74.006
63.44.121.0;63.44.124.255;41.8536;-87.6183
63.44.125.0;63.44.126.255;41.8781;-87.6298
63.44.127.0;63.44.134.255;41.8536;-87.6183
63.44.135.0;63.44.136.255;41.8781;-87.6298
63.44.137.0;63.44.141.255;41.8536;-87.6183
63.44.142.0;63.44.142.255;41.8781;-87.6298
63.44.143.0;63.44.143.255;40.7128;-74.006
63.44.144.0;63.44.144.255;41.8536;-87.6183
63.44.145.0;63.44.145.255;39.0923;-77.0444
63.44.146.0;63.44.146.255;40.7128;-74.006
63.44.147.0;63.44.148.255;41.8536;-87.6183
63.44.149.0;63.44.149.255;40.7128;-74.006
63.44.150.0;63.44.151.255;41.8536;-87.6183
63.44.152.0;63.44.152.255;41.8781;-87.6298
63.44.153.0;63.44.153.255;41.8536;-87.6183
63.44.154.0;63.44.154.255;41.8781;-87.6298
63.44.155.0;63.44.156.255;40.7128;-74.006
63.44.157.0;63.44.158.255;41.8536;-87.6183
63.44.159.0;63.44.159.255;41.8781;-87.6298
63.44.160.0;63.44.161.255;40.7128;-74.006
63.44.162.0;63.44.162.255;41.8536;-87.6183
63.44.163.0;63.44.163.255;41.8781;-87.6298
63.44.164.0;63.44.164.255;40.7128;-74.006
63.44.165.0;63.44.166.255;41.8536;-87.6183
63.44.167.0;63.44.167.255;41.8781;-87.6298
63.44.168.0;63.44.176.255;41.8536;-87.6183
63.44.177.0;63.44.177.255;41.8781;-87.6298
63.44.178.0;63.44.182.255;41.8536;-87.6183
63.44.183.0;63.44.183.255;40.7128;-74.006
63.44.184.0;63.44.184.255;41.8781;-87.6298
63.44.185.0;63.44.185.255;41.8536;-87.6183
63.44.186.0;63.44.187.255;40.7128;-74.006
63.44.188.0;63.44.191.255;41.8536;-87.6183
63.44.192.0;63.44.192.255;40.7128;-74.006
63.44.193.0;63.44.194.255;41.8536;-87.6183
63.44.195.0;63.44.195.255;40.7128;-74.006
63.44.196.0;63.44.196.255;41.8536;-87.6183
63.44.197.0;63.44.197.255;42.9151;-73.8051
63.44.198.0;63.44.202.255;41.8536;-87.6183
63.44.203.0;63.44.203.255;40.7128;-74.006
63.44.204.0;63.44.205.255;41.8536;-87.6183
63.44.206.0;63.44.206.255;40.7128;-74.006
63.44.207.0;63.44.207.255;41.8781;-87.6298
63.44.208.0;63.44.208.255;40.7128;-74.006
63.44.209.0;63.44.210.255;41.8536;-87.6183
63.44.211.0;63.44.211.255;40.7128;-74.006
63.44.212.0;63.44.215.255;41.8536;-87.6183
63.44.216.0;63.44.216.255;40.7128;-74.006
63.44.217.0;63.44.220.255;41.8536;-87.6183
63.44.221.0;63.44.223.255;40.7128;-74.006
63.44.224.0;63.44.225.255;41.8536;-87.6183
63.44.226.0;63.44.226.255;40.7128;-74.006
63.44.227.0;63.44.229.255;41.8536;-87.6183
63.44.230.0;63.44.230.255;40.7128;-74.006
63.44.231.0;63.44.231.255;41.8781;-87.6298
63.44.232.0;63.44.232.255;41.8536;-87.6183
63.44.233.0;63.44.233.255;41.8781;-87.6298
63.44.234.0;63.44.234.255;41.8536;-87.6183
63.44.235.0;63.44.235.255;40.7128;-74.006
63.44.236.0;63.44.240.255;41.8536;-87.6183
63.44.241.0;63.44.241.255;40.7128;-74.006
63.44.242.0;63.44.242.255;41.8781;-87.6298
63.44.243.0;63.44.244.255;41.8536;-87.6183
63.44.245.0;63.44.245.255;41.8781;-87.6298
63.44.246.0;63.44.246.255;41.8536;-87.6183
63.44.247.0;63.44.247.255;40.7128;-74.006
63.44.248.0;63.44.248.255;39.0113;-77.4713
63.44.249.0;63.44.250.255;41.8536;-87.6183
63.44.251.0;63.44.251.255;40.7128;-74.006
63.44.252.0;63.44.255.255;41.8536;-87.6183
63.45.0.0;63.45.2.255;41.8781;-87.6298
63.45.3.0;63.45.4.255;40.7128;-74.006
63.45.5.0;63.45.6.255;41.8781;-87.6298
63.45.7.0;63.45.7.255;40.7128;-74.006
63.45.8.0;63.45.8.255;41.8781;-87.6298
63.45.9.0;63.45.9.255;39.0113;-77.4713
63.45.10.0;63.45.11.255;39.011;-77.4711
63.45.12.0;63.45.13.255;40.7128;-74.006
63.45.14.0;63.45.14.255;39.0113;-77.4713
63.45.15.0;63.45.15.255;41.8781;-87.6298
63.45.16.0;63.45.18.255;39.0113;-77.4713
63.45.19.0;63.45.22.255;40.7128;-74.006
63.45.23.0;63.45.23.255;39.011;-77.4711
63.45.24.0;63.45.24.255;41.8781;-87.6298
63.45.25.0;63.45.25.255;39.0113;-77.4713
63.45.26.0;63.45.26.255;40.7128;-74.006
63.45.27.0;63.45.27.255;39.011;-77.4711
63.45.28.0;63.45.30.255;40.7128;-74.006
63.45.31.0;63.45.31.255;41.8781;-87.6298
63.45.32.0;63.45.32.255;40.7128;-74.006
63.45.33.0;63.45.33.255;39.0113;-77.4713
63.45.34.0;63.45.34.255;40.7128;-74.006
63.45.35.0;63.45.35.255;39.0113;-77.4713
63.45.36.0;63.45.36.255;40.7128;-74.006
63.45.37.0;63.45.37.255;41.8781;-87.6298
63.45.38.0;63.45.40.255;39.0113;-77.4713
63.45.41.0;63.45.41.255;41.8781;-87.6298
63.45.42.0;63.45.42.255;40.7128;-74.006
63.45.43.0;63.45.43.255;41.8781;-87.6298
63.45.44.0;63.45.44.255;40.7128;-74.006
63.45.45.0;63.45.46.255;39.0113;-77.4713
63.45.47.0;63.45.48.255;40.7128;-74.006
63.45.49.0;63.45.49.255;41.8781;-87.6298
63.45.50.0;63.45.50.255;39.0113;-77.4713
63.45.51.0;63.45.51.255;41.8781;-87.6298
63.45.52.0;63.45.52.255;40.7128;-74.006
63.45.53.0;63.45.53.255;39.0113;-77.4713
63.45.54.0;63.45.54.255;41.8781;-87.6298
63.45.55.0;63.45.57.255;39.0113;-77.4713
63.45.58.0;63.45.58.255;40.7128;-74.006
63.45.59.0;63.45.60.255;39.0113;-77.4713
63.45.61.0;63.45.61.255;40.7128;-74.006
63.45.62.0;63.45.62.255;41.8781;-87.6298
63.45.63.0;63.45.63.255;39.0113;-77.4713
63.45.64.0;63.45.64.255;40.7128;-74.006
63.45.65.0;63.45.65.255;41.8781;-87.6298
63.45.66.0;63.45.68.255;40.7128;-74.006
63.45.69.0;63.45.71.255;41.8781;-87.6298
63.45.72.0;63.45.72.255;39.011;-77.4711
63.45.73.0;63.45.73.255;41.8781;-87.6298
63.45.74.0;63.45.74.255;39.0113;-77.4713
63.45.75.0;63.45.75.255;40.7128;-74.006
63.45.76.0;63.45.77.255;39.0113;-77.4713
63.45.78.0;63.45.79.255;40.7128;-74.006
63.45.80.0;63.45.81.255;39.0113;-77.4713
63.45.82.0;63.45.82.255;40.7128;-74.006
63.45.83.0;63.45.84.255;39.0113;-77.4713
63.45.85.0;63.45.85.255;40.7128;-74.006
63.45.86.0;63.45.86.255;41.8781;-87.6298
63.45.87.0;63.45.88.255;39.0113;-77.4713
63.45.89.0;63.45.89.255;40.7128;-74.006
63.45.90.0;63.45.90.255;41.8781;-87.6298
63.45.91.0;63.45.91.255;40.7128;-74.006
63.45.92.0;63.45.93.255;41.8781;-87.6298
63.45.94.0;63.45.94.255;40.7128;-74.006
63.45.95.0;63.45.97.255;39.0113;-77.4713
63.45.98.0;63.45.98.255;41.8781;-87.6298
63.45.99.0;63.45.100.255;40.7128;-74.006
63.45.101.0;63.45.101.255;41.8781;-87.6298
63.45.102.0;63.45.102.255;40.7128;-74.006
63.45.103.0;63.45.103.255;41.8781;-87.6298
63.45.104.0;63.45.107.255;39.0113;-77.4713
63.45.108.0;63.45.108.255;40.7128;-74.006
63.45.109.0;63.45.109.255;41.8781;-87.6298
63.45.110.0;63.45.110.255;40.7128;-74.006
63.45.111.0;63.45.111.255;39.0113;-77.4713
63.45.112.0;63.45.112.255;40.7128;-74.006
63.45.113.0;63.45.114.255;41.8781;-87.6298
63.45.115.0;63.45.116.255;39.0113;-77.4713
63.45.117.0;63.45.117.255;41.8781;-87.6298
63.45.118.0;63.45.118.255;40.7128;-74.006
63.45.119.0;63.45.120.255;39.0113;-77.4713
63.45.121.0;63.45.124.255;40.7128;-74.006
63.45.125.0;63.45.125.255;41.8781;-87.6298
63.45.126.0;63.45.126.255;40.9526;-83.3824
63.45.127.0;63.45.127.255;39.0113;-77.4713
63.45.128.0;63.45.130.255;40.7128;-74.006
63.45.131.0;63.45.131.255;41.8781;-87.6298
63.45.132.0;63.45.133.255;40.7128;-74.006
63.45.134.0;63.45.134.255;39.0113;-77.4713
63.45.135.0;63.45.135.255;41.8781;-87.6298
63.45.136.0;63.45.136.255;39.0113;-77.4713
63.45.137.0;63.45.138.255;40.7128;-74.006
63.45.139.0;63.45.141.255;39.0113;-77.4713
63.45.142.0;63.45.143.255;40.7128;-74.006
63.45.144.0;63.45.144.255;39.0113;-77.4713
63.45.145.0;63.45.146.255;40.7128;-74.006
63.45.147.0;63.45.147.255;39.0113;-77.4713
63.45.148.0;63.45.149.255;40.7128;-74.006
63.45.150.0;63.45.150.255;39.0113;-77.4713
63.45.151.0;63.45.152.255;40.7128;-74.006
63.45.153.0;63.45.153.255;39.0113;-77.4713
63.45.154.0;63.45.154.255;39.011;-77.4711
63.45.155.0;63.45.156.255;40.7128;-74.006
63.45.157.0;63.45.157.255;41.8781;-87.6298
63.45.158.0;63.45.158.255;39.0113;-77.4713
63.45.159.0;63.45.159.255;40.7128;-74.006
63.45.160.0;63.45.162.255;39.0113;-77.4713
63.45.163.0;63.45.163.255;41.8781;-87.6298
63.45.164.0;63.45.164.255;39.0113;-77.4713
63.45.165.0;63.45.165.255;41.8781;-87.6298
63.45.166.0;63.45.166.255;41.7345;-87.7314
63.45.167.0;63.45.170.255;40.7128;-74.006
63.45.171.0;63.45.173.255;41.8781;-87.6298
63.45.174.0;63.45.174.255;39.0113;-77.4713
63.45.175.0;63.45.175.255;39.011;-77.4711
63.45.176.0;63.45.179.255;41.8781;-87.6298
63.45.180.0;63.45.180.255;40.7128;-74.006
63.45.181.0;63.45.181.255;39.0113;-77.4713
63.45.182.0;63.45.182.255;40.7128;-74.006
63.45.183.0;63.45.183.255;39.0113;-77.4713
63.45.184.0;63.45.185.255;41.8781;-87.6298
63.45.186.0;63.45.188.255;39.0113;-77.4713
63.45.189.0;63.45.189.255;40.7128;-74.006
63.45.190.0;63.45.194.255;41.8781;-87.6298
63.45.195.0;63.45.195.255;40.7128;-74.006
63.45.196.0;63.45.197.255;39.0113;-77.4713
63.45.198.0;63.45.198.255;40.7128;-74.006
63.45.199.0;63.45.201.255;39.0113;-77.4713
63.45.202.0;63.45.203.255;40.7128;-74.006
63.45.204.0;63.45.204.255;39.0113;-77.4713
63.45.205.0;63.45.205.255;39.011;-77.4711
63.45.206.0;63.45.206.255;39.0113;-77.4713
63.45.207.0;63.45.208.255;40.7128;-74.006
63.45.209.0;63.45.209.255;39.0113;-77.4713
63.45.210.0;63.45.210.255;41.8781;-87.6298
63.45.211.0;63.45.218.255;40.7128;-74.006
63.45.219.0;63.45.219.255;41.8781;-87.6298
63.45.220.0;63.45.220.255;40.7128;-74.006
63.45.221.0;63.45.221.255;39.0113;-77.4713
63.45.222.0;63.45.222.255;40.7128;-74.006
63.45.223.0;63.45.223.255;41.8781;-87.6298
63.45.224.0;63.45.224.255;39.0113;-77.4713
63.45.225.0;63.45.226.255;41.8781;-87.6298
63.45.227.0;63.45.228.255;40.7128;-74.006
63.45.229.0;63.45.229.255;39.0113;-77.4713
63.45.230.0;63.45.231.255;41.8781;-87.6298
63.45.232.0;63.45.232.255;40.7128;-74.006
63.45.233.0;63.45.233.255;41.8781;-87.6298
63.45.234.0;63.45.234.255;40.7128;-74.006
63.45.235.0;63.45.235.255;39.0113;-77.4713
63.45.236.0;63.45.236.255;40.7128;-74.006
63.45.237.0;63.45.237.255;39.0113;-77.4713
63.45.238.0;63.45.238.255;41.8781;-87.6298
63.45.239.0;63.45.240.255;39.0113;-77.4713
63.45.241.0;63.45.241.255;40.7128;-74.006
63.45.242.0;63.45.243.255;39.0113;-77.4713
63.45.244.0;63.45.244.255;40.7128;-74.006
63.45.245.0;63.45.245.255;41.8781;-87.6298
63.45.246.0;63.45.247.255;39.0113;-77.4713
63.45.248.0;63.45.249.255;40.7128;-74.006
63.45.250.0;63.45.250.255;39.0113;-77.4713
63.45.251.0;63.45.251.255;41.8781;-87.6298
63.45.252.0;63.45.253.255;39.0113;-77.4713
63.45.254.0;63.45.254.255;40.7128;-74.006
63.45.255.0;63.45.255.255;41.8781;-87.6298
63.46.0.0;63.46.26.255;32.8371;-97.082
63.46.27.0;63.46.27.255;40.9026;-74.0618
63.46.28.0;63.46.39.255;32.8371;-97.082
63.46.40.0;63.46.41.255;39.0113;-77.4713
63.46.42.0;63.46.49.255;32.8371;-97.082
63.46.50.0;63.46.50.255;39.0113;-77.4713
63.46.51.0;63.46.51.255;32.8371;-97.082
63.46.52.0;63.46.52.255;39.0113;-77.4713
63.46.53.0;63.46.53.255;32.8371;-97.082
63.46.54.0;63.46.54.255;39.0113;-77.4713
63.46.55.0;63.46.57.255;32.8371;-97.082
63.46.58.0;63.46.58.255;39.0113;-77.4713
63.46.59.0;63.46.61.255;32.8371;-97.082
63.46.62.0;63.46.62.255;39.0113;-77.4713
63.46.63.0;63.46.79.255;32.8371;-97.082
63.46.80.0;63.46.80.255;39.0113;-77.4713
63.46.81.0;63.46.91.255;32.8371;-97.082
63.46.92.0;63.46.92.255;39.0113;-77.4713
63.46.93.0;63.46.119.255;32.8371;-97.082
63.46.120.0;63.46.120.255;39.0113;-77.4713
63.46.121.0;63.46.127.255;32.8371;-97.082
63.46.128.0;63.46.130.255;39.0113;-77.4713
63.46.131.0;63.46.131.255;40.7128;-74.006
63.46.132.0;63.46.132.255;46.2087;-119.12
63.46.133.0;63.46.133.255;39.0113;-77.4713
63.46.134.0;63.46.134.255;33.6131;-112.325
63.46.135.0;63.46.138.255;40.7128;-74.006
63.46.139.0;63.46.139.255;46.2087;-119.12
63.46.140.0;63.46.140.255;39.0113;-77.4713
63.46.141.0;63.46.141.255;40.7128;-74.006
63.46.142.0;63.46.142.255;46.2087;-119.12
63.46.143.0;63.46.144.255;40.7128;-74.006
63.46.145.0;63.46.145.255;39.011;-77.4711
63.46.146.0;63.46.147.255;46.2087;-119.12
63.46.148.0;63.46.148.255;39.0113;-77.4713
63.46.149.0;63.46.149.255;40.7128;-74.006
63.46.150.0;63.46.150.255;39.0113;-77.4713
63.46.151.0;63.46.151.255;40.7128;-74.006
63.46.152.0;63.46.155.255;46.2087;-119.12
63.46.156.0;63.46.156.255;40.7128;-74.006
63.46.157.0;63.46.159.255;39.0113;-77.4713
63.46.160.0;63.46.160.255;40.7128;-74.006
63.46.161.0;63.46.161.255;39.0113;-77.4713
63.46.162.0;63.46.163.255;40.7128;-74.006
63.46.164.0;63.46.164.255;39.0113;-77.4713
63.46.165.0;63.46.165.255;40.7128;-74.006
63.46.166.0;63.46.166.255;46.2087;-119.12
63.46.167.0;63.46.167.255;40.7128;-74.006
63.46.168.0;63.46.168.255;46.2087;-119.12
63.46.169.0;63.46.169.255;39.0113;-77.4713
63.46.170.0;63.46.171.255;40.7128;-74.006
63.46.172.0;63.46.173.255;46.2087;-119.12
63.46.174.0;63.46.175.255;40.7128;-74.006
63.46.176.0;63.46.177.255;46.2087;-119.12
63.46.178.0;63.46.178.255;40.7128;-74.006
63.46.179.0;63.46.180.255;39.0113;-77.4713
63.46.181.0;63.46.181.255;40.7128;-74.006
63.46.182.0;63.46.182.255;39.0113;-77.4713
63.46.183.0;63.46.184.255;40.7128;-74.006
63.46.185.0;63.46.185.255;39.0113;-77.4713
63.46.186.0;63.46.186.255;40.7128;-74.006
63.46.187.0;63.46.187.255;39.0113;-77.4713
63.46.188.0;63.46.188.255;40.7128;-74.006
63.46.189.0;63.46.189.255;39.0113;-77.4713
63.46.190.0;63.46.191.255;40.7128;-74.006
63.46.192.0;63.46.194.255;39.0113;-77.4713
63.46.195.0;63.46.196.255;46.2087;-119.12
63.46.197.0;63.46.197.255;40.7128;-74.006
63.46.198.0;63.46.200.255;39.0113;-77.4713
63.46.201.0;63.46.201.255;46.2087;-119.12
63.46.202.0;63.46.204.255;40.7128;-74.006
63.46.205.0;63.46.205.255;39.0113;-77.4713
63.46.206.0;63.46.206.255;39.011;-77.4711
63.46.207.0;63.46.207.255;39.0113;-77.4713
63.46.208.0;63.46.209.255;40.7128;-74.006
63.46.210.0;63.46.212.255;39.0113;-77.4713
63.46.213.0;63.46.213.255;40.7128;-74.006
63.46.214.0;63.46.214.255;39.0113;-77.4713
63.46.215.0;63.46.215.255;46.2087;-119.12
63.46.216.0;63.46.216.255;40.7128;-74.006
63.46.217.0;63.46.217.255;39.0113;-77.4713
63.46.218.0;63.46.219.255;46.2087;-119.12
63.46.220.0;63.46.224.255;40.7128;-74.006
63.46.225.0;63.46.225.255;39.0113;-77.4713
63.46.226.0;63.46.226.255;46.2087;-119.12
63.46.227.0;63.46.227.255;40.7128;-74.006
63.46.228.0;63.46.229.255;46.2087;-119.12
63.46.230.0;63.46.230.255;40.7128;-74.006
63.46.231.0;63.46.231.255;39.0113;-77.4713
63.46.232.0;63.46.233.255;40.7128;-74.006
63.46.234.0;63.46.234.255;46.2087;-119.12
63.46.235.0;63.46.235.255;39.0113;-77.4713
63.46.236.0;63.46.236.255;40.7128;-74.006
63.46.237.0;63.46.237.255;39.0113;-77.4713
63.46.238.0;63.46.238.255;40.7128;-74.006
63.46.239.0;63.46.239.255;39.0113;-77.4713
63.46.240.0;63.46.240.255;46.2087;-119.12
63.46.241.0;63.46.242.255;39.0113;-77.4713
63.46.243.0;63.46.243.255;40.7128;-74.006
63.46.244.0;63.46.245.255;39.0113;-77.4713
63.46.246.0;63.46.248.255;40.7128;-74.006
63.46.249.0;63.46.249.255;46.2087;-119.12
63.46.250.0;63.46.250.255;39.0113;-77.4713
63.46.251.0;63.46.252.255;40.7128;-74.006
63.46.253.0;63.46.253.255;39.0113;-77.4713
63.46.254.0;63.46.254.255;46.2087;-119.12
63.46.255.0;63.46.255.255;40.7128;-74.006
63.47.0.0;63.47.14.255;32.8371;-97.082
63.47.15.0;63.47.15.255;39.0113;-77.4713
63.47.16.0;63.47.28.255;32.8371;-97.082
63.47.29.0;63.47.29.255;39.0113;-77.4713
63.47.30.0;63.47.32.255;32.8371;-97.082
63.47.33.0;63.47.33.255;39.0113;-77.4713
63.47.34.0;63.47.54.255;32.8371;-97.082
63.47.55.0;63.47.55.255;39.0113;-77.4713
63.47.56.0;63.47.56.255;32.8371;-97.082
63.47.57.0;63.47.57.255;40.7128;-74.006
63.47.58.0;63.47.60.255;32.8371;-97.082
63.47.61.0;63.47.61.255;39.0113;-77.4713
63.47.62.0;63.47.63.255;32.8371;-97.082
63.47.64.0;63.47.64.255;39.0113;-77.4713
63.47.65.0;63.47.96.255;32.8371;-97.082
63.47.97.0;63.47.97.255;39.0113;-77.4713
63.47.98.0;63.47.98.255;32.8371;-97.082
63.47.99.0;63.47.99.255;40.7128;-74.006
63.47.100.0;63.47.127.255;32.8371;-97.082
63.47.128.0;63.47.129.255;41.8536;-87.6183
63.47.130.0;63.47.130.255;40.7128;-74.006
63.47.131.0;63.47.131.255;41.8781;-87.6298
63.47.132.0;63.47.133.255;41.8536;-87.6183
63.47.134.0;63.47.134.255;40.7128;-74.006
63.47.135.0;63.47.135.255;32.8049;-97.445
63.47.136.0;63.47.136.255;41.8536;-87.6183
63.47.137.0;63.47.138.255;40.7128;-74.006
63.47.139.0;63.47.139.255;41.8781;-87.6298
63.47.140.0;63.47.141.255;41.8536;-87.6183
63.47.142.0;63.47.142.255;41.8781;-87.6298
63.47.143.0;63.47.143.255;40.7128;-74.006
63.47.144.0;63.47.146.255;41.8536;-87.6183
63.47.147.0;63.47.147.255;41.8781;-87.6298
63.47.148.0;63.47.148.255;41.8536;-87.6183
63.47.149.0;63.47.149.255;40.7128;-74.006
63.47.150.0;63.47.150.255;41.8536;-87.6183
63.47.151.0;63.47.151.255;41.8781;-87.6298
63.47.152.0;63.47.155.255;41.8536;-87.6183
63.47.156.0;63.47.156.255;40.7128;-74.006
63.47.157.0;63.47.157.255;41.8781;-87.6298
63.47.158.0;63.47.159.255;41.8536;-87.6183
63.47.160.0;63.47.160.255;40.7128;-74.006
63.47.161.0;63.47.162.255;41.8781;-87.6298
63.47.163.0;63.47.163.255;41.8536;-87.6183
63.47.164.0;63.47.164.255;41.8781;-87.6298
63.47.165.0;63.47.168.255;41.8536;-87.6183
63.47.169.0;63.47.171.255;41.8781;-87.6298
63.47.172.0;63.47.175.255;41.8536;-87.6183
63.47.176.0;63.47.177.255;41.8781;-87.6298
63.47.178.0;63.47.178.255;41.8536;-87.6183
63.47.179.0;63.47.180.255;41.8781;-87.6298
63.47.181.0;63.47.182.255;41.8536;-87.6183
63.47.183.0;63.47.184.255;41.8781;-87.6298
63.47.185.0;63.47.187.255;41.8536;-87.6183
63.47.188.0;63.47.188.255;41.8781;-87.6298
63.47.189.0;63.47.190.255;41.8536;-87.6183
63.47.191.0;63.47.191.255;40.7128;-74.006
63.47.192.0;63.47.193.255;41.8781;-87.6298
63.47.194.0;63.47.198.255;41.8536;-87.6183
63.47.199.0;63.47.199.255;41.8781;-87.6298
63.47.200.0;63.47.200.255;41.8536;-87.6183
63.47.201.0;63.47.201.255;40.7557;-73.8854
63.47.202.0;63.47.202.255;41.8781;-87.6298
63.47.203.0;63.47.203.255;40.7128;-74.006
63.47.204.0;63.47.204.255;41.8781;-87.6298
63.47.205.0;63.47.206.255;41.8536;-87.6183
63.47.207.0;63.47.207.255;41.8781;-87.6298
63.47.208.0;63.47.208.255;40.7128;-74.006
63.47.209.0;63.47.209.255;41.8781;-87.6298
63.47.210.0;63.47.210.255;41.8536;-87.6183
63.47.211.0;63.47.211.255;41.8781;-87.6298
63.47.212.0;63.47.214.255;41.8536;-87.6183
63.47.215.0;63.47.215.255;41.8781;-87.6298
63.47.216.0;63.47.216.255;41.8536;-87.6183
63.47.217.0;63.47.217.255;41.8781;-87.6298
63.47.218.0;63.47.223.255;41.8536;-87.6183
63.47.224.0;63.47.224.255;41.8781;-87.6298
63.47.225.0;63.47.226.255;41.8536;-87.6183
63.47.227.0;63.47.227.255;40.7128;-74.006
63.47.228.0;63.47.228.255;41.8536;-87.6183
63.47.229.0;63.47.229.255;40.7128;-74.006
63.47.230.0;63.47.232.255;41.8536;-87.6183
63.47.233.0;63.47.233.255;40.7128;-74.006
63.47.234.0;63.47.234.255;41.8536;-87.6183
63.47.235.0;63.47.235.255;40.7128;-74.006
63.47.236.0;63.47.240.255;41.8536;-87.6183
63.47.241.0;63.47.241.255;40.7128;-74.006
63.47.242.0;63.47.242.255;41.8536;-87.6183
63.47.243.0;63.47.243.255;40.7128;-74.006
63.47.244.0;63.47.248.255;41.8536;-87.6183
63.47.249.0;63.47.249.255;41.8781;-87.6298
63.47.250.0;63.47.250.255;41.8536;-87.6183
63.47.251.0;63.47.251.255;41.8781;-87.6298
63.47.252.0;63.47.252.255;40.7128;-74.006
63.47.253.0;63.47.255.255;41.8536;-87.6183
63.48.0.0;63.48.42.255;39.011;-77.4711
63.48.43.0;63.48.43.255;39.0438;-77.4874
63.48.44.0;63.48.157.255;39.011;-77.4711
63.48.158.0;63.48.159.255;42.3601;-71.0589
63.48.160.0;63.48.160.255;39.011;-77.4711
63.48.161.0;63.48.163.255;42.3601;-71.0589
63.48.164.0;63.48.199.255;39.011;-77.4711
63.48.200.0;63.48.202.255;39.0113;-77.4713
63.48.203.0;63.48.203.255;42.3601;-71.0589
63.48.204.0;63.48.204.255;39.0438;-77.4874
63.48.205.0;63.48.205.255;39.011;-77.4711
63.48.206.0;63.48.206.255;42.3601;-71.0589
63.48.207.0;63.48.210.255;39.011;-77.4711
63.48.211.0;63.48.211.255;39.0113;-77.4713
63.48.212.0;63.48.213.255;42.3601;-71.0589
63.48.214.0;63.48.214.255;39.011;-77.4711
63.48.215.0;63.48.215.255;42.3601;-71.0589
63.48.216.0;63.48.216.255;39.011;-77.4711
63.48.217.0;63.48.218.255;42.3601;-71.0589
63.48.219.0;63.49.3.255;39.011;-77.4711
63.49.4.0;63.49.4.255;42.3601;-71.0589
63.49.5.0;63.49.20.255;39.011;-77.4711
63.49.21.0;63.49.21.255;42.3601;-71.0589
63.49.22.0;63.49.22.255;39.0113;-77.4713
63.49.23.0;63.49.30.255;39.011;-77.4711
63.49.31.0;63.49.31.255;39.0438;-77.4874
63.49.32.0;63.49.33.255;39.011;-77.4711
63.49.34.0;63.49.34.255;39.0438;-77.4874
63.49.35.0;63.49.35.255;39.011;-77.4711
63.49.36.0;63.49.36.255;39.0438;-77.4874
63.49.37.0;63.49.38.255;39.011;-77.4711
63.49.39.0;63.49.39.255;39.0113;-77.4713
63.49.40.0;63.49.40.255;42.3601;-71.0589
63.49.41.0;63.49.41.255;39.0438;-77.4874
63.49.42.0;63.49.42.255;42.3601;-71.0589
63.49.43.0;63.49.44.255;39.0438;-77.4874
63.49.45.0;63.49.122.255;39.011;-77.4711
63.49.123.0;63.49.123.255;39.0438;-77.4874
63.49.124.0;63.49.124.255;39.011;-77.4711
63.49.125.0;63.49.127.255;42.3601;-71.0589
63.49.128.0;63.49.128.255;39.011;-77.4711
63.49.129.0;63.49.129.255;42.3601;-71.0589
63.49.130.0;63.49.203.255;39.011;-77.4711
63.49.204.0;63.49.205.255;42.3601;-71.0589
63.49.206.0;63.49.207.255;39.011;-77.4711
63.49.208.0;63.49.208.255;39.0113;-77.4713
63.49.209.0;63.49.209.255;42.3601;-71.0589
63.49.210.0;63.49.210.255;39.0438;-77.4874
63.49.211.0;63.49.213.255;42.3601;-71.0589
63.49.214.0;63.49.214.255;39.0438;-77.4874
63.49.215.0;63.49.215.255;39.011;-77.4711
63.49.216.0;63.49.217.255;39.0438;-77.4874
63.49.218.0;63.49.218.255;39.0113;-77.4713
63.49.219.0;63.49.219.255;39.0438;-77.4874
63.49.220.0;63.49.222.255;39.011;-77.4711
63.49.223.0;63.49.223.255;39.0113;-77.4713
63.49.224.0;63.49.225.255;39.011;-77.4711
63.49.226.0;63.49.226.255;39.0113;-77.4713
63.49.227.0;63.50.6.255;39.011;-77.4711
63.50.7.0;63.50.7.255;39.0113;-77.4713
63.50.8.0;63.50.61.255;39.011;-77.4711
63.50.62.0;63.50.62.255;39.0438;-77.4874
63.50.63.0;63.50.65.255;39.0113;-77.4713
63.50.66.0;63.50.66.255;39.011;-77.4711
63.50.67.0;63.50.70.255;39.0438;-77.4874
63.50.71.0;63.50.71.255;39.0113;-77.4713
63.50.72.0;63.50.207.255;39.011;-77.4711
63.50.208.0;63.50.208.255;39.0438;-77.4874
63.50.209.0;63.51.2.255;39.011;-77.4711
63.51.3.0;63.51.3.255;39.0438;-77.4874
63.51.4.0;63.51.4.255;39.011;-77.4711
63.51.5.0;63.51.5.255;39.0438;-77.4874
63.51.6.0;63.51.28.255;39.011;-77.4711
63.51.29.0;63.51.30.255;39.0438;-77.4874
63.51.31.0;63.51.41.255;39.011;-77.4711
63.51.42.0;63.51.43.255;39.0438;-77.4874
63.51.44.0;63.51.44.255;39.011;-77.4711
63.51.45.0;63.51.45.255;39.0438;-77.4874
63.51.46.0;63.51.46.255;39.011;-77.4711
63.51.47.0;63.51.49.255;39.0438;-77.4874
63.51.50.0;63.51.175.255;39.011;-77.4711
63.51.176.0;63.51.176.255;39.0438;-77.4874
63.51.177.0;63.51.177.255;39.0113;-77.4713
63.51.178.0;63.52.27.255;39.011;-77.4711
63.52.28.0;63.52.28.255;42.3601;-71.0589
63.52.29.0;63.52.70.255;39.011;-77.4711
63.52.71.0;63.52.72.255;42.3601;-71.0589
63.52.73.0;63.52.73.255;39.0438;-77.4874
63.52.74.0;63.52.75.255;39.0113;-77.4713
63.52.76.0;63.52.76.255;39.0438;-77.4874
63.52.77.0;63.52.89.255;39.011;-77.4711
63.52.90.0;63.52.90.255;42.3601;-71.0589
63.52.91.0;63.52.101.255;39.011;-77.4711
63.52.102.0;63.52.106.255;39.0438;-77.4874
63.52.107.0;63.52.107.255;42.3601;-71.0589
63.52.108.0;63.52.228.255;39.011;-77.4711
63.52.229.0;63.52.229.255;39.0438;-77.4874
63.52.230.0;63.52.230.255;42.3601;-71.0589
63.52.231.0;63.52.231.255;39.0113;-77.4713
63.52.232.0;63.53.23.255;39.011;-77.4711
63.53.24.0;63.53.24.255;42.3601;-71.0589
63.53.25.0;63.53.25.255;39.0113;-77.4713
63.53.26.0;63.53.95.255;39.011;-77.4711
63.53.96.0;63.53.97.255;39.0113;-77.4713
63.53.98.0;63.53.98.255;42.3601;-71.0589
63.53.99.0;63.53.99.255;39.0113;-77.4713
63.53.100.0;63.53.161.255;39.011;-77.4711
63.53.162.0;63.53.162.255;39.0438;-77.4874
63.53.163.0;63.53.163.255;39.011;-77.4711
63.53.164.0;63.53.164.255;42.3601;-71.0589
63.53.165.0;63.53.237.255;39.011;-77.4711
63.53.238.0;63.53.238.255;39.0438;-77.4874
63.53.239.0;63.53.239.255;42.3601;-71.0589
63.53.240.0;63.53.240.255;39.0438;-77.4874
63.53.241.0;63.53.241.255;39.0113;-77.4713
63.53.242.0;63.53.242.255;39.0438;-77.4874
63.53.243.0;63.53.244.255;39.011;-77.4711
63.53.245.0;63.53.245.255;42.3601;-71.0589
63.53.246.0;63.53.246.255;38.9586;-77.357
63.53.247.0;63.53.247.255;42.3601;-71.0589
63.53.248.0;63.53.248.255;39.0113;-77.4713
63.53.249.0;63.53.255.255;39.011;-77.4711
63.54.0.0;63.54.1.255;42.3601;-71.0589
63.54.2.0;63.54.2.255;39.0113;-77.4713
63.54.3.0;63.54.5.255;39.011;-77.4711
63.54.6.0;63.54.7.255;39.0113;-77.4713
63.54.8.0;63.54.16.255;39.011;-77.4711
63.54.17.0;63.54.17.255;39.0113;-77.4713
63.54.18.0;63.54.19.255;39.011;-77.4711
63.54.20.0;63.54.22.255;39.0113;-77.4713
63.54.23.0;63.54.25.255;39.011;-77.4711
63.54.26.0;63.54.27.255;39.0113;-77.4713
63.54.28.0;63.54.28.255;40.7357;-74.1724
63.54.29.0;63.54.29.255;39.0113;-77.4713
63.54.30.0;63.54.39.255;39.011;-77.4711
63.54.40.0;63.54.42.255;39.0113;-77.4713
63.54.43.0;63.54.44.255;39.011;-77.4711
63.54.45.0;63.54.52.255;39.0113;-77.4713
63.54.53.0;63.54.53.255;39.011;-77.4711
63.54.54.0;63.54.54.255;39.0113;-77.4713
63.54.55.0;63.54.55.255;38.9586;-77.357
63.54.56.0;63.54.57.255;39.0113;-77.4713
63.54.58.0;63.54.99.255;39.011;-77.4711
63.54.100.0;63.54.100.255;40.7357;-74.1724
63.54.101.0;63.54.101.255;39.011;-77.4711
63.54.102.0;63.54.102.255;40.7357;-74.1724
63.54.103.0;63.54.146.255;39.011;-77.4711
63.54.147.0;63.54.147.255;40.7357;-74.1724
63.54.148.0;63.54.154.255;39.011;-77.4711
63.54.155.0;63.54.155.255;39.0113;-77.4713
63.54.156.0;63.54.156.255;40.7357;-74.1724
63.54.157.0;63.54.157.255;39.0113;-77.4713
63.54.158.0;63.54.158.255;40.7357;-74.1724
63.54.159.0;63.54.161.255;39.011;-77.4711
63.54.162.0;63.54.164.255;39.0113;-77.4713
63.54.165.0;63.54.165.255;39.011;-77.4711
63.54.166.0;63.54.167.255;39.0113;-77.4713
63.54.168.0;63.54.169.255;39.011;-77.4711
63.54.170.0;63.54.170.255;42.3601;-71.0589
63.54.171.0;63.54.171.255;39.0438;-77.4874
63.54.172.0;63.54.172.255;39.0113;-77.4713
63.54.173.0;63.54.173.255;42.3601;-71.0589
63.54.174.0;63.54.174.255;40.7357;-74.1724
63.54.175.0;63.54.175.255;39.0113;-77.4713
63.54.176.0;63.54.191.255;39.011;-77.4711
63.54.192.0;63.54.193.255;39.0113;-77.4713
63.54.194.0;63.54.195.255;40.7357;-74.1724
63.54.196.0;63.54.196.255;39.011;-77.4711
63.54.197.0;63.54.197.255;42.3601;-71.0589
63.54.198.0;63.54.198.255;39.011;-77.4711
63.54.199.0;63.54.199.255;40.7357;-74.1724
63.54.200.0;63.54.206.255;39.0113;-77.4713
63.54.207.0;63.54.207.255;40.7357;-74.1724
63.54.208.0;63.54.208.255;39.0113;-77.4713
63.54.209.0;63.54.210.255;40.7357;-74.1724
63.54.211.0;63.54.211.255;39.0113;-77.4713
63.54.212.0;63.54.213.255;39.011;-77.4711
63.54.214.0;63.54.214.255;39.0438;-77.4874
63.54.215.0;63.54.216.255;39.011;-77.4711
63.54.217.0;63.54.217.255;40.7357;-74.1724
63.54.218.0;63.54.218.255;39.0438;-77.4874
63.54.219.0;63.54.219.255;39.0113;-77.4713
63.54.220.0;63.54.220.255;40.7357;-74.1724
63.54.221.0;63.54.222.255;39.0113;-77.4713
63.54.223.0;63.54.223.255;39.011;-77.4711
63.54.224.0;63.54.224.255;39.0113;-77.4713
63.54.225.0;63.54.252.255;39.011;-77.4711
63.54.253.0;63.54.255.255;39.0113;-77.4713
63.55.0.0;63.55.0.255;39.011;-77.4711
63.55.1.0;63.55.1.255;39.0438;-77.4874
63.55.2.0;63.55.2.255;39.011;-77.4711
63.55.3.0;63.55.3.255;39.0113;-77.4713
63.55.4.0;63.55.4.255;39.011;-77.4711
63.55.5.0;63.55.8.255;39.0113;-77.4713
63.55.9.0;63.55.9.255;39.011;-77.4711
63.55.10.0;63.55.11.255;39.0113;-77.4713
63.55.12.0;63.55.13.255;40.7357;-74.1724
63.55.14.0;63.55.15.255;39.011;-77.4711
63.55.16.0;63.55.16.255;40.7357;-74.1724
63.55.17.0;63.55.17.255;39.011;-77.4711
63.55.18.0;63.55.18.255;39.0113;-77.4713
63.55.19.0;63.55.19.255;39.011;-77.4711
63.55.20.0;63.55.20.255;39.0113;-77.4713
63.55.21.0;63.55.22.255;39.011;-77.4711
63.55.23.0;63.55.23.255;39.0113;-77.4713
63.55.24.0;63.55.24.255;39.011;-77.4711
63.55.25.0;63.55.25.255;39.0113;-77.4713
63.55.26.0;63.55.26.255;40.7357;-74.1724
63.55.27.0;63.55.31.255;39.0113;-77.4713
63.55.32.0;63.55.34.255;39.011;-77.4711
63.55.35.0;63.55.35.255;39.0113;-77.4713
63.55.36.0;63.55.36.255;40.7357;-74.1724
63.55.37.0;63.55.40.255;39.0113;-77.4713
63.55.41.0;63.55.41.255;40.7357;-74.1724
63.55.42.0;63.55.43.255;39.011;-77.4711
63.55.44.0;63.55.44.255;40.7357;-74.1724
63.55.45.0;63.55.47.255;39.0113;-77.4713
63.55.48.0;63.55.48.255;39.011;-77.4711
63.55.49.0;63.55.50.255;39.0113;-77.4713
63.55.51.0;63.55.51.255;39.011;-77.4711
63.55.52.0;63.55.53.255;39.0113;-77.4713
63.55.54.0;63.55.54.255;39.011;-77.4711
63.55.55.0;63.55.55.255;42.3601;-71.0589
63.55.56.0;63.55.56.255;39.0113;-77.4713
63.55.57.0;63.55.57.255;42.3601;-71.0589
63.55.58.0;63.55.58.255;39.0113;-77.4713
63.55.59.0;63.55.59.255;39.011;-77.4711
63.55.60.0;63.55.61.255;39.0113;-77.4713
63.55.62.0;63.55.62.255;42.3601;-71.0589
63.55.63.0;63.55.65.255;39.011;-77.4711
63.55.66.0;63.55.66.255;39.0113;-77.4713
63.55.67.0;63.55.67.255;39.011;-77.4711
63.55.68.0;63.55.68.255;40.7357;-74.1724
63.55.69.0;63.55.69.255;39.011;-77.4711
63.55.70.0;63.55.71.255;39.0113;-77.4713
63.55.72.0;63.55.72.255;39.0438;-77.4874
63.55.73.0;63.55.73.255;39.011;-77.4711
63.55.74.0;63.55.74.255;42.3601;-71.0589
63.55.75.0;63.55.75.255;40.7357;-74.1724
63.55.76.0;63.55.76.255;39.011;-77.4711
63.55.77.0;63.55.77.255;40.7357;-74.1724
63.55.78.0;63.55.79.255;39.0113;-77.4713
63.55.80.0;63.55.81.255;40.7357;-74.1724
63.55.82.0;63.55.82.255;39.0113;-77.4713
63.55.83.0;63.55.83.255;39.011;-77.4711
63.55.84.0;63.55.85.255;39.0113;-77.4713
63.55.86.0;63.55.86.255;42.3601;-71.0589
63.55.87.0;63.55.87.255;39.011;-77.4711
63.55.88.0;63.55.88.255;40.7357;-74.1724
63.55.89.0;63.55.89.255;39.0438;-77.4874
63.55.90.0;63.55.90.255;39.0113;-77.4713
63.55.91.0;63.55.92.255;39.011;-77.4711
63.55.93.0;63.55.93.255;39.0113;-77.4713
63.55.94.0;63.55.94.255;39.0438;-77.4874
63.55.95.0;63.55.95.255;40.7357;-74.1724
63.55.96.0;63.55.96.255;39.011;-77.4711
63.55.97.0;63.55.98.255;40.7357;-74.1724
63.55.99.0;63.55.100.255;39.011;-77.4711
63.55.101.0;63.55.101.255;39.0113;-77.4713
63.55.102.0;63.55.102.255;39.011;-77.4711
63.55.103.0;63.55.103.255;39.0113;-77.4713
63.55.104.0;63.55.104.255;39.011;-77.4711
63.55.105.0;63.55.107.255;39.0113;-77.4713
63.55.108.0;63.55.108.255;40.7357;-74.1724
63.55.109.0;63.55.111.255;39.0113;-77.4713
63.55.112.0;63.55.112.255;39.011;-77.4711
63.55.113.0;63.55.114.255;39.0113;-77.4713
63.55.115.0;63.55.115.255;39.011;-77.4711
63.55.116.0;63.55.118.255;39.0113;-77.4713
63.55.119.0;63.55.119.255;39.0438;-77.4874
63.55.120.0;63.55.125.255;39.0113;-77.4713
63.55.126.0;63.55.126.255;40.7357;-74.1724
63.55.127.0;63.55.128.255;39.0113;-77.4713
63.55.129.0;63.55.129.255;40.7357;-74.1724
63.55.130.0;63.55.132.255;39.0113;-77.4713
63.55.133.0;63.55.133.255;40.7357;-74.1724
63.55.134.0;63.55.140.255;39.0113;-77.4713
63.55.141.0;63.55.142.255;39.011;-77.4711
63.55.143.0;63.55.143.255;42.3601;-71.0589
63.55.144.0;63.55.147.255;39.0113;-77.4713
63.55.148.0;63.55.148.255;40.7357;-74.1724
63.55.149.0;63.55.149.255;39.0113;-77.4713
63.55.150.0;63.55.150.255;40.7357;-74.1724
63.55.151.0;63.55.151.255;39.011;-77.4711
63.55.152.0;63.55.154.255;42.3601;-71.0589
63.55.155.0;63.55.155.255;39.011;-77.4711
63.55.156.0;63.55.156.255;39.0113;-77.4713
63.55.157.0;63.55.157.255;39.011;-77.4711
63.55.158.0;63.55.159.255;39.0113;-77.4713
63.55.160.0;63.55.160.255;40.7357;-74.1724
63.55.161.0;63.55.162.255;39.011;-77.4711
63.55.163.0;63.55.163.255;39.0438;-77.4874
63.55.164.0;63.55.164.255;39.0113;-77.4713
63.55.165.0;63.55.165.255;40.7357;-74.1724
63.55.166.0;63.55.169.255;39.011;-77.4711
63.55.170.0;63.55.170.255;40.7357;-74.1724
63.55.171.0;63.55.173.255;39.011;-77.4711
63.55.174.0;63.55.174.255;39.0438;-77.4874
63.55.175.0;63.55.175.255;39.011;-77.4711
63.55.176.0;63.55.177.255;39.0113;-77.4713
63.55.178.0;63.55.178.255;40.7357;-74.1724
63.55.179.0;63.55.184.255;39.011;-77.4711
63.55.185.0;63.55.190.255;39.0113;-77.4713
63.55.191.0;63.55.195.255;39.011;-77.4711
63.55.196.0;63.55.196.255;39.0438;-77.4874
63.55.197.0;63.55.199.255;39.011;-77.4711
63.55.200.0;63.55.200.255;39.0113;-77.4713
63.55.201.0;63.55.203.255;39.011;-77.4711
63.55.204.0;63.55.204.255;39.0438;-77.4874
63.55.205.0;63.55.206.255;39.0113;-77.4713
63.55.207.0;63.55.207.255;39.011;-77.4711
63.55.208.0;63.55.208.255;39.0113;-77.4713
63.55.209.0;63.55.210.255;39.011;-77.4711
63.55.211.0;63.55.211.255;39.0113;-77.4713
63.55.212.0;63.55.212.255;39.011;-77.4711
63.55.213.0;63.55.213.255;39.0113;-77.4713
63.55.214.0;63.55.214.255;42.3601;-71.0589
63.55.215.0;63.55.216.255;39.0113;-77.4713
63.55.217.0;63.55.218.255;39.011;-77.4711
63.55.219.0;63.55.221.255;39.0113;-77.4713
63.55.222.0;63.55.222.255;42.3601;-71.0589
63.55.223.0;63.55.224.255;39.0113;-77.4713
63.55.225.0;63.55.225.255;40.7357;-74.1724
63.55.226.0;63.55.226.255;39.0438;-77.4874
63.55.227.0;63.55.227.255;39.011;-77.4711
63.55.228.0;63.55.228.255;39.0113;-77.4713
63.55.229.0;63.55.230.255;39.011;-77.4711
63.55.231.0;63.55.231.255;39.0113;-77.4713
63.55.232.0;63.55.232.255;40.7357;-74.1724
63.55.233.0;63.55.233.255;39.011;-77.4711
63.55.234.0;63.55.234.255;39.0113;-77.4713
63.55.235.0;63.55.238.255;39.011;-77.4711
63.55.239.0;63.55.240.255;39.0113;-77.4713
63.55.241.0;63.55.241.255;40.7357;-74.1724
63.55.242.0;63.55.244.255;39.0113;-77.4713
63.55.245.0;63.55.245.255;40.7357;-74.1724
63.55.246.0;63.55.247.255;39.0113;-77.4713
63.55.248.0;63.55.248.255;39.011;-77.4711
63.55.249.0;63.55.251.255;39.0113;-77.4713
63.55.252.0;63.55.252.255;40.7357;-74.1724
63.55.253.0;63.55.253.255;39.011;-77.4711
63.55.254.0;63.55.255.255;39.0113;-77.4713
63.56.0.0;63.56.6.255;39.011;-77.4711
63.56.7.0;63.56.8.255;39.0113;-77.4713
63.56.9.0;63.56.63.255;39.011;-77.4711
63.56.64.0;63.56.64.255;42.3601;-71.0589
63.56.65.0;63.56.65.255;39.0113;-77.4713
63.56.66.0;63.56.69.255;39.011;-77.4711
63.56.70.0;63.56.72.255;39.0438;-77.4874
63.56.73.0;63.56.73.255;39.011;-77.4711
63.56.74.0;63.56.76.255;39.0113;-77.4713
63.56.77.0;63.56.77.255;39.011;-77.4711
63.56.78.0;63.56.79.255;39.0113;-77.4713
63.56.80.0;63.56.91.255;39.011;-77.4711
63.56.92.0;63.56.93.255;39.0113;-77.4713
63.56.94.0;63.56.107.255;39.011;-77.4711
63.56.108.0;63.56.108.255;39.0113;-77.4713
63.56.109.0;63.56.109.255;42.3601;-71.0589
63.56.110.0;63.56.116.255;39.011;-77.4711
63.56.117.0;63.56.118.255;39.0113;-77.4713
63.56.119.0;63.56.127.255;39.011;-77.4711
63.56.128.0;63.56.128.255;42.3601;-71.0589
63.56.129.0;63.56.129.255;39.0113;-77.4713
63.56.130.0;63.56.137.255;39.011;-77.4711
63.56.138.0;63.56.138.255;39.0113;-77.4713
63.56.139.0;63.56.139.255;42.3601;-71.0589
63.56.140.0;63.56.213.255;39.011;-77.4711
63.56.214.0;63.56.214.255;39.0113;-77.4713
63.56.215.0;63.56.215.255;39.0438;-77.4874
63.56.216.0;63.56.216.255;39.0113;-77.4713
63.56.217.0;63.56.217.255;39.0438;-77.4874
63.56.218.0;63.56.235.255;39.011;-77.4711
63.56.236.0;63.56.237.255;39.0438;-77.4874
63.56.238.0;63.57.78.255;39.011;-77.4711
63.57.79.0;63.57.79.255;39.0113;-77.4713
63.57.80.0;63.57.135.255;39.011;-77.4711
63.57.136.0;63.57.136.255;39.0113;-77.4713
63.57.137.0;63.57.137.255;39.0438;-77.4874
63.57.138.0;63.57.164.255;39.011;-77.4711
63.57.165.0;63.57.165.255;42.3601;-71.0589
63.57.166.0;63.57.219.255;39.011;-77.4711
63.57.220.0;63.57.222.255;39.0113;-77.4713
63.57.223.0;63.57.223.255;39.011;-77.4711
63.57.224.0;63.57.225.255;39.0113;-77.4713
63.57.226.0;63.57.226.255;42.3601;-71.0589
63.57.227.0;63.57.232.255;39.011;-77.4711
63.57.233.0;63.57.234.255;39.0113;-77.4713
63.57.235.0;63.58.1.255;39.011;-77.4711
63.58.2.0;63.58.2.255;42.3601;-71.0589
63.58.3.0;63.58.5.255;40.7357;-74.1724
63.58.6.0;63.58.6.255;39.0438;-77.4874
63.58.7.0;63.58.11.255;40.7357;-74.1724
63.58.12.0;63.58.12.255;39.0113;-77.4713
63.58.13.0;63.58.13.255;40.7357;-74.1724
63.58.14.0;63.58.14.255;39.011;-77.4711
63.58.15.0;63.58.15.255;39.0113;-77.4713
63.58.16.0;63.58.16.255;39.011;-77.4711
63.58.17.0;63.58.18.255;39.0113;-77.4713
63.58.19.0;63.58.19.255;39.011;-77.4711
63.58.20.0;63.58.20.255;39.0113;-77.4713
63.58.21.0;63.58.21.255;39.011;-77.4711
63.58.22.0;63.58.22.255;39.0438;-77.4874
63.58.23.0;63.58.24.255;39.011;-77.4711
63.58.25.0;63.58.25.255;39.0438;-77.4874
63.58.26.0;63.58.26.255;39.011;-77.4711
63.58.27.0;63.58.27.255;42.3601;-71.0589
63.58.28.0;63.58.28.255;39.0438;-77.4874
63.58.29.0;63.58.29.255;40.7357;-74.1724
63.58.30.0;63.58.30.255;39.0113;-77.4713
63.58.31.0;63.58.31.255;40.7357;-74.1724
63.58.32.0;63.58.32.255;39.0113;-77.4713
63.58.33.0;63.58.35.255;40.7357;-74.1724
63.58.36.0;63.58.36.255;39.011;-77.4711
63.58.37.0;63.58.38.255;40.7357;-74.1724
63.58.39.0;63.58.39.255;39.011;-77.4711
63.58.40.0;63.58.44.255;40.7357;-74.1724
63.58.45.0;63.58.46.255;39.011;-77.4711
63.58.47.0;63.58.49.255;40.7357;-74.1724
63.58.50.0;63.58.50.255;39.011;-77.4711
63.58.51.0;63.58.56.255;40.7357;-74.1724
63.58.57.0;63.58.57.255;42.3601;-71.0589
63.58.58.0;63.58.59.255;40.7357;-74.1724
63.58.60.0;63.58.61.255;42.3601;-71.0589
63.58.62.0;63.58.62.255;39.011;-77.4711
63.58.63.0;63.58.64.255;40.7357;-74.1724
63.58.65.0;63.58.65.255;39.011;-77.4711
63.58.66.0;63.58.66.255;40.7357;-74.1724
63.58.67.0;63.58.67.255;39.011;-77.4711
63.58.68.0;63.58.76.255;40.7357;-74.1724
63.58.77.0;63.58.77.255;39.011;-77.4711
63.58.78.0;63.58.90.255;40.7357;-74.1724
63.58.91.0;63.58.91.255;39.011;-77.4711
63.58.92.0;63.58.95.255;40.7357;-74.1724
63.58.96.0;63.58.96.255;39.011;-77.4711
63.58.97.0;63.58.97.255;40.7357;-74.1724
63.58.98.0;63.58.99.255;39.011;-77.4711
63.58.100.0;63.58.100.255;40.7357;-74.1724
63.58.101.0;63.58.102.255;39.0113;-77.4713
63.58.103.0;63.58.103.255;40.7357;-74.1724
63.58.104.0;63.58.105.255;39.011;-77.4711
63.58.106.0;63.58.110.255;40.7357;-74.1724
63.58.111.0;63.58.111.255;39.011;-77.4711
63.58.112.0;63.58.112.255;39.0113;-77.4713
63.58.113.0;63.58.113.255;39.011;-77.4711
63.58.114.0;63.58.114.255;39.0113;-77.4713
63.58.115.0;63.58.115.255;40.7357;-74.1724
63.58.116.0;63.58.116.255;39.0113;-77.4713
63.58.117.0;63.58.118.255;40.7357;-74.1724
63.58.119.0;63.58.119.255;39.0438;-77.4874
63.58.120.0;63.58.120.255;39.011;-77.4711
63.58.121.0;63.58.125.255;40.7357;-74.1724
63.58.126.0;63.58.126.255;39.011;-77.4711
63.58.127.0;63.58.128.255;40.7357;-74.1724
63.58.129.0;63.58.129.255;39.0113;-77.4713
63.58.130.0;63.58.130.255;39.011;-77.4711
63.58.131.0;63.58.131.255;39.0438;-77.4874
63.58.132.0;63.58.132.255;40.7357;-74.1724
63.58.133.0;63.58.134.255;39.0113;-77.4713
63.58.135.0;63.58.135.255;40.7357;-74.1724
63.58.136.0;63.58.136.255;39.0113;-77.4713
63.58.137.0;63.58.140.255;40.7357;-74.1724
63.58.141.0;63.58.142.255;39.0113;-77.4713
63.58.143.0;63.58.143.255;40.7357;-74.1724
63.58.144.0;63.58.146.255;39.0113;-77.4713
63.58.147.0;63.58.147.255;42.3601;-71.0589
63.58.148.0;63.58.149.255;40.7357;-74.1724
63.58.150.0;63.58.150.255;39.0113;-77.4713
63.58.151.0;63.58.151.255;40.7357;-74.1724
63.58.152.0;63.58.152.255;39.0113;-77.4713
63.58.153.0;63.58.155.255;40.7357;-74.1724
63.58.156.0;63.58.156.255;42.3601;-71.0589
63.58.157.0;63.58.157.255;39.0113;-77.4713
63.58.158.0;63.58.158.255;40.7357;-74.1724
63.58.159.0;63.58.159.255;39.011;-77.4711
63.58.160.0;63.58.160.255;42.3601;-71.0589
63.58.161.0;63.58.161.255;39.011;-77.4711
63.58.162.0;63.58.162.255;39.0113;-77.4713
63.58.163.0;63.58.163.255;42.3601;-71.0589
63.58.164.0;63.58.164.255;40.7357;-74.1724
63.58.165.0;63.58.169.255;39.011;-77.4711
63.58.170.0;63.58.170.255;42.3601;-71.0589
63.58.171.0;63.58.172.255;39.0113;-77.4713
63.58.173.0;63.58.173.255;39.011;-77.4711
63.58.174.0;63.58.175.255;40.7357;-74.1724
63.58.176.0;63.58.179.255;39.011;-77.4711
63.58.180.0;63.58.184.255;40.7357;-74.1724
63.58.185.0;63.58.188.255;39.011;-77.4711
63.58.189.0;63.58.191.255;40.7357;-74.1724
63.58.192.0;63.58.192.255;39.0438;-77.4874
63.58.193.0;63.58.193.255;40.7357;-74.1724
63.58.194.0;63.58.194.255;39.0438;-77.4874
63.58.195.0;63.58.195.255;39.0113;-77.4713
63.58.196.0;63.58.196.255;40.7357;-74.1724
63.58.197.0;63.58.197.255;39.011;-77.4711
63.58.198.0;63.58.198.255;40.7357;-74.1724
63.58.199.0;63.58.199.255;39.0113;-77.4713
63.58.200.0;63.58.201.255;40.7357;-74.1724
63.58.202.0;63.58.202.255;39.0113;-77.4713
63.58.203.0;63.58.204.255;40.7357;-74.1724
63.58.205.0;63.58.205.255;39.011;-77.4711
63.58.206.0;63.58.208.255;40.7357;-74.1724
63.58.209.0;63.58.209.255;42.3601;-71.0589
63.58.210.0;63.58.210.255;39.0113;-77.4713
63.58.211.0;63.58.211.255;39.011;-77.4711
63.58.212.0;63.58.212.255;39.0113;-77.4713
63.58.213.0;63.58.213.255;40.7357;-74.1724
63.58.214.0;63.58.214.255;42.3601;-71.0589
63.58.215.0;63.58.215.255;39.0113;-77.4713
63.58.216.0;63.58.218.255;40.7357;-74.1724
63.58.219.0;63.58.219.255;42.3601;-71.0589
63.58.220.0;63.58.220.255;39.0113;-77.4713
63.58.221.0;63.58.222.255;39.011;-77.4711
63.58.223.0;63.58.223.255;39.0113;-77.4713
63.58.224.0;63.58.224.255;39.011;-77.4711
63.58.225.0;63.58.227.255;40.7357;-74.1724
63.58.228.0;63.58.229.255;39.011;-77.4711
63.58.230.0;63.58.230.255;40.7357;-74.1724
63.58.231.0;63.58.232.255;39.011;-77.4711
63.58.233.0;63.58.235.255;40.7357;-74.1724
63.58.236.0;63.58.236.255;39.011;-77.4711
63.58.237.0;63.58.243.255;40.7357;-74.1724
63.58.244.0;63.58.244.255;39.011;-77.4711
63.58.245.0;63.58.245.255;40.7357;-74.1724
63.58.246.0;63.58.246.255;39.011;-77.4711
63.58.247.0;63.58.248.255;40.7357;-74.1724
63.58.249.0;63.58.249.255;42.3601;-71.0589
63.58.250.0;63.58.254.255;40.7357;-74.1724
63.58.255.0;63.58.255.255;42.3601;-71.0589
63.59.0.0;63.59.0.255;39.011;-77.4711
63.59.1.0;63.59.3.255;40.7357;-74.1724
63.59.4.0;63.59.4.255;39.0113;-77.4713
63.59.5.0;63.59.6.255;40.7357;-74.1724
63.59.7.0;63.59.8.255;39.0113;-77.4713
63.59.9.0;63.59.24.255;40.7357;-74.1724
63.59.25.0;63.59.25.255;39.011;-77.4711
63.59.26.0;63.59.26.255;42.3601;-71.0589
63.59.27.0;63.59.28.255;39.011;-77.4711
63.59.29.0;63.59.30.255;40.7357;-74.1724
63.59.31.0;63.59.31.255;39.0113;-77.4713
63.59.32.0;63.59.32.255;40.7357;-74.1724
63.59.33.0;63.59.33.255;39.0113;-77.4713
63.59.34.0;63.59.34.255;40.7357;-74.1724
63.59.35.0;63.59.35.255;39.0113;-77.4713
63.59.36.0;63.59.36.255;40.7357;-74.1724
63.59.37.0;63.59.38.255;39.0113;-77.4713
63.59.39.0;63.59.41.255;40.7357;-74.1724
63.59.42.0;63.59.44.255;39.0113;-77.4713
63.59.45.0;63.59.45.255;40.7357;-74.1724
63.59.46.0;63.59.46.255;42.3601;-71.0589
63.59.47.0;63.59.50.255;40.7357;-74.1724
63.59.51.0;63.59.51.255;42.3601;-71.0589
63.59.52.0;63.59.52.255;40.7357;-74.1724
63.59.53.0;63.59.53.255;39.0113;-77.4713
63.59.54.0;63.59.54.255;40.7357;-74.1724
63.59.55.0;63.59.58.255;39.0113;-77.4713
63.59.59.0;63.59.60.255;40.7357;-74.1724
63.59.61.0;63.59.61.255;39.0113;-77.4713
63.59.62.0;63.59.62.255;42.3601;-71.0589
63.59.63.0;63.59.65.255;40.7357;-74.1724
63.59.66.0;63.59.66.255;39.0113;-77.4713
63.59.67.0;63.59.67.255;40.7357;-74.1724
63.59.68.0;63.59.68.255;39.0113;-77.4713
63.59.69.0;63.59.69.255;42.3601;-71.0589
63.59.70.0;63.59.71.255;40.7357;-74.1724
63.59.72.0;63.59.73.255;39.0113;-77.4713
63.59.74.0;63.59.76.255;42.3601;-71.0589
63.59.77.0;63.59.77.255;39.011;-77.4711
63.59.78.0;63.59.78.255;39.0113;-77.4713
63.59.79.0;63.59.79.255;40.7357;-74.1724
63.59.80.0;63.59.80.255;39.0113;-77.4713
63.59.81.0;63.59.81.255;39.0438;-77.4874
63.59.82.0;63.59.83.255;40.7357;-74.1724
63.59.84.0;63.59.84.255;42.3601;-71.0589
63.59.85.0;63.59.85.255;39.0113;-77.4713
63.59.86.0;63.59.86.255;40.7357;-74.1724
63.59.87.0;63.59.89.255;39.0113;-77.4713
63.59.90.0;63.59.91.255;40.7357;-74.1724
63.59.92.0;63.59.92.255;42.3601;-71.0589
63.59.93.0;63.59.93.255;40.7357;-74.1724
63.59.94.0;63.59.94.255;39.0438;-77.4874
63.59.95.0;63.59.97.255;40.7357;-74.1724
63.59.98.0;63.59.99.255;39.0113;-77.4713
63.59.100.0;63.59.102.255;40.7357;-74.1724
63.59.103.0;63.59.103.255;39.011;-77.4711
63.59.104.0;63.59.121.255;40.7357;-74.1724
63.59.122.0;63.59.122.255;39.011;-77.4711
63.59.123.0;63.59.140.255;40.7357;-74.1724
63.59.141.0;63.59.141.255;39.011;-77.4711
63.59.142.0;63.59.151.255;40.7357;-74.1724
63.59.152.0;63.59.152.255;39.011;-77.4711
63.59.153.0;63.59.162.255;40.7357;-74.1724
63.59.163.0;63.59.163.255;39.011;-77.4711
63.59.164.0;63.59.167.255;40.7357;-74.1724
63.59.168.0;63.59.168.255;39.0113;-77.4713
63.59.169.0;63.59.169.255;39.011;-77.4711
63.59.170.0;63.59.170.255;40.7357;-74.1724
63.59.171.0;63.59.171.255;39.011;-77.4711
63.59.172.0;63.59.173.255;40.7357;-74.1724
63.59.174.0;63.59.174.255;39.011;-77.4711
63.59.175.0;63.59.178.255;40.7357;-74.1724
63.59.179.0;63.59.179.255;39.011;-77.4711
63.59.180.0;63.59.185.255;40.7357;-74.1724
63.59.186.0;63.59.186.255;39.011;-77.4711
63.59.187.0;63.59.189.255;40.7357;-74.1724
63.59.190.0;63.59.190.255;39.011;-77.4711
63.59.191.0;63.59.194.255;40.7357;-74.1724
63.59.195.0;63.59.196.255;39.0113;-77.4713
63.59.197.0;63.59.197.255;40.7357;-74.1724
63.59.198.0;63.59.198.255;39.011;-77.4711
63.59.199.0;63.59.199.255;39.0113;-77.4713
63.59.200.0;63.59.200.255;40.7357;-74.1724
63.59.201.0;63.59.201.255;39.0113;-77.4713
63.59.202.0;63.59.202.255;40.7357;-74.1724
63.59.203.0;63.59.203.255;39.0113;-77.4713
63.59.204.0;63.59.204.255;40.7357;-74.1724
63.59.205.0;63.59.205.255;39.0113;-77.4713
63.59.206.0;63.59.219.255;40.7357;-74.1724
63.59.220.0;63.59.220.255;39.011;-77.4711
63.59.221.0;63.59.223.255;39.0113;-77.4713
63.59.224.0;63.59.225.255;40.7357;-74.1724
63.59.226.0;63.59.226.255;39.0113;-77.4713
63.59.227.0;63.59.231.255;40.7357;-74.1724
63.59.232.0;63.59.235.255;39.0113;-77.4713
63.59.236.0;63.59.236.255;40.7357;-74.1724
63.59.237.0;63.59.237.255;39.0113;-77.4713
63.59.238.0;63.59.240.255;40.7357;-74.1724
63.59.241.0;63.59.242.255;39.011;-77.4711
63.59.243.0;63.59.244.255;40.7357;-74.1724
63.59.245.0;63.59.246.255;39.0113;-77.4713
63.59.247.0;63.59.248.255;40.7357;-74.1724
63.59.249.0;63.59.249.255;39.011;-77.4711
63.59.250.0;63.59.251.255;39.0113;-77.4713
63.59.252.0;63.59.252.255;40.7357;-74.1724
63.59.253.0;63.59.254.255;39.0113;-77.4713
63.59.255.0;63.59.255.255;40.7357;-74.1724
63.60.0.0;63.60.40.255;39.011;-77.4711
63.60.41.0;63.60.41.255;42.3601;-71.0589
63.60.42.0;63.60.43.255;39.011;-77.4711
63.60.44.0;63.60.44.255;42.3601;-71.0589
63.60.45.0;63.60.127.255;39.011;-77.4711
63.60.128.0;63.60.129.255;42.3601;-71.0589
63.60.130.0;63.60.171.255;39.011;-77.4711
63.60.172.0;63.60.173.255;42.3601;-71.0589
63.60.174.0;63.60.243.255;39.011;-77.4711
63.60.244.0;63.60.245.255;42.3601;-71.0589
63.60.246.0;63.60.246.255;39.011;-77.4711
63.60.247.0;63.60.247.255;42.3601;-71.0589
63.60.248.0;63.61.0.255;39.011;-77.4711
63.61.1.0;63.61.1.255;42.3601;-71.0589
63.61.2.0;63.61.9.255;39.011;-77.4711
63.61.10.0;63.61.10.255;42.3601;-71.0589
63.61.11.0;63.61.14.255;39.011;-77.4711
63.61.15.0;63.61.15.255;42.3601;-71.0589
63.61.16.0;63.61.22.255;39.011;-77.4711
63.61.23.0;63.61.23.255;39.0113;-77.4713
63.61.24.0;63.61.24.255;39.0438;-77.4874
63.61.25.0;63.61.99.255;39.011;-77.4711
63.61.100.0;63.61.100.255;42.3601;-71.0589
63.61.101.0;63.61.101.255;39.0438;-77.4874
63.61.102.0;63.61.118.255;39.011;-77.4711
63.61.119.0;63.61.120.255;42.3601;-71.0589
63.61.121.0;63.61.142.255;39.011;-77.4711
63.61.143.0;63.61.143.255;42.3601;-71.0589
63.61.144.0;63.61.144.255;39.0113;-77.4713
63.61.145.0;63.61.145.255;42.3601;-71.0589
63.61.146.0;63.61.146.255;39.0113;-77.4713
63.61.147.0;63.61.147.255;42.3601;-71.0589
63.61.148.0;63.61.148.255;39.0113;-77.4713
63.61.149.0;63.61.149.255;39.0438;-77.4874
63.61.150.0;63.61.151.255;39.011;-77.4711
63.61.152.0;63.61.152.255;42.3601;-71.0589
63.61.153.0;63.61.186.255;39.011;-77.4711
63.61.187.0;63.61.187.255;42.3601;-71.0589
63.61.188.0;63.61.198.255;39.011;-77.4711
63.61.199.0;63.61.199.255;42.3601;-71.0589
63.61.200.0;63.61.219.255;39.011;-77.4711
63.61.220.0;63.61.220.255;42.3601;-71.0589
63.61.221.0;63.61.221.255;39.011;-77.4711
63.61.222.0;63.61.222.255;39.0438;-77.4874
63.61.223.0;63.61.223.255;42.3601;-71.0589
63.61.224.0;63.61.224.255;39.0113;-77.4713
63.61.225.0;63.61.228.255;39.011;-77.4711
63.61.229.0;63.61.229.255;39.0113;-77.4713
63.61.230.0;63.61.238.255;39.011;-77.4711
63.61.239.0;63.61.239.255;39.0113;-77.4713
63.61.240.0;63.61.240.255;39.011;-77.4711
63.61.241.0;63.61.241.255;39.0113;-77.4713
63.61.242.0;63.61.242.255;39.011;-77.4711
63.61.243.0;63.61.245.255;39.0113;-77.4713
63.61.246.0;63.61.255.255;39.011;-77.4711
63.62.0.0;63.62.0.255;39.0113;-77.4713
63.62.1.0;63.62.3.255;39.0438;-77.4874
63.62.4.0;63.62.5.255;39.0113;-77.4713
63.62.6.0;63.62.6.255;42.3601;-71.0589
63.62.7.0;63.62.9.255;39.0113;-77.4713
63.62.10.0;63.62.10.255;42.3601;-71.0589
63.62.11.0;63.62.11.255;39.0113;-77.4713
63.62.12.0;63.62.39.255;39.0438;-77.4874
63.62.40.0;63.62.41.255;39.0113;-77.4713
63.62.42.0;63.62.47.255;39.0438;-77.4874
63.62.48.0;63.62.48.255;39.0113;-77.4713
63.62.49.0;63.62.50.255;42.3601;-71.0589
63.62.51.0;63.62.54.255;39.0113;-77.4713
63.62.55.0;63.62.55.255;42.3601;-71.0589
63.62.56.0;63.62.56.255;39.0113;-77.4713
63.62.57.0;63.62.62.255;39.0438;-77.4874
63.62.63.0;63.62.63.255;42.3601;-71.0589
63.62.64.0;63.62.77.255;39.0113;-77.4713
63.62.78.0;63.62.79.255;39.0438;-77.4874
63.62.80.0;63.62.80.255;42.3601;-71.0589
63.62.81.0;63.62.85.255;39.0113;-77.4713
63.62.86.0;63.62.87.255;39.0438;-77.4874
63.62.88.0;63.62.89.255;39.0113;-77.4713
63.62.90.0;63.62.91.255;39.0438;-77.4874
63.62.92.0;63.62.97.255;39.0113;-77.4713
63.62.98.0;63.62.100.255;39.0438;-77.4874
63.62.101.0;63.62.104.255;39.0113;-77.4713
63.62.105.0;63.62.106.255;39.0438;-77.4874
63.62.107.0;63.62.113.255;39.0113;-77.4713
63.62.114.0;63.62.114.255;42.3601;-71.0589
63.62.115.0;63.62.116.255;39.0113;-77.4713
63.62.117.0;63.62.117.255;42.3601;-71.0589
63.62.118.0;63.62.123.255;39.0113;-77.4713
63.62.124.0;63.62.131.255;39.0438;-77.4874
63.62.132.0;63.62.133.255;39.0113;-77.4713
63.62.134.0;63.62.137.255;39.0438;-77.4874
63.62.138.0;63.62.138.255;39.0113;-77.4713
63.62.139.0;63.62.140.255;39.0438;-77.4874
63.62.141.0;63.62.141.255;39.0113;-77.4713
63.62.142.0;63.62.142.255;42.3601;-71.0589
63.62.143.0;63.62.144.255;38.9586;-77.357
63.62.145.0;63.62.148.255;39.0113;-77.4713
63.62.149.0;63.62.167.255;39.0438;-77.4874
63.62.168.0;63.62.169.255;38.9586;-77.357
63.62.170.0;63.62.171.255;39.0113;-77.4713
63.62.172.0;63.62.174.255;39.0438;-77.4874
63.62.175.0;63.62.175.255;39.0113;-77.4713
63.62.176.0;63.62.179.255;39.0438;-77.4874
63.62.180.0;63.62.183.255;38.9586;-77.357
63.62.184.0;63.62.186.255;39.0113;-77.4713
63.62.187.0;63.62.187.255;42.3601;-71.0589
63.62.188.0;63.62.189.255;39.0113;-77.4713
63.62.190.0;63.62.190.255;42.3601;-71.0589
63.62.191.0;63.62.199.255;39.0113;-77.4713
63.62.200.0;63.62.200.255;42.3601;-71.0589
63.62.201.0;63.62.202.255;38.9586;-77.357
63.62.203.0;63.62.210.255;39.0113;-77.4713
63.62.211.0;63.62.220.255;39.0438;-77.4874
63.62.221.0;63.62.221.255;42.3601;-71.0589
63.62.222.0;63.62.223.255;39.0438;-77.4874
63.62.224.0;63.62.224.255;42.3601;-71.0589
63.62.225.0;63.62.225.255;39.0113;-77.4713
63.62.226.0;63.62.226.255;42.3601;-71.0589
63.62.227.0;63.62.228.255;39.0438;-77.4874
63.62.229.0;63.62.231.255;39.0113;-77.4713
63.62.232.0;63.62.232.255;42.3601;-71.0589
63.62.233.0;63.62.233.255;39.0113;-77.4713
63.62.234.0;63.62.239.255;39.0438;-77.4874
63.62.240.0;63.62.245.255;39.0113;-77.4713
63.62.246.0;63.62.255.255;39.0438;-77.4874
63.63.0.0;63.63.76.255;39.011;-77.4711
63.63.77.0;63.63.77.255;39.0113;-77.4713
63.63.78.0;63.63.78.255;42.3601;-71.0589
63.63.79.0;63.63.84.255;39.0113;-77.4713
63.63.85.0;63.63.86.255;42.3601;-71.0589
63.63.87.0;63.63.194.255;39.011;-77.4711
63.63.195.0;63.63.195.255;39.0113;-77.4713
63.63.196.0;63.63.196.255;42.3601;-71.0589
63.63.197.0;63.63.197.255;39.011;-77.4711
63.63.198.0;63.63.198.255;39.0438;-77.4874
63.63.199.0;63.63.222.255;39.011;-77.4711
63.63.223.0;63.63.223.255;42.3601;-71.0589
63.63.224.0;63.63.224.255;39.011;-77.4711
63.63.225.0;63.63.227.255;39.0113;-77.4713
63.63.228.0;63.63.228.255;42.3601;-71.0589
63.63.229.0;63.63.230.255;39.011;-77.4711
63.63.231.0;63.63.231.255;39.0113;-77.4713
63.63.232.0;63.63.232.255;42.3601;-71.0589
63.63.233.0;63.63.248.255;39.011;-77.4711
63.63.249.0;63.63.250.255;39.0113;-77.4713
63.63.251.0;63.63.252.255;42.3601;-71.0589
63.63.253.0;63.63.255.255;39.011;-77.4711
63.64.0.0;63.64.0.127;42.6526;-73.7562
63.64.0.128;63.64.1.255;33.9431;-118.409
63.64.2.0;63.64.2.255;30.4982;-87.2285
63.64.3.0;63.64.3.255;47.6062;-122.332
63.64.4.0;63.64.6.255;42.3601;-71.0589
63.64.7.0;63.64.7.255;42.6526;-73.7562
63.64.8.0;63.64.13.31;37.9716;-87.5711
63.64.13.32;63.64.13.255;38.3553;-87.5675
63.64.14.0;63.64.14.255;37.9716;-87.5711
63.64.15.0;63.64.15.255;38.3553;-87.5675
63.64.16.0;63.64.16.255;30.0129;-90.0267
63.64.17.0;63.64.17.255;42.3601;-71.0589
63.64.18.0;63.64.18.255;40.7128;-74.006
63.64.19.0;63.64.19.255;29.7604;-95.3698
63.64.20.0;63.64.20.255;40.7128;-74.006
63.64.21.0;63.64.21.255;42.1929;-71.2897
63.64.22.0;63.64.22.255;40.7268;-74.145
63.64.23.0;63.64.23.255;42.3601;-71.0589
63.64.24.0;63.64.24.255;34.0549;-118.243
63.64.25.0;63.64.25.255;42.3601;-71.0589
63.64.26.0;63.64.26.255;42.6526;-73.7562
63.64.27.0;63.64.27.255;42.1969;-85.5989
63.64.28.0;63.64.28.255;47.6274;-122.34
63.64.29.0;63.64.29.255;42.3008;-122.85
63.64.30.0;63.64.30.255;47.697;-122.182
63.64.31.0;63.64.31.255;33.7081;-84.2673
63.64.32.0;63.64.35.255;39.5811;-104.856
63.64.36.0;63.64.37.255;45.6557;-110.57
63.64.38.0;63.64.38.255;43.1627;-76.3283
63.64.39.0;63.64.39.255;44.8669;-93.143
63.64.40.0;63.64.40.255;42.1772;-71.2043
63.64.41.0;63.64.41.255;33.6054;-112.118
63.64.42.0;63.64.42.255;40.7179;-74.034
63.64.43.0;63.64.43.255;47.4217;-122.248
63.64.44.0;63.64.44.255;32.8293;-117.14
63.64.45.0;63.64.45.255;47.4883;-122.276
63.64.46.0;63.64.46.255;40.7128;-74.006
63.64.47.0;63.64.47.255;48.6924;-116.311
63.64.48.0;63.64.48.255;40.4424;-80.0959
63.64.49.0;63.64.49.255;41.8501;-87.9466
63.64.50.0;63.64.50.255;42.3601;-71.0589
63.64.51.0;63.64.51.255;40.7128;-74.006
63.64.52.0;63.64.52.255;45.5437;-122.962
63.64.53.0;63.64.53.255;47.6845;-122.139
63.64.54.0;63.64.54.255;33.6552;-84.4287
63.64.55.0;63.64.55.255;36.7645;-76.2283
63.64.56.0;63.64.56.255;42.3245;-83.209
63.64.57.0;63.64.57.255;33.7818;-84.388
63.64.58.0;63.64.58.255;42.3601;-71.0589
63.64.59.0;63.64.59.255;39.9266;-105.125
63.64.60.0;63.64.61.255;45.5173;-122.676
63.64.62.0;63.64.62.255;47.698;-122.155
63.64.63.0;63.64.63.255;38.9004;-77.0216
63.64.64.0;63.64.64.255;42.3601;-71.0589
63.64.65.0;63.64.65.255;42.0265;-87.7449
63.64.66.0;63.64.66.255;40.7128;-74.006
63.64.67.0;63.64.67.255;42.6526;-73.7562
63.64.68.0;63.64.68.255;42.3601;-71.0589
63.64.69.0;63.64.69.255;47.66;-122.205
63.64.70.0;63.64.70.255;40.7128;-74.006
63.64.71.0;63.64.71.255;42.6526;-73.7562
63.64.72.0;63.64.72.255;42.2925;-85.5806
63.64.73.0;63.64.73.255;38.9072;-77.0369
63.64.74.0;63.64.74.255;35.19;-84.8694
63.64.75.0;63.64.75.255;45.4942;-122.828
63.64.76.0;63.64.79.255;42.3601;-71.0589
63.64.80.0;63.64.80.255;40.7128;-74.006
63.64.81.0;63.64.81.255;42.3601;-71.0589
63.64.82.0;63.64.82.255;30.255;-81.4388
63.64.83.0;63.64.83.255;45.4782;-122.786
63.64.84.0;63.64.84.255;37.3235;-122.021
63.64.85.0;63.64.85.255;38.8092;-76.8988
63.64.86.0;63.64.87.255;47.698;-122.155
63.64.88.0;63.64.91.255;32.3513;-95.3011
63.64.92.0;63.64.92.255;42.3601;-71.0589
63.64.93.0;63.64.93.255;40.7128;-74.006
63.64.94.0;63.64.94.255;32.9543;-96.7069
63.64.95.0;63.64.95.255;45.5148;-122.681
63.64.96.0;63.64.96.255;39.2278;-76.8227
63.64.97.0;63.64.97.255;40.7128;-74.006
63.64.98.0;63.64.98.255;42.6526;-73.7562
63.64.99.0;63.64.99.255;39.0397;-77.1109
63.64.100.0;63.64.103.255;41.2592;-95.9338
63.64.104.0;63.64.104.255;42.3601;-71.0589
63.64.105.0;63.64.105.255;47.6742;-122.107
63.64.106.0;63.64.107.255;38.9072;-77.0369
63.64.108.0;63.64.108.255;38.906;-77.452
63.64.109.0;63.64.109.255;42.3601;-71.0589
63.64.110.0;63.64.110.255;40.7086;-74.0149
63.64.111.0;63.64.111.255;42.3601;-71.0589
63.64.112.0;63.64.119.255;47.7028;-122.181
63.64.120.0;63.64.120.255;32.7496;-97.077
63.64.121.0;63.64.121.127;47.4475;-122.249
63.64.121.128;63.64.123.255;42.3601;-71.0589
63.64.124.0;63.64.124.255;39.2032;-76.6826
63.64.125.0;63.64.125.255;40.7128;-74.006
63.64.126.0;63.64.126.255;38.3313;-88.9271
63.64.127.0;63.64.127.255;42.3601;-71.0589
63.64.128.0;63.64.129.255;33.8525;-84.3789
63.64.130.0;63.64.131.255;33.1314;-117.279
63.64.132.0;63.64.132.255;42.3601;-71.0589
63.64.133.0;63.64.133.255;42.6526;-73.7562
63.64.134.0;63.64.134.255;34.654;-86.5693
63.64.135.0;63.64.135.255;45.4375;-122.76
63.64.136.0;63.64.140.255;40.7128;-74.006
63.64.141.0;63.64.141.255;42.3601;-71.0589
63.64.142.0;63.64.142.255;40.7128;-74.006
63.64.143.0;63.64.144.255;42.3601;-71.0589
63.64.145.0;63.64.145.255;40.7128;-74.006
63.64.146.0;63.64.146.255;39.0638;-77.4511
63.64.147.0;63.64.147.255;40.7482;-73.9892
63.64.148.0;63.64.151.255;43.0135;-83.7428
63.64.152.0;63.64.155.255;38.8838;-77.1173
63.64.156.0;63.64.156.255;33.8467;-84.358
63.64.157.0;63.64.157.255;34.2248;-92.1454
63.64.158.0;63.64.158.255;37.5256;-77.4471
63.64.159.0;63.64.159.255;42.3601;-71.0589
63.64.160.0;63.64.161.255;48.3264;-122.628
63.64.162.0;63.64.162.255;40.7128;-74.006
63.64.163.0;63.64.163.255;32.9216;-96.7683
63.64.164.0;63.64.164.255;47.6058;-122.335
63.64.165.0;63.64.165.255;44.4184;-118.95
63.64.166.0;63.64.166.255;42.3601;-71.0589
63.64.167.0;63.64.167.255;47.673;-122.12
63.64.168.0;63.64.168.255;45.5082;-122.775
63.64.169.0;63.64.169.255;41.5018;-90.626
63.64.170.0;63.64.171.255;42.3601;-71.0589
63.64.172.0;63.64.172.255;47.6552;-117.42
63.64.173.0;63.64.173.255;39.5032;-74.8997
63.64.174.0;63.64.174.255;33.7124;-117.926
63.64.175.0;63.64.175.255;45.4808;-122.571
63.64.176.0;63.64.176.255;34.0141;-84.1418
63.64.177.0;63.64.177.255;40.5676;-74.6096
63.64.178.0;63.64.178.255;42.3601;-71.0589
63.64.179.0;63.64.180.31;47.4206;-122.248
63.64.180.32;63.64.181.255;42.3601;-71.0589
63.64.182.0;63.64.182.255;40.7128;-74.006
63.64.183.0;63.64.183.255;47.6179;-122.194
63.64.184.0;63.64.184.255;41.739;-87.9718
63.64.185.0;63.64.187.255;42.521;-71.085
63.64.188.0;63.64.188.255;40.0836;-88.2469
63.64.189.0;63.64.189.255;40.7128;-74.006
63.64.190.0;63.64.190.255;42.6526;-73.7562
63.64.191.0;63.64.191.255;47.4206;-122.248
63.64.192.0;63.64.192.255;40.7612;-73.9788
63.64.193.0;63.64.193.255;40.7128;-74.006
63.64.194.0;63.64.194.255;42.3601;-71.0589
63.64.195.0;63.64.195.255;40.7235;-74.0068
63.64.196.0;63.64.196.159;37.3816;-122.004
63.64.196.160;63.64.198.255;42.3601;-71.0589
63.64.199.0;63.64.200.255;40.7128;-74.006
63.64.201.0;63.64.201.255;47.6742;-122.107
63.64.202.0;63.64.202.255;42.3601;-71.0589
63.64.203.0;63.64.203.255;33.9791;-84.4255
63.64.204.0;63.64.204.255;42.6526;-73.7562
63.64.205.0;63.64.206.255;42.3601;-71.0589
63.64.207.0;63.64.207.255;40.7128;-74.006
63.64.208.0;63.64.209.255;42.3601;-71.0589
63.64.210.0;63.64.210.255;39.0892;-108.598
63.64.211.0;63.64.211.255;42.6526;-73.7562
63.64.212.0;63.64.212.255;39.5603;-104.858
63.64.213.0;63.64.213.255;40.7128;-74.006
63.64.214.0;63.64.214.255;40.7156;-73.6316
63.64.215.0;63.64.219.255;42.3601;-71.0589
63.64.220.0;63.64.220.255;40.7128;-74.006
63.64.221.0;63.64.221.127;48.4766;-122.407
63.64.221.128;63.64.222.255;42.3601;-71.0589
63.64.223.0;63.64.223.255;41.0395;-74.0323
63.64.224.0;63.64.224.255;42.3601;-71.0589
63.64.225.0;63.64.225.255;38.2758;-121.979
63.64.226.0;63.64.227.255;40.7128;-74.006
63.64.228.0;63.64.228.255;42.3601;-71.0589
63.64.229.0;63.64.229.255;42.6526;-73.7562
63.64.230.0;63.64.230.255;42.3601;-71.0589
63.64.231.0;63.64.231.255;40.7128;-74.006
63.64.232.0;63.64.237.255;42.3601;-71.0589
63.64.238.0;63.64.238.255;34.0648;-117.964
63.64.239.0;63.64.239.255;41.0307;-73.6251
63.64.240.0;63.64.240.255;42.5024;-71.1595
63.64.241.0;63.64.242.255;40.7128;-74.006
63.64.243.0;63.64.243.255;42.3601;-71.0589
63.64.244.0;63.64.244.255;40.7128;-74.006
63.64.245.0;63.64.245.255;33.4528;-111.99
63.64.246.0;63.64.246.255;41.8571;-87.9886
63.64.247.0;63.64.247.255;42.3372;-71.5949
63.64.248.0;63.64.250.255;42.3601;-71.0589
63.64.251.0;63.64.251.255;39.0113;-77.4713
63.64.252.0;63.64.252.255;32.8934;-96.9871
63.64.253.0;63.64.253.255;42.6526;-73.7562
63.64.254.0;63.64.254.255;40.7128;-74.006
63.64.255.0;63.64.255.255;42.6526;-73.7562
63.65.0.0;63.65.1.255;42.3601;-71.0589
63.65.2.0;63.65.2.255;40.7128;-74.006
63.65.3.0;63.65.3.255;39.0113;-77.4713
63.65.4.0;63.65.5.255;42.3601;-71.0589
63.65.6.0;63.65.6.255;30.2137;-97.7422
63.65.7.0;63.65.7.255;42.3566;-71.0543
63.65.8.0;63.65.8.255;40.7128;-74.006
63.65.9.0;63.65.9.255;42.3601;-71.0589
63.65.10.0;63.65.11.255;36.8478;-76.1794
63.65.12.0;63.65.12.255;40.7128;-74.006
63.65.13.0;63.65.13.255;42.3601;-71.0589
63.65.14.0;63.65.14.255;42.3177;-71.2304
63.65.15.0;63.65.15.255;40.7128;-74.006
63.65.16.0;63.65.19.255;33.0827;-96.6796
63.65.20.0;63.65.21.255;33.4872;-112.068
63.65.22.0;63.65.22.255;38.9072;-77.0369
63.65.23.0;63.65.23.255;40.7128;-74.006
63.65.24.0;63.65.24.255;38.2538;-85.7592
63.65.25.0;63.65.25.255;40.7128;-74.006
63.65.26.0;63.65.26.255;39.9511;-75.5897
63.65.27.0;63.65.27.255;40.7357;-74.1724
63.65.28.0;63.65.29.255;40.0773;-75.418
63.65.30.0;63.65.30.255;40.7128;-74.006
63.65.31.0;63.65.31.255;30.4828;-97.7758
63.65.32.0;63.65.39.255;39.9511;-75.5897
63.65.40.0;63.65.40.255;42.3601;-71.0589
63.65.41.0;63.65.41.255;33.9165;-84.357
63.65.42.0;63.65.42.255;42.3601;-71.0589
63.65.43.0;63.65.43.255;40.7128;-74.006
63.65.44.0;63.65.44.255;32.9749;-96.7222
63.65.45.0;63.65.45.255;40.7128;-74.006
63.65.46.0;63.65.46.255;42.3601;-71.0589
63.65.47.0;63.65.47.255;35.8125;-78.8262
63.65.48.0;63.65.48.255;39.866;-75.1788
63.65.49.0;63.65.49.255;38.9072;-77.0369
63.65.50.0;63.65.50.255;42.6526;-73.7562
63.65.51.0;63.65.51.255;41.6969;-71.5219
63.65.52.0;63.65.52.255;42.3601;-71.0589
63.65.53.0;63.65.53.255;40.9254;-74.2765
63.65.54.0;63.65.54.255;40.7071;-74.0126
63.65.55.0;63.65.55.255;29.7101;-95.1338
63.65.56.0;63.65.57.255;42.3601;-71.0589
63.65.58.0;63.65.60.255;40.7128;-74.006
63.65.61.0;63.65.61.255;29.7361;-95.4973
63.65.62.0;63.65.62.255;44.9802;-93.275
63.65.63.0;63.65.63.255;33.3847;-84.5822
63.65.64.0;63.65.64.255;38.5676;-77.328
63.65.65.0;63.65.65.255;40.7128;-74.006
63.65.66.0;63.65.66.255;42.6526;-73.7562
63.65.67.0;63.65.67.255;38.0196;-122.542
63.65.68.0;63.65.68.255;42.8205;-73.9408
63.65.69.0;63.65.69.255;42.6526;-73.7562
63.65.70.0;63.65.70.255;40.8127;-74.2596
63.65.71.0;63.65.73.255;42.3601;-71.0589
63.65.74.0;63.65.74.255;41.639;-70.9911
63.65.75.0;63.65.75.255;42.6526;-73.7562
63.65.76.0;63.65.77.255;42.3601;-71.0589
63.65.78.0;63.65.78.255;40.7128;-74.006
63.65.79.0;63.65.79.255;42.964;-78.7378
63.65.80.0;63.65.83.255;42.3601;-71.0589
63.65.84.0;63.65.84.255;38.9072;-77.0369
63.65.85.0;63.65.85.255;42.6526;-73.7562
63.65.86.0;63.65.86.255;39.7508;-104.997
63.65.87.0;63.65.87.255;42.3601;-71.0589
63.65.88.0;63.65.88.255;34.1764;-118.539
63.65.89.0;63.65.89.255;42.3601;-71.0589
63.65.90.0;63.65.90.255;42.6526;-73.7562
63.65.91.0;63.65.91.255;40.7128;-74.006
63.65.92.0;63.65.92.255;38.9591;-77.3564
63.65.93.0;63.65.93.255;29.7757;-95.4161
63.65.94.0;63.65.94.255;42.6526;-73.7562
63.65.95.0;63.65.95.255;40.7128;-74.006
63.65.96.0;63.65.96.255;39.1434;-77.2014
63.65.97.0;63.65.97.255;37.7929;-122.405
63.65.98.0;63.65.98.255;40.7128;-74.006
63.65.99.0;63.65.102.31;42.3601;-71.0589
63.65.102.32;63.65.102.255;40.4741;-88.9782
63.65.103.0;63.65.105.255;42.3601;-71.0589
63.65.106.0;63.65.106.255;38.9005;-77.0097
63.65.107.0;63.65.107.255;40.7128;-74.006
63.65.108.0;63.65.109.63;42.3601;-71.0589
63.65.109.64;63.65.109.255;40.7089;-74.0113
63.65.110.0;63.65.110.255;30.2592;-97.7265
63.65.111.0;63.65.111.255;40.7128;-74.006
63.65.112.0;63.65.112.255;39.1701;-76.8507
63.65.113.0;63.65.113.255;32.9217;-96.7671
63.65.114.0;63.65.117.255;42.3601;-71.0589
63.65.118.0;63.65.119.255;30.1225;-93.7472
63.65.120.0;63.65.120.255;40.7128;-74.006
63.65.121.0;63.65.121.255;42.3601;-71.0589
63.65.122.0;63.65.122.255;42.6526;-73.7562
63.65.123.0;63.65.123.255;40.7128;-74.006
63.65.124.0;63.65.125.255;41.6624;-86.158
63.65.126.0;63.65.126.255;28.5425;-81.3795
63.65.127.0;63.65.129.255;42.3601;-71.0589
63.65.130.0;63.65.130.255;40.7128;-74.006
63.65.131.0;63.65.131.255;42.6526;-73.7562
63.65.132.0;63.65.133.127;42.3601;-71.0589
63.65.133.128;63.65.133.255;-33.4489;-70.6693
63.65.134.0;63.65.134.255;33.5652;-101.858
63.65.135.0;63.65.135.255;32.9234;-96.8021
63.65.136.0;63.65.136.255;42.3601;-71.0589
63.65.137.0;63.65.137.255;40.7128;-74.006
63.65.138.0;63.65.138.255;41.7985;-88.2027
63.65.139.0;63.65.139.255;46.6631;-122.97
63.65.140.0;63.65.140.255;40.7128;-74.006
63.65.141.0;63.65.141.255;34.4728;-117.268
63.65.142.0;63.65.142.255;34.1472;-118.004
63.65.143.0;63.65.147.39;39.0107;-77.469
63.65.147.40;63.65.147.255;39.8318;-75.1896
63.65.148.0;63.65.148.255;42.3601;-71.0589
63.65.149.0;63.65.149.255;40.7128;-74.006
63.65.150.0;63.65.153.255;42.3601;-71.0589
63.65.154.0;63.65.154.255;42.6526;-73.7562
63.65.155.0;63.65.155.255;42.3601;-71.0589
63.65.156.0;63.65.156.127;38.7512;-90.3509
63.65.156.128;63.65.157.255;40.7128;-74.006
63.65.158.0;63.65.159.255;40.8813;-79.8991
63.65.160.0;63.65.160.255;33.4879;-112.074
63.65.161.0;63.65.161.255;32.5195;-92.1818
63.65.162.0;63.65.162.255;42.3601;-71.0589
63.65.163.0;63.65.163.255;38.9072;-77.0369
63.65.164.0;63.65.165.255;42.3601;-71.0589
63.65.166.0;63.65.166.255;40.7696;-74.0204
63.65.167.0;63.65.167.255;42.3601;-71.0589
63.65.168.0;63.65.168.255;34.0549;-118.243
63.65.169.0;63.65.169.255;42.8799;-78.8762
63.65.170.0;63.65.170.255;42.6526;-73.7562
63.65.171.0;63.65.171.255;38.9072;-77.0369
63.65.172.0;63.65.172.255;40.7128;-74.006
63.65.173.0;63.65.173.255;42.3601;-71.0589
63.65.174.0;63.65.175.255;40.7128;-74.006
63.65.176.0;63.65.179.255;33.4872;-112.068
63.65.180.0;63.65.180.255;40.7357;-74.1724
63.65.181.0;63.65.181.255;41.8774;-87.6356
63.65.182.0;63.65.182.191;33.0114;-97.0701
63.65.182.192;63.65.183.255;42.3601;-71.0589
63.65.184.0;63.65.184.255;42.6526;-73.7562
63.65.185.0;63.65.188.255;42.3601;-71.0589
63.65.189.0;63.65.189.255;42.6526;-73.7562
63.65.190.0;63.65.191.255;42.3601;-71.0589
63.65.192.0;63.65.192.255;40.7128;-74.006
63.65.193.0;63.65.193.255;39.0648;-77.51
63.65.194.0;63.65.194.255;42.3601;-71.0589
63.65.195.0;63.65.195.255;37.2375;-121.779
63.65.196.0;63.65.196.255;42.3723;-71.1235
63.65.197.0;63.65.199.55;42.3601;-71.0589
63.65.199.56;63.65.199.255;38.8943;-77.4311
63.65.200.0;63.65.200.255;34.6622;-120.478
63.65.201.0;63.65.201.255;42.6526;-73.7562
63.65.202.0;63.65.202.255;42.3601;-71.0589
63.65.203.0;63.65.203.255;40.0836;-74.9166
63.65.204.0;63.65.204.255;40.7128;-74.006
63.65.205.0;63.65.206.15;42.3601;-71.0589
63.65.206.16;63.65.206.231;40.0836;-74.9166
63.65.206.232;63.65.207.255;42.3601;-71.0589
63.65.208.0;63.65.208.255;35.1841;-80.7539
63.65.209.0;63.65.209.255;42.3601;-71.0589
63.65.210.0;63.65.210.255;42.4518;-71.375
63.65.211.0;63.65.212.255;40.7128;-74.006
63.65.213.0;63.65.213.255;33.8578;-84.1851
63.65.214.0;63.65.214.255;42.3601;-71.0589
63.65.215.0;63.65.215.255;40.7128;-74.006
63.65.216.0;63.65.216.255;43.303;-70.73
63.65.217.0;63.65.218.255;42.3601;-71.0589
63.65.219.0;63.65.219.255;40.7128;-74.006
63.65.220.0;63.65.220.255;42.6526;-73.7562
63.65.221.0;63.65.221.255;42.3601;-71.0589
63.65.222.0;63.65.222.255;42.6526;-73.7562
63.65.223.0;63.65.223.255;42.3601;-71.0589
63.65.224.0;63.65.224.255;42.5598;-71.433
63.65.225.0;63.65.225.255;40.751;-73.985
63.65.226.0;63.65.228.255;42.3601;-71.0589
63.65.229.0;63.65.229.255;42.4928;-82.9736
63.65.230.0;63.65.230.255;29.7846;-95.3727
63.65.231.0;63.65.231.255;35.1744;-89.8866
63.65.232.0;63.65.232.255;39.3726;-77.4353
63.65.233.0;63.65.233.255;42.3601;-71.0589
63.65.234.0;63.65.234.255;42.6526;-73.7562
63.65.235.0;63.65.235.255;40.7128;-74.006
63.65.236.0;63.65.237.255;29.7604;-95.3698
63.65.238.0;63.65.239.255;32.9232;-96.7758
63.65.240.0;63.65.240.255;39.0113;-77.4713
63.65.241.0;63.65.242.255;40.7128;-74.006
63.65.243.0;63.65.243.255;39.0113;-77.4713
63.65.244.0;63.65.244.247;32.5692;-117.097
63.65.244.248;63.65.245.255;39.0113;-77.4713
63.65.246.0;63.65.247.255;37.3751;-121.973
63.65.248.0;63.65.248.255;38.9072;-77.0369
63.65.249.0;63.65.251.255;42.3601;-71.0589
63.65.252.0;63.65.252.255;37.3751;-121.973
63.65.253.0;63.65.253.255;39.0113;-77.4713
63.65.254.0;63.65.254.255;42.3601;-71.0589
63.65.255.0;63.65.255.255;40.9615;-74.7737
63.66.0.0;63.66.0.255;42.3601;-71.0589
63.66.1.0;63.66.1.255;40.7357;-74.1724
63.66.2.0;63.66.2.255;38.8951;-77.0364
63.66.3.0;63.66.3.255;42.3601;-71.0589
63.66.4.0;63.66.4.255;42.6526;-73.7562
63.66.5.0;63.66.5.255;40.7638;-73.9748
63.66.6.0;63.66.6.255;41.1442;-73.4275
63.66.7.0;63.66.9.255;42.3601;-71.0589
63.66.10.0;63.66.10.255;40.7128;-74.006
63.66.11.0;63.66.13.255;42.3601;-71.0589
63.66.14.0;63.66.14.255;40.9171;-74.5805
63.66.15.0;63.66.15.255;38.9893;-76.506
63.66.16.0;63.66.16.255;40.7386;-73.9871
63.66.17.0;63.66.17.255;40.7128;-74.006
63.66.18.0;63.66.18.255;37.029;-88.533
63.66.19.0;63.66.20.63;40.7633;-73.9775
63.66.20.64;63.66.20.255;29.8712;-95.5678
63.66.21.0;63.66.21.255;40.7128;-74.006
63.66.22.0;63.66.22.255;42.3601;-71.0589
63.66.23.0;63.66.24.255;40.7128;-74.006
63.66.25.0;63.66.25.255;42.3601;-71.0589
63.66.26.0;63.66.26.255;32.4574;-93.8332
63.66.27.0;63.66.27.255;40.7128;-74.006
63.66.28.0;63.66.29.255;42.3601;-71.0589
63.66.30.0;63.66.30.255;29.8119;-95.4218
63.66.31.0;63.66.31.255;42.8166;-71.6489
63.66.32.0;63.66.32.255;42.6526;-73.7562
63.66.33.0;63.66.33.255;39.44;-76.611
63.66.34.0;63.66.34.255;42.3601;-71.0589
63.66.35.0;63.66.37.255;40.7128;-74.006
63.66.38.0;63.66.38.255;42.3601;-71.0589
63.66.39.0;63.66.39.255;38.9282;-76.9158
63.66.40.0;63.66.41.63;42.3601;-71.0589
63.66.41.64;63.66.41.255;39.662;-75.5668
63.66.42.0;63.66.43.255;42.3834;-71.0675
63.66.44.0;63.66.44.223;37.2375;-121.779
63.66.44.224;63.66.45.255;42.3601;-71.0589
63.66.46.0;63.66.46.255;40.7128;-74.006
63.66.47.0;63.66.47.255;40.6698;-75.3802
63.66.48.0;63.66.48.255;41.0462;-73.5631
63.66.49.0;63.66.49.255;42.6683;-70.9269
63.66.50.0;63.66.51.255;38.9049;-77.0445
63.66.52.0;63.66.52.255;42.3601;-71.0589
63.66.53.0;63.66.53.255;25.7744;-80.1944
63.66.54.0;63.66.54.255;40.7128;-74.006
63.66.55.0;63.66.55.255;37.2375;-121.781
63.66.56.0;63.66.56.255;42.3601;-71.0589
63.66.57.0;63.66.57.255;38.9497;-76.8332
63.66.58.0;63.66.58.255;42.3601;-71.0589
63.66.59.0;63.66.59.255;38.835;-77.3516
63.66.60.0;63.66.61.255;37.029;-88.533
63.66.62.0;63.66.63.255;42.7891;-78.6508
63.66.64.0;63.66.64.255;40.1059;-75.2753
63.66.65.0;63.66.65.255;36.0631;-79.948
63.66.66.0;63.66.66.255;38.962;-77.0875
63.66.67.0;63.66.67.255;41.8854;-87.6227
63.66.68.0;63.66.68.255;42.3601;-71.0589
63.66.69.0;63.66.69.255;36.8977;-76.1866
63.66.70.0;63.66.71.255;39.3626;-74.4279
63.66.72.0;63.66.72.255;41.7579;-91.6015
63.66.73.0;63.66.73.255;42.6503;-83.1632
63.66.74.0;63.66.76.255;42.3601;-71.0589
63.66.77.0;63.66.77.255;40.7128;-74.006
63.66.78.0;63.66.78.255;43.6476;-97.0786
63.66.79.0;63.66.79.255;36.0589;-95.8694
63.66.80.0;63.66.80.255;42.0654;-71.2478
63.66.81.0;63.66.84.255;42.3601;-71.0589
63.66.85.0;63.66.85.255;40.7128;-74.006
63.66.86.0;63.66.86.255;36.154;-95.9928
63.66.87.0;63.66.87.255;38.9048;-77.2232
63.66.88.0;63.66.88.255;40.7128;-74.006
63.66.89.0;63.66.92.255;42.3601;-71.0589
63.66.93.0;63.66.93.255;42.6526;-73.7562
63.66.94.0;63.66.94.255;40.7128;-74.006
63.66.95.0;63.66.96.255;42.3601;-71.0589
63.66.97.0;63.66.97.255;38.9072;-77.0369
63.66.98.0;63.66.99.255;40.8587;-73.3953
63.66.100.0;63.66.101.255;42.3601;-71.0589
63.66.102.0;63.66.102.255;41.5058;-81.6889
63.66.103.0;63.66.105.255;42.6072;-72.7378
63.66.106.0;63.66.106.255;42.6526;-73.7562
63.66.107.0;63.66.107.255;42.3601;-71.0589
63.66.108.0;63.66.108.255;41.865;-87.9495
63.66.109.0;63.66.109.255;45.5196;-122.677
63.66.110.0;63.66.111.255;42.3601;-71.0589
63.66.112.0;63.66.113.255;42.117;-72.5469
63.66.114.0;63.66.114.255;29.5427;-90.3381
63.66.115.0;63.66.115.255;42.3601;-71.0589
63.66.116.0;63.66.116.255;40.7128;-74.006
63.66.117.0;63.66.117.255;47.6106;-122.182
63.66.118.0;63.66.118.255;42.1767;-71.1907
63.66.119.0;63.66.119.255;41.8802;-87.8644
63.66.120.0;63.66.121.255;42.1767;-71.1907
63.66.122.0;63.66.122.255;40.7128;-74.006
63.66.123.0;63.66.123.255;40.4807;-88.9943
63.66.124.0;63.66.127.255;41.5058;-81.6889
63.66.128.0;63.66.128.255;42.3601;-71.0589
63.66.129.0;63.66.129.255;37.6608;-77.574
63.66.130.0;63.66.130.255;41.5582;-73.0515
63.66.131.0;63.66.131.255;40.7128;-74.006
63.66.132.0;63.66.135.255;37.6608;-77.574
63.66.136.0;63.66.136.255;40.7128;-74.006
63.66.137.0;63.66.137.255;35.9846;-80.0139
63.66.138.0;63.66.139.255;42.3601;-71.0589
63.66.140.0;63.66.140.255;38.6586;-77.2944
63.66.141.0;63.66.141.255;42.3601;-71.0589
63.66.142.0;63.66.142.255;40.7128;-74.006
63.66.143.0;63.66.143.255;42.3601;-71.0589
63.66.144.0;63.66.144.255;42.6526;-73.7562
63.66.145.0;63.66.145.255;40.7128;-74.006
63.66.146.0;63.66.147.255;42.6526;-73.7562
63.66.148.0;63.66.151.255;42.3601;-71.0589
63.66.152.0;63.66.152.255;40.5357;-74.3755
63.66.153.0;63.66.153.255;40.7276;-73.9881
63.66.154.0;63.66.155.255;42.3601;-71.0589
63.66.156.0;63.66.156.255;40.7128;-74.006
63.66.157.0;63.66.157.255;36.1471;-115.162
63.66.158.0;63.66.158.255;40.7128;-74.006
63.66.159.0;63.66.159.255;42.3601;-71.0589
63.66.160.0;63.66.163.255;39.6292;-79.9566
63.66.164.0;63.66.164.255;38.7708;-90.3979
63.66.165.0;63.66.165.255;40.7128;-74.006
63.66.166.0;63.66.166.255;42.3601;-71.0589
63.66.167.0;63.66.167.255;40.9099;-74.0341
63.66.168.0;63.66.169.255;42.3601;-71.0589
63.66.170.0;63.66.171.255;40.7128;-74.006
63.66.172.0;63.66.172.255;29.7311;-95.466
63.66.173.0;63.66.173.255;36.1812;-80.282
63.66.174.0;63.66.174.255;31.8585;-102.36
63.66.175.0;63.66.175.255;40.7043;-74.0083
63.66.176.0;63.66.176.255;40.7128;-74.006
63.66.177.0;63.66.177.255;42.6526;-73.7562
63.66.178.0;63.66.178.255;42.3601;-71.0589
63.66.179.0;63.66.179.255;40.7128;-74.006
63.66.180.0;63.66.180.255;42.3601;-71.0589
63.66.181.0;63.66.181.255;40.7128;-74.006
63.66.182.0;63.66.184.255;42.3601;-71.0589
63.66.185.0;63.66.186.255;40.7128;-74.006
63.66.187.0;63.66.187.255;42.3601;-71.0589
63.66.188.0;63.66.188.255;39.0113;-77.4713
63.66.189.0;63.66.189.255;40.7128;-74.006
63.66.190.0;63.66.191.255;42.3601;-71.0589
63.66.192.0;63.66.193.255;29.1756;-81.0311
63.66.194.0;63.66.194.255;29.733;-95.4194
63.66.195.0;63.66.195.255;37.798;-122.402
63.66.196.0;63.66.197.255;42.9119;-85.5904
63.66.198.0;63.66.199.255;40.7128;-74.006
63.66.200.0;63.66.200.255;33.1332;-117.058
63.66.201.0;63.66.202.255;42.3601;-71.0589
63.66.203.0;63.66.204.127;40.7128;-74.006
63.66.204.128;63.66.204.255;40.3776;-105.137
63.66.205.0;63.66.205.255;42.3601;-71.0589
63.66.206.0;63.66.206.255;40.7128;-74.006
63.66.207.0;63.66.207.255;42.3601;-71.0589
63.66.208.0;63.66.223.255;38.8665;-77.2341
63.66.224.0;63.66.224.255;42.6526;-73.7562
63.66.225.0;63.66.226.255;42.3601;-71.0589
63.66.227.0;63.66.227.255;42.6526;-73.7562
63.66.228.0;63.66.228.255;40.7425;-73.9946
63.66.229.0;63.66.231.255;42.3601;-71.0589
63.66.232.0;63.66.233.255;40.7654;-85.1635
63.66.234.0;63.66.234.255;40.7128;-74.006
63.66.235.0;63.66.236.255;42.3601;-71.0589
63.66.237.0;63.66.237.255;35.1752;-89.7418
63.66.238.0;63.66.238.255;42.3601;-71.0589
63.66.239.0;63.66.239.255;40.8719;-74.056
63.66.240.0;63.66.240.255;41.8768;-87.6533
63.66.241.0;63.66.241.255;42.3601;-71.0589
63.66.242.0;63.66.243.255;32.3312;-90.1342
63.66.244.0;63.66.244.255;31.805;-106.561
63.66.245.0;63.66.245.255;40.765;-73.9832
63.66.246.0;63.66.246.255;41.4339;-97.359
63.66.247.0;63.66.247.255;34.0406;-84.5709
63.66.248.0;63.66.248.255;40.7128;-74.006
63.66.249.0;63.66.249.255;42.3601;-71.0589
63.66.250.0;63.66.250.255;42.6526;-73.7562
63.66.251.0;63.66.251.255;25.7756;-80.1882
63.66.252.0;63.66.252.255;42.3601;-71.0589
63.66.253.0;63.66.253.255;40.7128;-74.006
63.66.254.0;63.66.254.255;42.6526;-73.7562
63.66.255.0;63.66.255.255;42.3601;-71.0589
63.67.0.0;63.67.0.255;39.779;-75.5983
63.67.1.0;63.67.1.255;40.7128;-74.006
63.67.2.0;63.67.2.255;37.4683;-121.937
63.67.3.0;63.67.3.255;42.3601;-71.0589
63.67.4.0;63.67.4.255;40.1796;-74.8552
63.67.5.0;63.67.5.255;42.6526;-73.7562
63.67.6.0;63.67.6.255;36.3354;-92.3813
63.67.7.0;63.67.7.223;33.1929;-96.6956
63.67.7.224;63.67.8.255;42.3601;-71.0589
63.67.9.0;63.67.9.255;40.7128;-74.006
63.67.10.0;63.67.10.255;42.3601;-71.0589
63.67.11.0;63.67.11.255;40.7128;-74.006
63.67.12.0;63.67.12.255;42.3601;-71.0589
63.67.13.0;63.67.13.255;42.6526;-73.7562
63.67.14.0;63.67.15.255;40.7128;-74.006
63.67.16.0;63.67.16.255;42.3601;-71.0589
63.67.17.0;63.67.17.255;40.1631;-110.401
63.67.18.0;63.67.18.255;42.3601;-71.0589
63.67.19.0;63.67.19.255;42.6526;-73.7562
63.67.20.0;63.67.20.255;29.7576;-95.3689
63.67.21.0;63.67.21.255;37.6872;-97.3301
63.67.22.0;63.67.22.255;33.8492;-84.3632
63.67.23.0;63.67.23.255;34.0594;-118.414
63.67.24.0;63.67.25.255;40.7128;-74.006
63.67.26.0;63.67.26.255;37.8427;-122.297
63.67.27.0;63.67.27.255;30.3831;-91.0441
63.67.28.0;63.67.28.255;32.4851;-93.7121
63.67.29.0;63.67.30.255;42.3601;-71.0589
63.67.31.0;63.67.31.255;40.8482;-74.4292
63.67.32.0;63.67.35.255;38.594;-121.547
63.67.36.0;63.67.37.255;39.7726;-104.9
63.67.38.0;63.67.38.255;39.9529;-75.171
63.67.39.0;63.67.39.255;40.7128;-74.006
63.67.40.0;63.67.40.255;37.5809;-77.4139
63.67.41.0;63.67.41.255;42.3601;-71.0589
63.67.42.0;63.67.42.255;41.058;-74.0638
63.67.43.0;63.67.43.255;37.6872;-97.3301
63.67.44.0;63.67.44.255;42.3601;-71.0589
63.67.45.0;63.67.45.255;40.7128;-74.006
63.67.46.0;63.67.46.255;41.5855;-93.6254
63.67.47.0;63.67.47.255;40.7128;-74.006
63.67.48.0;63.67.48.255;37.381;-121.941
63.67.49.0;63.67.51.255;42.3601;-71.0589
63.67.52.0;63.67.53.255;41.8837;-87.64
63.67.54.0;63.67.54.255;40.7128;-74.006
63.67.55.0;63.67.55.255;40.6484;-74.2821
63.67.56.0;63.67.56.255;42.3601;-71.0589
63.67.57.0;63.67.57.255;32.935;-97.1074
63.67.58.0;63.67.58.255;40.7128;-74.006
63.67.59.0;63.67.59.127;42.0645;-88.1487
63.67.59.128;63.67.64.31;42.3601;-71.0589
63.67.64.32;63.67.64.255;35.837;-78.6401
63.67.65.0;63.67.65.255;34.0831;-118.321
63.67.66.0;63.67.66.255;37.3975;-122.047
63.67.67.0;63.67.67.255;42.2418;-71.1662
63.67.68.0;63.67.71.255;48.0795;-123.098
63.67.72.0;63.67.72.255;33.6656;-117.749
63.67.73.0;63.67.73.255;39.0927;-77.1775
63.67.74.0;63.67.74.255;42.3601;-71.0589
63.67.75.0;63.67.75.255;43.1127;-89.5734
63.67.76.0;63.67.76.255;37.1826;-93.2916
63.67.77.0;63.67.77.255;40.7128;-74.006
63.67.78.0;63.67.84.255;42.3601;-71.0589
63.67.85.0;63.67.85.255;42.6526;-73.7562
63.67.86.0;63.67.86.255;39.6857;-75.6098
63.67.87.0;63.67.87.255;42.3601;-71.0589
63.67.88.0;63.67.89.255;33.2706;-93.2266
63.67.90.0;63.67.90.255;42.0033;-87.8664
63.67.91.0;63.67.91.255;37.7952;-122.404
63.67.92.0;63.67.92.255;42.3601;-71.0589
63.67.93.0;63.67.93.255;42.6526;-73.7562
63.67.94.0;63.67.94.255;37.1644;-76.5481
63.67.95.0;63.67.95.255;40.7128;-74.006
63.67.96.0;63.67.99.255;42.7118;-71.5564
63.67.100.0;63.67.100.255;32.9694;-97.2993
63.67.101.0;63.67.101.255;37.403;-122.056
63.67.102.0;63.67.102.255;42.6526;-73.7562
63.67.103.0;63.67.103.255;40.7128;-74.006
63.67.104.0;63.67.104.255;42.6526;-73.7562
63.67.105.0;63.67.105.255;38.8954;-77.0123
63.67.106.0;63.67.107.255;40.7128;-74.006
63.67.108.0;63.67.108.255;42.6526;-73.7562
63.67.109.0;63.67.109.255;40.7128;-74.006
63.67.110.0;63.67.110.255;42.6526;-73.7562
63.67.111.0;63.67.111.255;42.3601;-71.0589
63.67.112.0;63.67.113.255;36.8366;-119.81
63.67.114.0;63.67.114.255;44.8961;-93.4178
63.67.115.0;63.67.116.255;40.7128;-74.006
63.67.117.0;63.67.117.255;39.0113;-77.4713
63.67.118.0;63.67.118.255;42.3601;-71.0589
63.67.119.0;63.67.119.255;40.7128;-74.006
63.67.120.0;63.67.123.255;40.8813;-79.8991
63.67.124.0;63.67.124.255;34.019;-84.1605
63.67.125.0;63.67.125.255;42.3601;-71.0589
63.67.126.0;63.67.126.255;42.6526;-73.7562
63.67.127.0;63.67.127.255;42.3601;-71.0589
63.67.128.0;63.67.128.255;39.2861;-76.6098
63.67.129.0;63.67.129.255;40.7399;-73.9904
63.67.130.0;63.67.130.255;42.6526;-73.7562
63.67.131.0;63.67.131.255;37.6872;-97.3301
63.67.132.0;63.67.132.255;37.5621;-122.286
63.67.133.0;63.67.133.255;40.7128;-74.006
63.67.134.0;63.67.134.255;35.8708;-78.6331
63.67.135.0;63.67.135.255;40.7128;-74.006
63.67.136.0;63.67.137.255;42.3601;-71.0589
63.67.138.0;63.67.138.255;40.7128;-74.006
63.67.139.0;63.67.139.255;42.3601;-71.0589
63.67.140.0;63.67.140.255;41.7809;-72.6212
63.67.141.0;63.67.141.255;42.3601;-71.0589
63.67.142.0;63.67.142.255;37.4084;-121.954
63.67.143.0;63.67.143.255;42.3601;-71.0589
63.67.144.0;63.67.144.255;32.813;-96.7545
63.67.145.0;63.67.145.255;40.8429;-74.4514
63.67.146.0;63.67.146.255;40.7128;-74.006
63.67.147.0;63.67.147.95;40.7671;-73.415
63.67.147.96;63.67.148.255;42.6526;-73.7562
63.67.149.0;63.67.149.255;33.0202;-96.7183
63.67.150.0;63.67.150.255;42.3601;-71.0589
63.67.151.0;63.67.151.255;30.6432;-88.0696
63.67.152.0;63.67.152.255;42.3601;-71.0589
63.67.153.0;63.67.153.255;41.6861;-71.1413
63.67.154.0;63.67.154.255;40.7128;-74.006
63.67.155.0;63.67.157.255;42.3601;-71.0589
63.67.158.0;63.67.158.255;33.3651;-82.4011
63.67.159.0;63.67.159.255;42.3601;-71.0589
63.67.160.0;63.67.167.255;37.5407;-77.4361
63.67.168.0;63.67.169.255;40.7128;-74.006
63.67.170.0;63.67.171.255;40.7133;-111.981
63.67.172.0;63.67.174.255;36.0943;-79.2653
63.67.175.0;63.67.175.255;42.6526;-73.7562
63.67.176.0;63.67.176.255;42.3601;-71.0589
63.67.177.0;63.67.178.255;40.7128;-74.006
63.67.179.0;63.67.179.255;40.2275;-76.7854
63.67.180.0;63.67.183.255;33.3641;-111.924
63.67.184.0;63.67.184.255;42.3601;-71.0589
63.67.185.0;63.67.185.255;40.7062;-74.0068
63.67.186.0;63.67.187.255;42.3601;-71.0589
63.67.188.0;63.67.188.255;42.3308;-83.0481
63.67.189.0;63.67.189.255;40.7128;-74.006
63.67.190.0;63.67.190.255;38.6467;-90.5112
63.67.191.0;63.67.192.63;42.3601;-71.0589
63.67.192.64;63.67.192.255;34.0861;-118.486
63.67.193.0;63.67.193.255;33.4832;-111.701
63.67.194.0;63.67.194.255;40.7128;-74.006
63.67.195.0;63.67.195.255;42.6526;-73.7562
63.67.196.0;63.67.196.255;40.8119;-73.2533
63.67.197.0;63.67.197.191;37.2263;-121.864
63.67.197.192;63.67.198.255;42.3601;-71.0589
63.67.199.0;63.67.199.255;40.7128;-74.006
63.67.200.0;63.67.200.255;42.3601;-71.0589
63.67.201.0;63.67.201.127;32.8838;-96.6913
63.67.201.128;63.67.203.255;42.3601;-71.0589
63.67.204.0;63.67.204.255;40.3493;-74.662
63.67.205.0;63.67.206.255;42.3601;-71.0589
63.67.207.0;63.67.207.255;40.7128;-74.006
63.67.208.0;63.67.209.127;42.3601;-71.0589
63.67.209.128;63.67.209.255;41.7996;-88.2082
63.67.210.0;63.67.210.255;28.0363;-82.6543
63.67.211.0;63.67.211.255;42.1296;-88.1323
63.67.212.0;63.67.212.255;42.6526;-73.7562
63.67.213.0;63.67.218.255;42.3601;-71.0589
63.67.219.0;63.67.219.255;42.6526;-73.7562
63.67.220.0;63.67.220.255;40.7128;-74.006
63.67.221.0;63.67.221.255;40.7664;-73.9056
63.67.222.0;63.67.223.255;42.631;-83.2221
63.67.224.0;63.67.231.255;34.1545;-118.653
63.67.232.0;63.67.232.255;39.7214;-121.821
63.67.233.0;63.67.233.255;37.7942;-122.397
63.67.234.0;63.67.237.255;42.3601;-71.0589
63.67.238.0;63.67.238.255;38.9625;-78.8244
63.67.239.0;63.67.239.255;40.7128;-74.006
63.67.240.0;63.67.241.255;38.9625;-78.8244
63.67.242.0;63.67.242.255;40.7128;-74.006
63.67.243.0;63.67.243.255;42.6526;-73.7562
63.67.244.0;63.67.245.255;40.9142;-74.7298
63.67.246.0;63.67.246.255;39.0113;-77.4713
63.67.247.0;63.67.247.255;42.6526;-73.7562
63.67.248.0;63.67.248.255;37.3721;-121.903
63.67.249.0;63.67.250.255;42.3601;-71.0589
63.67.251.0;63.67.251.255;39.1072;-77.1996
63.67.252.0;63.67.252.255;42.3601;-71.0589
63.67.253.0;63.67.253.255;42.6526;-73.7562
63.67.254.0;63.67.254.255;42.3601;-71.0589
63.67.255.0;63.67.255.255;40.7128;-74.006
63.68.0.0;63.68.0.255;39.9501;-75.1468
63.68.1.0;63.68.1.255;42.7066;-71.1297
63.68.2.0;63.68.2.255;35.1445;-89.9945
63.68.3.0;63.68.3.255;42.3843;-71.2008
63.68.4.0;63.68.5.255;37.4772;-121.945
63.68.6.0;63.68.6.255;40.7128;-74.006
63.68.7.0;63.68.7.255;42.6526;-73.7562
63.68.8.0;63.68.10.255;42.3601;-71.0589
63.68.11.0;63.68.12.255;40.7128;-74.006
63.68.13.0;63.68.13.255;39.897;-75.0328
63.68.14.0;63.68.14.255;39.6733;-104.87
63.68.15.0;63.68.15.255;42.0078;-87.8332
63.68.16.0;63.68.16.255;33.483;-86.704
63.68.17.0;63.68.17.255;42.3162;-71.3347
63.68.18.0;63.68.18.255;42.6526;-73.7562
63.68.19.0;63.68.19.255;42.3601;-71.0589
63.68.20.0;63.68.23.255;42.6153;-71.3255
63.68.24.0;63.68.24.255;42.3601;-71.0589
63.68.25.0;63.68.25.255;44.4927;-88.0345
63.68.26.0;63.68.26.255;42.3601;-71.0589
63.68.27.0;63.68.27.255;40.1524;-74.0293
63.68.28.0;63.68.29.255;42.3601;-71.0589
63.68.30.0;63.68.30.255;40.7128;-74.006
63.68.31.0;63.68.31.255;42.3601;-71.0589
63.68.32.0;63.68.32.255;30.287;-97.7458
63.68.33.0;63.68.33.255;40.7128;-74.006
63.68.34.0;63.68.35.255;42.3601;-71.0589
63.68.36.0;63.68.36.255;48.9049;-115.057
63.68.37.0;63.68.37.255;42.3601;-71.0589
63.68.38.0;63.68.39.255;29.1756;-81.0311
63.68.40.0;63.68.40.255;42.3601;-71.0589
63.68.41.0;63.68.41.255;40.7128;-74.006
63.68.42.0;63.68.42.255;40.8188;-74.0938
63.68.43.0;63.68.43.255;32.9087;-96.7295
63.68.44.0;63.68.44.255;26.3423;-80.0866
63.68.45.0;63.68.45.255;39.909;-74.8175
63.68.46.0;63.68.46.255;39.0614;-76.9626
63.68.47.0;63.68.49.127;42.3601;-71.0589
63.68.49.128;63.68.49.215;35.2271;-80.8431
63.68.49.216;63.68.50.255;42.3601;-71.0589
63.68.51.0;63.68.51.255;40.7419;-73.9856
63.68.52.0;63.68.52.255;38.8146;-77.0441
63.68.53.0;63.68.53.255;34.0575;-84.1691
63.68.54.0;63.68.54.255;42.3601;-71.0589
63.68.55.0;63.68.55.255;42.6526;-73.7562
63.68.56.0;63.68.59.255;39.0922;-77.1539
63.68.60.0;63.68.60.255;42.3601;-71.0589
63.68.61.0;63.68.61.255;33.9079;-117.86
63.68.62.0;63.68.65.255;42.3601;-71.0589
63.68.66.0;63.68.66.255;28.0478;-81.8592
63.68.67.0;63.68.67.255;34.3075;-118.431
63.68.68.0;63.68.68.255;32.948;-96.8249
63.68.69.0;63.68.69.255;42.3601;-71.0589
63.68.70.0;63.68.70.255;42.6526;-73.7562
63.68.71.0;63.68.73.255;42.3601;-71.0589
63.68.74.0;63.68.74.255;40.7128;-74.006
63.68.75.0;63.68.75.255;42.6526;-73.7562
63.68.76.0;63.68.78.255;42.3601;-71.0589
63.68.79.0;63.68.79.255;40.7128;-74.006
63.68.80.0;63.68.80.255;37.7952;-122.401
63.68.81.0;63.68.81.255;39.7187;-104.96
63.68.82.0;63.68.82.255;40.1305;-88.2533
63.68.83.0;63.68.83.255;39.9536;-75.1747
63.68.84.0;63.68.84.255;40.7128;-74.006
63.68.85.0;63.68.85.255;32.8085;-96.8009
63.68.86.0;63.68.87.255;42.7716;-71.2455
63.68.88.0;63.68.88.255;41.8915;-87.6314
63.68.89.0;63.68.89.255;42.3601;-71.0589
63.68.90.0;63.68.90.255;36.7347;-119.789
63.68.91.0;63.68.92.255;42.6526;-73.7562
63.68.93.0;63.68.93.255;42.3601;-71.0589
63.68.94.0;63.68.94.255;41.0627;-73.8406
63.68.95.0;63.68.95.255;32.9636;-96.7408
63.68.96.0;63.68.96.255;42.3601;-71.0589
63.68.97.0;63.68.97.255;41.8765;-87.6247
63.68.98.0;63.68.99.255;40.7128;-74.006
63.68.100.0;63.68.103.255;36.7349;-119.791
63.68.104.0;63.68.105.255;41.5058;-81.6889
63.68.106.0;63.68.106.255;42.6526;-73.7562
63.68.107.0;63.68.107.255;42.3601;-71.0589
63.68.108.0;63.68.109.255;41.5058;-81.6889
63.68.110.0;63.68.110.255;42.3601;-71.0589
63.68.111.0;63.68.111.255;41.8823;-87.6312
63.68.112.0;63.68.112.255;38.9312;-94.6385
63.68.113.0;63.68.113.255;42.3601;-71.0589
63.68.114.0;63.68.114.255;41.2335;-96.0494
63.68.115.0;63.68.116.255;40.7128;-74.006
63.68.117.0;63.68.117.255;42.3601;-71.0589
63.68.118.0;63.68.118.255;32.7466;-97.0661
63.68.119.0;63.68.119.255;25.7903;-80.1344
63.68.120.0;63.68.121.255;42.6526;-73.7562
63.68.122.0;63.68.122.255;38.9858;-77.4458
63.68.123.0;63.68.123.255;42.3601;-71.0589
63.68.124.0;63.68.124.255;41.8873;-87.6201
63.68.125.0;63.68.126.255;42.3601;-71.0589
63.68.127.0;63.68.127.255;40.7128;-74.006
63.68.128.0;63.68.128.255;38.8657;-77.3645
63.68.129.0;63.68.129.255;38.9021;-77.0382
63.68.130.0;63.68.130.255;42.6526;-73.7562
63.68.131.0;63.68.131.255;37.7099;-78.9425
63.68.132.0;63.68.132.255;40.2597;-77.0309
63.68.133.0;63.68.133.255;42.3601;-71.0589
63.68.134.0;63.68.134.255;39.1878;-76.7432
63.68.135.0;63.68.135.255;39.3325;-76.4926
63.68.136.0;63.68.137.255;38.9072;-77.0369
63.68.138.0;63.68.139.255;39.011;-77.4711
63.68.140.0;63.68.143.255;39.0587;-76.9645
63.68.144.0;63.68.147.255;42.3502;-71.0585
63.68.148.0;63.68.148.255;51.9091;8.42106
63.68.149.0;63.68.149.255;35.0048;-81.9174
63.68.150.0;63.68.150.255;37.9046;-122.316
63.68.151.0;63.68.151.255;33.8358;-118.341
63.68.152.0;63.68.152.255;40.2093;-74.7542
63.68.153.0;63.68.153.255;39.011;-77.4711
63.68.154.0;63.68.154.255;41.1464;-73.4968
63.68.155.0;63.68.155.255;38.3472;-77.0631
63.68.156.0;63.68.156.255;39.1039;-77.1895
63.68.157.0;63.68.157.255;35.9051;-78.8565
63.68.158.0;63.68.158.255;34.1803;-77.9351
63.68.159.0;63.68.159.255;39.011;-77.4711
63.68.160.0;63.68.160.255;42.6526;-73.7562
63.68.161.0;63.68.161.255;42.3601;-71.0589
63.68.162.0;63.68.163.255;40.7128;-74.006
63.68.164.0;63.68.164.255;42.3601;-71.0589
63.68.165.0;63.68.166.255;40.7128;-74.006
63.68.167.0;63.68.167.255;42.3601;-71.0589
63.68.168.0;63.68.171.255;37.015;-88.5261
63.68.172.0;63.68.172.255;40.8135;-74.2167
63.68.173.0;63.68.173.255;30.3276;-81.6624
63.68.174.0;63.68.174.255;41.2641;-96.0536
63.68.175.0;63.68.175.255;33.7864;-117.881
63.68.176.0;63.68.176.255;39.9737;-76.6864
63.68.177.0;63.68.177.255;42.6526;-73.7562
63.68.178.0;63.68.179.255;38.8943;-77.4311
63.68.180.0;63.68.181.159;42.3601;-71.0589
63.68.181.160;63.68.181.255;40.8576;-74.3378
63.68.182.0;63.68.182.255;39.1072;-77.1996
63.68.183.0;63.68.183.255;42.3601;-71.0589
63.68.184.0;63.68.184.255;39.108;-77.1513
63.68.185.0;63.68.185.255;38.572;-109.548
63.68.186.0;63.68.186.255;39.7795;-104.924
63.68.187.0;63.68.187.255;33.0261;-96.7115
63.68.188.0;63.68.188.191;42.3601;-71.0589
63.68.188.192;63.68.189.255;39.7795;-104.924
63.68.190.0;63.68.191.255;38.8943;-77.4311
63.68.192.0;63.68.192.255;42.6526;-73.7562
63.68.193.0;63.68.193.255;32.4998;-92.1497
63.68.194.0;63.68.194.255;42.3601;-71.0589
63.68.195.0;63.68.195.255;29.9638;-90.0572
63.68.196.0;63.68.196.255;42.3601;-71.0589
63.68.197.0;63.68.199.255;40.7128;-74.006
63.68.200.0;63.68.200.255;40.3194;-79.5444
63.68.201.0;63.68.201.255;39.9242;-86.1571
63.68.202.0;63.68.203.255;42.3601;-71.0589
63.68.204.0;63.68.204.255;42.6526;-73.7562
63.68.205.0;63.68.205.255;42.3601;-71.0589
63.68.206.0;63.68.206.255;42.6526;-73.7562
63.68.207.0;63.68.207.255;42.3601;-71.0589
63.68.208.0;63.68.208.255;40.7128;-74.006
63.68.209.0;63.68.209.255;42.3601;-71.0589
63.68.210.0;63.68.210.255;31.8587;-106.547
63.68.211.0;63.68.211.255;38.6521;-90.3491
63.68.212.0;63.68.212.255;25.7534;-80.2592
63.68.213.0;63.68.213.255;42.3601;-71.0589
63.68.214.0;63.68.214.255;40.7128;-74.006
63.68.215.0;63.68.215.255;42.3601;-71.0589
63.68.216.0;63.68.216.255;35.1308;-118.448
63.68.217.0;63.68.217.255;47.5813;-122.155
63.68.218.0;63.68.219.255;40.7952;-81.5246
63.68.220.0;63.68.220.255;26.6737;-81.8777
63.68.221.0;63.68.221.255;40.7128;-74.006
63.68.222.0;63.68.227.255;36.8478;-76.1794
63.68.228.0;63.68.228.255;29.5481;-98.477
63.68.229.0;63.68.229.255;40.8351;-74.1629
63.68.230.0;63.68.230.255;38.8368;-77.1044
63.68.231.0;63.68.232.255;40.7128;-74.006
63.68.233.0;63.68.233.255;41.5532;-81.5612
63.68.234.0;63.68.234.255;40.4051;-74.6574
63.68.235.0;63.68.235.255;42.3601;-71.0589
63.68.236.0;63.68.239.255;34.1109;-84.2049
63.68.240.0;63.68.240.255;25.8936;-80.2904
63.68.241.0;63.68.241.255;40.7128;-74.006
63.68.242.0;63.68.242.255;33.457;-86.8397
63.68.243.0;63.68.243.255;40.7516;-74.0066
63.68.244.0;63.68.244.255;40.0969;-74.9461
63.68.245.0;63.68.245.255;39.1253;-84.5087
63.68.246.0;63.68.246.255;40.7128;-74.006
63.68.247.0;63.68.249.255;42.3601;-71.0589
63.68.250.0;63.68.250.255;40.7128;-74.006
63.68.251.0;63.68.252.255;42.3601;-71.0589
63.68.253.0;63.68.253.255;42.6526;-73.7562
63.68.254.0;63.68.254.255;34.7569;-82.477
63.68.255.0;63.68.255.255;39.2834;-76.6203
63.69.0.0;63.69.0.255;40.7128;-74.006
63.69.1.0;63.69.1.255;42.3601;-71.0589
63.69.2.0;63.69.2.255;42.6526;-73.7562
63.69.3.0;63.69.4.255;40.7128;-74.006
63.69.5.0;63.69.5.255;40.2097;-75.1037
63.69.6.0;63.69.6.255;42.3601;-71.0589
63.69.7.0;63.69.7.255;40.7223;-74
63.69.8.0;63.69.8.255;32.7802;-96.8035
63.69.9.0;63.69.9.255;40.7128;-74.006
63.69.10.0;63.69.10.255;39.6952;-104.997
63.69.11.0;63.69.11.255;34.1381;-118.361
63.69.12.0;63.69.12.255;32.8574;-96.8725
63.69.13.0;63.69.13.255;37.7916;-122.398
63.69.14.0;63.69.15.255;42.3601;-71.0589
63.69.16.0;63.69.23.255;25.651;-80.335
63.69.24.0;63.69.24.255;42.3601;-71.0589
63.69.25.0;63.69.25.255;42.6526;-73.7562
63.69.26.0;63.69.26.255;38.911;-77.2216
63.69.27.0;63.69.27.255;42.6526;-73.7562
63.69.28.0;63.69.29.255;37.5025;-77.6557
63.69.30.0;63.69.31.255;42.3601;-71.0589
63.69.32.0;63.69.32.255;38.3313;-88.9271
63.69.33.0;63.69.33.255;42.3601;-71.0589
63.69.34.0;63.69.34.255;40.7128;-74.006
63.69.35.0;63.69.35.255;42.6526;-73.7562
63.69.36.0;63.69.37.255;34.271;-118.502
63.69.38.0;63.69.38.255;47.6279;-122.375
63.69.39.0;63.69.39.255;34.271;-118.502
63.69.40.0;63.69.47.255;33.9042;-84.4858
63.69.48.0;63.69.49.255;37.5388;-120.895
63.69.50.0;63.69.50.255;43.1857;-87.9695
63.69.51.0;63.69.51.255;42.3601;-71.0589
63.69.52.0;63.69.52.255;28.0834;-82.4004
63.69.53.0;63.69.53.199;29.7558;-95.3639
63.69.53.200;63.69.55.255;40.7128;-74.006
63.69.56.0;63.69.57.255;41.2847;-84.3615
63.69.58.0;63.69.58.255;41.2961;-84.3602
63.69.59.0;63.69.59.255;41.4093;-84.1089
63.69.60.0;63.69.60.255;40.7128;-74.006
63.69.61.0;63.69.61.255;30.3089;-97.7549
63.69.62.0;63.69.62.255;32.7991;-96.8079
63.69.63.0;63.69.63.255;42.3601;-71.0589
63.69.64.0;63.69.64.255;39.8902;-75.1868
63.69.65.0;63.69.65.255;42.3601;-71.0589
63.69.66.0;63.69.66.255;39.0979;-77.1793
63.69.67.0;63.69.67.255;39.1928;-76.8172
63.69.68.0;63.69.68.255;40.8285;-75.9889
63.69.69.0;63.69.69.255;35.8246;-78.6093
63.69.70.0;63.69.71.255;39.1744;-76.7295
63.69.72.0;63.69.75.255;39.0587;-76.9645
63.69.76.0;63.69.77.255;38.9305;-77.2158
63.69.78.0;63.69.79.255;38.9072;-77.0369
63.69.80.0;63.69.80.255;42.3601;-71.0589
63.69.81.0;63.69.81.255;42.5098;-70.9495
63.69.82.0;63.69.82.255;34.1381;-118.361
63.69.83.0;63.69.83.255;40.7511;-73.9738
63.69.84.0;63.69.84.255;42.3601;-71.0589
63.69.85.0;63.69.85.255;38.9396;-94.5304
63.69.86.0;63.69.86.255;37.5407;-77.4361
63.69.87.0;63.69.87.255;41.0193;-73.6835
63.69.88.0;63.69.88.255;42.3601;-71.0589
63.69.89.0;63.69.89.255;39.769;-86.1614
63.69.90.0;63.69.90.255;42.6526;-73.7562
63.69.91.0;63.69.91.255;42.3601;-71.0589
63.69.92.0;63.69.92.255;42.6526;-73.7562
63.69.93.0;63.69.93.255;42.3601;-71.0589
63.69.94.0;63.69.94.255;42.6526;-73.7562
63.69.95.0;63.69.95.255;40.7128;-74.006
63.69.96.0;63.69.96.255;42.3601;-71.0589
63.69.97.0;63.69.97.255;36.0569;-79.65
63.69.98.0;63.69.98.255;41.824;-71.4128
63.69.99.0;63.69.99.255;42.3601;-71.0589
63.69.100.0;63.69.101.255;32.9543;-96.7069
63.69.102.0;63.69.102.255;42.3601;-71.0589
63.69.103.0;63.69.103.255;37.2087;-93.2906
63.69.104.0;63.69.104.255;42.3601;-71.0589
63.69.105.0;63.69.105.255;40.7405;-73.9823
63.69.106.0;63.69.106.255;42.3249;-83.2094
63.69.107.0;63.69.107.255;32.871;-96.9332
63.69.108.0;63.69.108.255;38.8938;-77.0489
63.69.109.0;63.69.110.255;42.3601;-71.0589
63.69.111.0;63.69.113.255;42.6526;-73.7562
63.69.114.0;63.69.116.255;42.3601;-71.0589
63.69.117.0;63.69.117.255;40.7128;-74.006
63.69.118.0;63.69.118.255;38.9214;-97.2146
63.69.119.0;63.69.119.255;41.9875;-70.9746
63.69.120.0;63.69.120.255;26.2625;-98.2017
63.69.121.0;63.69.121.255;42.3601;-71.0589
63.69.122.0;63.69.122.255;40.7128;-74.006
63.69.123.0;63.69.125.255;42.3601;-71.0589
63.69.126.0;63.69.126.255;42.6526;-73.7562
63.69.127.0;63.69.127.255;33.2923;-86.7856
63.69.128.0;63.69.128.255;33.9198;-118.39
63.69.129.0;63.69.130.255;40.7128;-74.006
63.69.131.0;63.69.131.255;42.3239;-88.1477
63.69.132.0;63.69.133.255;29.7416;-95.4846
63.69.134.0;63.69.135.255;42.3132;-71.5789
63.69.136.0;63.69.143.255;29.7416;-95.4846
63.69.144.0;63.69.145.255;42.3601;-71.0589
63.69.146.0;63.69.146.255;40.7128;-74.006
63.69.147.0;63.69.147.255;42.3601;-71.0589
63.69.148.0;63.69.148.159;30.4435;-88.9292
63.69.148.160;63.69.151.255;42.3601;-71.0589
63.69.152.0;63.69.152.255;42.6526;-73.7562
63.69.153.0;63.69.156.255;42.3601;-71.0589
63.69.157.0;63.69.157.255;33.9191;-118.389
63.69.158.0;63.69.158.255;42.6526;-73.7562
63.69.159.0;63.69.159.255;40.7128;-74.006
63.69.160.0;63.69.161.255;42.3601;-71.0589
63.69.162.0;63.69.162.255;25.9758;-80.2834
63.69.163.0;63.69.163.255;42.6526;-73.7562
63.69.164.0;63.69.164.255;38.8973;-77.0693
63.69.165.0;63.69.165.255;40.2413;-76.8007
63.69.166.0;63.69.166.255;42.6526;-73.7562
63.69.167.0;63.69.167.255;42.1259;-71.1026
63.69.168.0;63.69.171.255;28.5037;-81.4387
63.69.172.0;63.69.173.255;42.3601;-71.0589
63.69.174.0;63.69.174.255;39.041;-94.5983
63.69.175.0;63.69.175.255;33.8127;-118.349
63.69.176.0;63.69.176.255;42.3601;-71.0589
63.69.177.0;63.69.178.255;40.7128;-74.006
63.69.179.0;63.69.179.255;32.9196;-96.5057
63.69.180.0;63.69.180.255;32.9873;-96.8274
63.69.181.0;63.69.181.255;40.7537;-73.9956
63.69.182.0;63.69.182.255;32.5446;-92.6126
63.69.183.0;63.69.183.255;40.7908;-74.0485
63.69.184.0;63.69.184.255;42.6526;-73.7562
63.69.185.0;63.69.185.255;40.7128;-74.006
63.69.186.0;63.69.186.255;42.6526;-73.7562
63.69.187.0;63.69.187.255;42.3601;-71.0589
63.69.188.0;63.69.188.255;32.9036;-96.681
63.69.189.0;63.69.189.255;27.8885;-82.3667
63.69.190.0;63.69.190.255;40.7128;-74.006
63.69.191.0;63.69.191.255;40.6571;-73.7257
63.69.192.0;63.69.192.255;42.6526;-73.7562
63.69.193.0;63.69.193.255;27.8885;-82.3667
63.69.194.0;63.69.194.255;40.6806;-122.358
63.69.195.0;63.69.195.255;40.9391;-74.1271
63.69.196.0;63.69.197.255;42.3601;-71.0589
63.69.198.0;63.69.198.191;38.9508;-77.3408
63.69.198.192;63.69.200.255;42.3601;-71.0589
63.69.201.0;63.69.201.255;39.5849;-104.848
63.69.202.0;63.69.202.255;25.7534;-80.2592
63.69.203.0;63.69.203.255;40.7128;-74.006
63.69.204.0;63.69.204.255;35.1308;-118.448
63.69.205.0;63.69.205.255;40.7128;-74.006
63.69.206.0;63.69.207.255;42.3601;-71.0589
63.69.208.0;63.69.208.255;37.9445;-87.4053
63.69.209.0;63.69.209.255;38.3553;-87.5675
63.69.210.0;63.69.215.255;37.9716;-87.5711
63.69.216.0;63.69.216.255;40.7128;-74.006
63.69.217.0;63.69.217.255;39.5529;-104.997
63.69.218.0;63.69.218.255;41.5938;-93.7679
63.69.219.0;63.69.219.255;42.3601;-71.0589
63.69.220.0;63.69.220.255;42.4037;-71.2553
63.69.221.0;63.69.221.255;42.6503;-83.1632
63.69.222.0;63.69.222.255;27.9785;-82.756
63.69.223.0;63.69.223.255;29.4552;-98.4196
63.69.224.0;63.69.224.255;40.7128;-74.006
63.69.225.0;63.69.225.255;42.3601;-71.0589
63.69.226.0;63.69.226.255;39.6952;-104.997
63.69.227.0;63.69.227.255;42.6526;-73.7562
63.69.228.0;63.69.231.255;42.3601;-71.0589
63.69.232.0;63.69.232.255;40.7592;-73.3118
63.69.233.0;63.69.233.255;42.3601;-71.0589
63.69.234.0;63.69.234.223;32.9092;-117.178
63.69.234.224;63.69.235.255;42.3601;-71.0589
63.69.236.0;63.69.236.255;40.7128;-74.006
63.69.237.0;63.69.239.255;41.7622;-87.9134
63.69.240.0;63.69.240.255;38.3541;-81.7264
63.69.241.0;63.69.241.255;38.5902;-89.9302
63.69.242.0;63.69.242.255;42.3601;-71.0589
63.69.243.0;63.69.243.255;40.7128;-74.006
63.69.244.0;63.69.244.255;42.6526;-73.7562
63.69.245.0;63.69.245.255;47.6435;-122.131
63.69.246.0;63.69.246.255;42.3601;-71.0589
63.69.247.0;63.69.247.255;42.6526;-73.7562
63.69.248.0;63.69.250.255;42.3601;-71.0589
63.69.251.0;63.69.251.255;40.7128;-74.006
63.69.252.0;63.69.252.255;42.6526;-73.7562
63.69.253.0;63.69.255.255;42.3601;-71.0589
63.70.0.0;63.70.0.255;40.7128;-74.006
63.70.1.0;63.70.1.255;42.3601;-71.0589
63.70.2.0;63.70.2.255;35.2238;-91.733
63.70.3.0;63.70.3.255;33.4353;-112.358
63.70.4.0;63.70.4.255;40.7128;-74.006
63.70.5.0;63.70.5.255;34.0479;-118.255
63.70.6.0;63.70.6.255;40.7128;-74.006
63.70.7.0;63.70.7.255;42.3601;-71.0589
63.70.8.0;63.70.9.255;40.7613;-73.9727
63.70.10.0;63.70.11.255;40.7128;-74.006
63.70.12.0;63.70.12.255;40.2732;-76.8867
63.70.13.0;63.70.13.255;44.9722;-93.4345
63.70.14.0;63.70.15.255;35.2044;-79.483
63.70.16.0;63.70.16.255;40.7128;-74.006
63.70.17.0;63.70.20.255;42.3601;-71.0589
63.70.21.0;63.70.21.255;25.6485;-80.4117
63.70.22.0;63.70.22.255;38.8665;-77.2341
63.70.23.0;63.70.27.255;42.3601;-71.0589
63.70.28.0;63.70.28.255;40.7128;-74.006
63.70.29.0;63.70.29.255;32.94;-96.8236
63.70.30.0;63.70.31.255;42.6526;-73.7562
63.70.32.0;63.70.39.255;38.8665;-77.2341
63.70.40.0;63.70.40.255;27.6411;-80.3573
63.70.41.0;63.70.41.127;34.1566;-118.641
63.70.41.128;63.70.42.255;42.6526;-73.7562
63.70.43.0;63.70.45.255;42.3601;-71.0589
63.70.46.0;63.70.47.255;40.7128;-74.006
63.70.48.0;63.70.48.255;42.3601;-71.0589
63.70.49.0;63.70.49.111;41.9005;-87.6246
63.70.49.112;63.70.52.255;42.3601;-71.0589
63.70.53.0;63.70.53.255;42.6526;-73.7562
63.70.54.0;63.70.54.255;38.7948;-90.5596
63.70.55.0;63.70.55.255;40.7583;-73.9704
63.70.56.0;63.70.57.255;36.9585;-122.064
63.70.58.0;63.70.61.15;42.3601;-71.0589
63.70.61.16;63.70.61.255;39.1052;-94.5884
63.70.62.0;63.70.62.255;42.9757;-78.9084
63.70.63.0;63.70.63.255;40.3342;-74.096
63.70.64.0;63.70.65.255;37.3897;-122.04
63.70.66.0;63.70.66.255;38.9421;-77.3282
63.70.67.0;63.70.67.255;42.6526;-73.7562
63.70.68.0;63.70.68.255;42.3601;-71.0589
63.70.69.0;63.70.69.255;40.7128;-74.006
63.70.70.0;63.70.71.255;42.3601;-71.0589
63.70.72.0;63.70.72.255;19.4326;-99.1332
63.70.73.0;63.70.73.255;32.5675;-116.976
63.70.74.0;63.70.74.255;42.6526;-73.7562
63.70.75.0;63.70.76.255;42.3601;-71.0589
63.70.77.0;63.70.79.255;40.7128;-74.006
63.70.80.0;63.70.89.255;40.7609;-73.9793
63.70.90.0;63.70.90.255;40.7834;-73.9662
63.70.91.0;63.70.95.255;40.7609;-73.9793
63.70.96.0;63.70.103.255;32.9844;-96.7035
63.70.104.0;63.70.105.159;42.3601;-71.0589
63.70.105.160;63.70.105.255;25.6263;-80.3917
63.70.106.0;63.70.106.255;42.3601;-71.0589
63.70.107.0;63.70.108.255;40.7128;-74.006
63.70.109.0;63.70.109.255;42.3601;-71.0589
63.70.110.0;63.70.110.255;42.6526;-73.7562
63.70.111.0;63.70.112.63;40.7128;-74.006
63.70.112.64;63.70.112.255;38.9852;-77.0882
63.70.113.0;63.70.113.255;38.7618;-90.1041
63.70.114.0;63.70.114.255;42.3601;-71.0589
63.70.115.0;63.70.115.255;40.7128;-74.006
63.70.116.0;63.70.117.63;25.8905;-80.1856
63.70.117.64;63.70.117.255;42.6526;-73.7562
63.70.118.0;63.70.118.255;40.7128;-74.006
63.70.119.0;63.70.119.255;30.4588;-91.1219
63.70.120.0;63.70.127.255;40.9435;-90.3702
63.70.128.0;63.70.129.255;40.7128;-74.006
63.70.130.0;63.70.131.255;42.6526;-73.7562
63.70.132.0;63.70.132.255;42.3601;-71.0589
63.70.133.0;63.70.133.255;40.7128;-74.006
63.70.134.0;63.70.136.255;42.3601;-71.0589
63.70.137.0;63.70.137.255;30.3974;-91.1569
63.70.138.0;63.70.138.255;33.4482;-112.078
63.70.139.0;63.70.139.255;33.749;-84.388
63.70.140.0;63.70.140.255;38.9016;-77.0451
63.70.141.0;63.70.141.119;35.8952;-78.6502
63.70.141.120;63.70.142.255;42.3601;-71.0589
63.70.143.0;63.70.143.255;13.5015;144.807
63.70.144.0;63.70.146.31;42.3601;-71.0589
63.70.146.32;63.70.146.255;26.1258;-80.1412
63.70.147.0;63.70.147.255;40.5275;-74.3249
63.70.148.0;63.70.148.255;40.7128;-74.006
63.70.149.0;63.70.149.255;42.9185;-82.5029
63.70.150.0;63.70.150.255;42.3601;-71.0589
63.70.151.0;63.70.151.255;33.817;-116.502
63.70.152.0;63.70.152.255;40.7839;-73.4435
63.70.153.0;63.70.153.255;33.3037;-84.5657
63.70.154.0;63.70.155.127;41.4025;-81.7064
63.70.155.128;63.70.155.255;37.3961;-121.927
63.70.156.0;63.70.156.255;42.3601;-71.0589
63.70.157.0;63.70.157.255;33.472;-86.8328
63.70.158.0;63.70.158.255;42.6526;-73.7562
63.70.159.0;63.70.159.255;41.5122;-87.9421
63.70.160.0;63.70.162.255;42.3601;-71.0589
63.70.163.0;63.70.163.255;33.9298;-118.12
63.70.164.0;63.70.165.255;40.8659;-96.7203
63.70.166.0;63.70.166.255;38.8267;-121.202
63.70.167.0;63.70.167.255;38.7301;-120.793
63.70.168.0;63.70.168.255;38.9939;-76.5463
63.70.169.0;63.70.169.255;40.7128;-74.006
63.70.170.0;63.70.170.255;34.0466;-84.3152
63.70.171.0;63.70.171.255;40.7128;-74.006
63.70.172.0;63.70.175.255;41.1608;-80.0873
63.70.176.0;63.70.176.255;40.7128;-74.006
63.70.177.0;63.70.177.127;35.6817;-105.934
63.70.177.128;63.70.178.255;42.3601;-71.0589
63.70.179.0;63.70.179.255;30.2155;-97.7474
63.70.180.0;63.70.183.255;42.3601;-71.0589
63.70.184.0;63.70.184.255;40.7128;-74.006
63.70.185.0;63.70.187.255;42.3601;-71.0589
63.70.188.0;63.70.190.255;40.7128;-74.006
63.70.191.0;63.70.191.255;42.3601;-71.0589
63.70.192.0;63.70.192.255;42.6526;-73.7562
63.70.193.0;63.70.193.255;42.3601;-71.0589
63.70.194.0;63.70.195.255;37.4987;-122.24
63.70.196.0;63.70.196.255;42.6526;-73.7562
63.70.197.0;63.70.197.255;40.9675;-74.2279
63.70.198.0;63.70.198.255;42.3601;-71.0589
63.70.199.0;63.70.199.255;40.7696;-73.4107
63.70.200.0;63.70.200.255;40.7128;-74.006
63.70.201.0;63.70.202.255;42.3601;-71.0589
63.70.203.0;63.70.203.255;38.8296;-77.1867
63.70.204.0;63.70.205.255;40.7128;-74.006
63.70.206.0;63.70.207.167;42.3601;-71.0589
63.70.207.168;63.70.207.255;38.9552;-76.8356
63.70.208.0;63.70.208.255;41.9955;-87.6975
63.70.209.0;63.70.209.255;30.3174;-81.6585
63.70.210.0;63.70.210.255;33.658;-117.768
63.70.211.0;63.70.214.127;42.3601;-71.0589
63.70.214.128;63.70.214.255;39.4353;-76.6236
63.70.215.0;63.70.215.127;29.5343;-98.4076
63.70.215.128;63.70.216.255;42.6526;-73.7562
63.70.217.0;63.70.218.255;42.3601;-71.0589
63.70.219.0;63.70.219.255;40.7128;-74.006
63.70.220.0;63.70.220.255;42.6526;-73.7562
63.70.221.0;63.70.223.255;42.3601;-71.0589
63.70.224.0;63.70.224.255;40.7057;-74.0103
63.70.225.0;63.70.226.255;42.3601;-71.0589
63.70.227.0;63.70.227.255;40.7128;-74.006
63.70.228.0;63.70.229.255;42.3601;-71.0589
63.70.230.0;63.70.230.255;29.95;-90.0697
63.70.231.0;63.70.231.95;41.057;-74.1315
63.70.231.96;63.70.233.255;42.3601;-71.0589
63.70.234.0;63.70.235.255;19.4326;-99.1332
63.70.236.0;63.70.236.255;42.3601;-71.0589
63.70.237.0;63.70.237.255;40.7128;-74.006
63.70.238.0;63.70.238.255;42.3601;-71.0589
63.70.239.0;63.70.241.255;40.7128;-74.006
63.70.242.0;63.70.242.255;42.6526;-73.7562
63.70.243.0;63.70.243.255;35.8563;-78.8133
63.70.244.0;63.70.244.255;37.6794;-97.4784
63.70.245.0;63.70.245.255;40.7128;-74.006
63.70.246.0;63.70.249.255;42.3601;-71.0589
63.70.250.0;63.70.250.255;42.6526;-73.7562
63.70.251.0;63.70.251.255;42.3601;-71.0589
63.70.252.0;63.70.252.255;39.3806;-77.4146
63.70.253.0;63.70.253.255;38.8607;-77.2163
63.70.254.0;63.70.254.255;40.7128;-74.006
63.70.255.0;63.70.255.255;25.7527;-80.2591
63.71.0.0;63.71.1.255;41.5058;-81.6889
63.71.2.0;63.71.2.255;40.7128;-74.006
63.71.3.0;63.71.3.255;40.7545;-73.9745
63.71.4.0;63.71.5.255;42.3601;-71.0589
63.71.6.0;63.71.6.255;34.2004;-118.484
63.71.7.0;63.71.7.255;42.3601;-71.0589
63.71.8.0;63.71.15.255;32.8055;-96.7924
63.71.16.0;63.71.16.255;38.5765;-121.308
63.71.17.0;63.71.17.255;42.3601;-71.0589
63.71.18.0;63.71.19.255;42.5867;-71.323
63.71.20.0;63.71.21.255;40.7128;-74.006
63.71.22.0;63.71.23.255;42.3601;-71.0589
63.71.24.0;63.71.24.255;38.9366;-77.1814
63.71.25.0;63.71.25.255;42.6526;-73.7562
63.71.26.0;63.71.26.255;42.3601;-71.0589
63.71.27.0;63.71.27.255;40.7128;-74.006
63.71.28.0;63.71.31.255;40.952;-75.9783
63.71.32.0;63.71.32.255;42.3601;-71.0589
63.71.33.0;63.71.34.255;40.7128;-74.006
63.71.35.0;63.71.37.255;42.3601;-71.0589
63.71.38.0;63.71.38.255;40.7128;-74.006
63.71.39.0;63.71.39.255;42.3601;-71.0589
63.71.40.0;63.71.40.255;37.4586;-97.9776
63.71.41.0;63.71.42.255;42.3601;-71.0589
63.71.43.0;63.71.43.255;40.7563;-73.9783
63.71.44.0;63.71.44.255;40.7128;-74.006
63.71.45.0;63.71.45.255;42.3601;-71.0589
63.71.46.0;63.71.46.255;40.7128;-74.006
63.71.47.0;63.71.48.255;42.3601;-71.0589
63.71.49.0;63.71.49.255;47.7725;-122.188
63.71.50.0;63.71.51.255;32.9589;-96.8232
63.71.52.0;63.71.52.255;33.802;-117.963
63.71.53.0;63.71.53.255;40.7128;-74.006
63.71.54.0;63.71.54.255;26.2625;-98.2017
63.71.55.0;63.71.56.255;42.3601;-71.0589
63.71.57.0;63.71.57.255;42.6526;-73.7562
63.71.58.0;63.71.58.255;42.3601;-71.0589
63.71.59.0;63.71.59.255;41.6938;-72.8483
63.71.60.0;63.71.61.255;42.3601;-71.0589
63.71.62.0;63.71.62.255;42.6526;-73.7562
63.71.63.0;63.71.63.255;44.8612;-93.4154
63.71.64.0;63.71.64.255;42.3399;-71.5795
63.71.65.0;63.71.65.255;42.5608;-83.1665
63.71.66.0;63.71.66.255;40.7357;-74.1724
63.71.67.0;63.71.67.255;41.8822;-87.6302
63.71.68.0;63.71.71.255;32.6484;-97.0459
63.71.72.0;63.71.72.255;40.3221;-111.681
63.71.73.0;63.71.73.255;30.7652;-94.4163
63.71.74.0;63.71.75.255;31.8587;-106.547
63.71.76.0;63.71.76.255;40.7128;-74.006
63.71.77.0;63.71.77.255;42.3601;-71.0589
63.71.78.0;63.71.79.255;40.7128;-74.006
63.71.80.0;63.71.80.127;37.9035;-122.069
63.71.80.128;63.71.81.255;42.3601;-71.0589
63.71.82.0;63.71.83.255;33.8589;-84.1973
63.71.84.0;63.71.84.255;38.2666;-85.5415
63.71.85.0;63.71.85.255;29.7502;-95.3569
63.71.86.0;63.71.87.255;42.6526;-73.7562
63.71.88.0;63.71.92.255;42.3601;-71.0589
63.71.93.0;63.71.93.255;40.7128;-74.006
63.71.94.0;63.71.95.255;40.085;-105.208
63.71.96.0;63.71.96.191;32.7939;-96.8075
63.71.96.192;63.71.97.255;42.3601;-71.0589
63.71.98.0;63.71.99.255;40.7128;-74.006
63.71.100.0;63.71.100.255;42.3601;-71.0589
63.71.101.0;63.71.101.255;40.6385;-74.794
63.71.102.0;63.71.102.255;39.9784;-75.4138
63.71.103.0;63.71.103.255;42.3601;-71.0589
63.71.104.0;63.71.107.255;25.7597;-80.1916
63.71.108.0;63.71.109.255;42.3601;-71.0589
63.71.110.0;63.71.110.255;40.7128;-74.006
63.71.111.0;63.71.111.255;42.3601;-71.0589
63.71.112.0;63.71.112.255;44.9835;-93.2927
63.71.113.0;63.71.117.255;42.3601;-71.0589
63.71.118.0;63.71.119.255;42.6526;-73.7562
63.71.120.0;63.71.120.31;42.3848;-71.0714
63.71.120.32;63.71.121.255;40.7128;-74.006
63.71.122.0;63.71.122.255;39.1131;-77.1603
63.71.123.0;63.71.123.255;37.324;-122.014
63.71.124.0;63.71.124.159;38.8899;-77.1838
63.71.124.160;63.71.127.255;42.3601;-71.0589
63.71.128.0;63.71.128.255;40.7128;-74.006
63.71.129.0;63.71.129.255;42.3601;-71.0589
63.71.130.0;63.71.130.255;32.9869;-96.6469
63.71.131.0;63.71.131.255;42.3601;-71.0589
63.71.132.0;63.71.132.255;40.7128;-74.006
63.71.133.0;63.71.133.255;42.3601;-71.0589
63.71.134.0;63.71.136.255;40.7205;-74.0063
63.71.137.0;63.71.137.223;40.7555;-73.9808
63.71.137.224;63.71.138.255;40.7205;-74.0063
63.71.139.0;63.71.139.223;40.751;-73.9843
63.71.139.224;63.71.143.255;40.7205;-74.0063
63.71.144.0;63.71.144.255;42.3601;-71.0589
63.71.145.0;63.71.145.255;41.8803;-87.6291
63.71.146.0;63.71.147.255;42.3601;-71.0589
63.71.148.0;63.71.149.255;40.7128;-74.006
63.71.150.0;63.71.152.255;42.3601;-71.0589
63.71.153.0;63.71.155.255;40.7128;-74.006
63.71.156.0;63.71.156.255;42.3601;-71.0589
63.71.157.0;63.71.157.255;42.0411;-88.0429
63.71.158.0;63.71.158.255;39.0165;-91.8979
63.71.159.0;63.71.160.255;42.3601;-71.0589
63.71.161.0;63.71.161.255;42.3878;-83.5131
63.71.162.0;63.71.162.255;42.9699;-78.8438
63.71.163.0;63.71.163.255;30.2807;-81.5269
63.71.164.0;63.71.164.255;42.3601;-71.0589
63.71.165.0;63.71.165.255;40.7128;-74.006
63.71.166.0;63.71.167.255;40.7558;-73.9798
63.71.168.0;63.71.168.255;41.0291;-73.6253
63.71.169.0;63.71.169.255;40.951;-74.2131
63.71.170.0;63.71.170.255;42.6526;-73.7562
63.71.171.0;63.71.175.255;42.3601;-71.0589
63.71.176.0;63.71.179.255;38.9072;-77.0369
63.71.180.0;63.71.181.119;42.3545;-71.0553
63.71.181.120;63.71.181.255;27.9657;-82.5146
63.71.182.0;63.71.182.159;34.0727;-118.369
63.71.182.160;63.71.184.255;42.3601;-71.0589
63.71.185.0;63.71.185.255;42.6526;-73.7562
63.71.186.0;63.71.187.255;42.3601;-71.0589
63.71.188.0;63.71.189.255;40.7128;-74.006
63.71.190.0;63.71.190.255;42.3601;-71.0589
63.71.191.0;63.71.192.255;40.7128;-74.006
63.71.193.0;63.71.196.255;42.3601;-71.0589
63.71.197.0;63.71.197.255;42.1617;-71.2018
63.71.198.0;63.71.198.255;42.3601;-71.0589
63.71.199.0;63.71.199.255;42.6526;-73.7562
63.71.200.0;63.71.200.255;40.7128;-74.006
63.71.201.0;63.71.201.255;40.7597;-73.973
63.71.202.0;63.71.202.255;42.6526;-73.7562
63.71.203.0;63.71.203.63;36.0181;-95.8698
63.71.203.64;63.71.204.255;40.7128;-74.006
63.71.205.0;63.71.205.255;42.6526;-73.7562
63.71.206.0;63.71.206.255;40.7128;-74.006
63.71.207.0;63.71.210.255;42.3601;-71.0589
63.71.211.0;63.71.211.255;33.9798;-118.419
63.71.212.0;63.71.214.255;42.3601;-71.0589
63.71.215.0;63.71.215.255;41.5035;-81.6584
63.71.216.0;63.71.217.255;29.9528;-90.0726
63.71.218.0;63.71.218.255;30.4418;-90.0853
63.71.219.0;63.71.219.255;29.9528;-90.0726
63.71.220.0;63.71.220.255;40.7128;-74.006
63.71.221.0;63.71.221.255;42.3601;-71.0589
63.71.222.0;63.71.222.255;42.6233;-83.1113
63.71.223.0;63.71.224.255;40.7128;-74.006
63.71.225.0;63.71.225.255;41.4861;-87.4479
63.71.226.0;63.71.226.255;42.3601;-71.0589
63.71.227.0;63.71.227.255;35.0363;-89.9039
63.71.228.0;63.71.228.255;40.7128;-74.006
63.71.229.0;63.71.229.255;42.3601;-71.0589
63.71.230.0;63.71.230.255;34.0509;-118.438
63.71.231.0;63.71.232.127;42.3601;-71.0589
63.71.232.128;63.71.232.255;35.1078;-89.883
63.71.233.0;63.71.233.255;42.6526;-73.7562
63.71.234.0;63.71.234.255;32.9802;-96.9662
63.71.235.0;63.71.235.255;39.708;-86.14
63.71.236.0;63.71.237.255;42.3601;-71.0589
63.71.238.0;63.71.239.255;38.8955;-77.0162
63.71.240.0;63.71.240.255;40.7128;-74.006
63.71.241.0;63.71.241.255;33.4866;-79.0941
63.71.242.0;63.71.242.79;40.0857;-75.414
63.71.242.80;63.71.243.255;40.7128;-74.006
63.71.244.0;63.71.245.255;42.3601;-71.0589
63.71.246.0;63.71.246.255;32.784;-96.7969
63.71.247.0;63.71.249.255;40.7128;-74.006
63.71.250.0;63.71.250.255;42.3601;-71.0589
63.71.251.0;63.71.251.255;42.6526;-73.7562
63.71.252.0;63.71.253.255;42.3601;-71.0589
63.71.254.0;63.71.254.255;35.2056;-101.839
63.71.255.0;63.71.255.255;37.118;-121.647
63.72.0.0;63.72.3.255;34.165;-118.312
63.72.4.0;63.72.4.255;37.8771;-122.18
63.72.5.0;63.72.5.255;42.6526;-73.7562
63.72.6.0;63.72.6.255;42.3601;-71.0589
63.72.7.0;63.72.7.255;38.5816;-121.494
63.72.8.0;63.72.8.255;42.6526;-73.7562
63.72.9.0;63.72.10.255;42.3601;-71.0589
63.72.11.0;63.72.11.255;40.7128;-74.006
63.72.12.0;63.72.12.255;42.6526;-73.7562
63.72.13.0;63.72.13.255;42.3601;-71.0589
63.72.14.0;63.72.14.255;42.6526;-73.7562
63.72.15.0;63.72.15.255;40.7128;-74.006
63.72.16.0;63.72.16.255;42.6526;-73.7562
63.72.17.0;63.72.17.255;42.3601;-71.0589
63.72.18.0;63.72.19.255;40.7128;-74.006
63.72.20.0;63.72.20.255;42.3601;-71.0589
63.72.21.0;63.72.21.255;40.7055;-74.0138
63.72.22.0;63.72.22.255;29.7324;-95.5723
63.72.23.0;63.72.23.255;42.3601;-71.0589
63.72.24.0;63.72.27.255;42.8841;-78.8754
63.72.28.0;63.72.28.255;40.7179;-74.034
63.72.29.0;63.72.29.255;41.7942;-88.0534
63.72.30.0;63.72.31.63;37.6059;-77.5316
63.72.31.64;63.72.31.255;30.1715;-92.0837
63.72.32.0;63.72.32.255;42.6526;-73.7562
63.72.33.0;63.72.38.255;42.3601;-71.0589
63.72.39.0;63.72.39.255;38.8229;-77.0432
63.72.40.0;63.72.41.255;42.3601;-71.0589
63.72.42.0;63.72.42.255;39.7392;-104.99
63.72.43.0;63.72.43.255;43.1001;-77.6325
63.72.44.0;63.72.44.255;41.8861;-87.6259
63.72.45.0;63.72.45.255;27.2671;-80.2665
63.72.46.0;63.72.46.191;38.9464;-76.8623
63.72.46.192;63.72.48.31;42.3601;-71.0589
63.72.48.32;63.72.48.223;37.9796;-122.036
63.72.48.224;63.72.49.255;42.3601;-71.0589
63.72.50.0;63.72.50.255;39.7387;-75.5843
63.72.51.0;63.72.51.255;33.4528;-111.99
63.72.52.0;63.72.52.255;31.5533;-97.1353
63.72.53.0;63.72.53.255;42.6526;-73.7562
63.72.54.0;63.72.54.255;40.7128;-74.006
63.72.55.0;63.72.55.255;40.7231;-73.9984
63.72.56.0;63.72.57.255;33.4876;-112.079
63.72.58.0;63.72.58.255;42.3601;-71.0589
63.72.59.0;63.72.60.255;40.7128;-74.006
63.72.61.0;63.72.61.255;40.7884;-74.3699
63.72.62.0;63.72.62.255;39.0103;-94.4617
63.72.63.0;63.72.63.215;38.2538;-85.7592
63.72.63.216;63.72.64.255;40.7128;-74.006
63.72.65.0;63.72.65.255;38.9858;-77.4458
63.72.66.0;63.72.66.255;33.896;-84.1155
63.72.67.0;63.72.67.255;40.6956;-74.4064
63.72.68.0;63.72.68.255;35.4181;-97.4906
63.72.69.0;63.72.69.255;42.6526;-73.7562
63.72.70.0;63.72.70.255;42.3601;-71.0589
63.72.71.0;63.72.71.255;30.3733;-97.6669
63.72.72.0;63.72.72.255;42.3601;-71.0589
63.72.73.0;63.72.74.255;42.6526;-73.7562
63.72.75.0;63.72.75.255;41.5085;-81.6606
63.72.76.0;63.72.76.255;42.3601;-71.0589
63.72.77.0;63.72.77.255;42.6526;-73.7562
63.72.78.0;63.72.78.255;39.0113;-77.4713
63.72.79.0;63.72.79.255;42.3601;-71.0589
63.72.80.0;63.72.80.255;34.1406;-118.18
63.72.81.0;63.72.81.255;42.3601;-71.0589
63.72.82.0;63.72.82.255;40.5503;-74.4552
63.72.83.0;63.72.83.255;40.7128;-74.006
63.72.84.0;63.72.84.255;39.2731;-76.6023
63.72.85.0;63.72.85.255;41.4623;-81.534
63.72.86.0;63.72.86.255;33.831;-111.943
63.72.87.0;63.72.88.255;42.3601;-71.0589
63.72.89.0;63.72.89.255;40.7128;-74.006
63.72.90.0;63.72.91.31;41.4623;-81.534
63.72.91.32;63.72.91.255;42.3601;-71.0589
63.72.92.0;63.72.95.255;36.0943;-79.2653
63.72.96.0;63.72.96.255;42.3601;-71.0589
63.72.97.0;63.72.97.255;32.7932;-96.808
63.72.98.0;63.72.98.255;40.7128;-74.006
63.72.99.0;63.72.99.255;42.3601;-71.0589
63.72.100.0;63.72.100.255;40.7128;-74.006
63.72.101.0;63.72.101.255;42.3601;-71.0589
63.72.102.0;63.72.102.255;42.6526;-73.7562
63.72.103.0;63.72.103.255;42.3601;-71.0589
63.72.104.0;63.72.104.255;33.9128;-84.3601
63.72.105.0;63.72.105.255;42.4113;-83.4585
63.72.106.0;63.72.106.255;38.8509;-77.3205
63.72.107.0;63.72.107.255;42.3601;-71.0589
63.72.108.0;63.72.108.255;40.7128;-74.006
63.72.109.0;63.72.109.255;42.3601;-71.0589
63.72.110.0;63.72.110.255;33.9791;-118.322
63.72.111.0;63.72.111.63;42.3601;-71.0589
63.72.111.64;63.72.112.247;37.6059;-77.5316
63.72.112.248;63.72.113.255;42.3601;-71.0589
63.72.114.0;63.72.114.255;32.8258;-97.1991
63.72.115.0;63.72.119.255;42.3601;-71.0589
63.72.120.0;63.72.120.255;27.2301;-82.4967
63.72.121.0;63.72.122.255;42.3601;-71.0589
63.72.123.0;63.72.123.255;34.2483;-118.463
63.72.124.0;63.72.125.255;41.8837;-87.64
63.72.126.0;63.72.126.255;40.7128;-74.006
63.72.127.0;63.72.127.255;42.3601;-71.0589
63.72.128.0;63.72.128.255;42.6526;-73.7562
63.72.129.0;63.72.129.255;42.3601;-71.0589
63.72.130.0;63.72.130.255;38.7934;-77.049
63.72.131.0;63.72.132.255;42.3601;-71.0589
63.72.133.0;63.72.133.255;40.7128;-74.006
63.72.134.0;63.72.134.255;42.3601;-71.0589
63.72.135.0;63.72.135.255;32.7559;-97.3305
63.72.136.0;63.72.136.255;39.4985;-76.6663
63.72.137.0;63.72.137.255;39.6515;-104.778
63.72.138.0;63.72.138.255;41.8854;-87.6227
63.72.139.0;63.72.139.255;42.7007;-84.6649
63.72.140.0;63.72.140.255;37.3658;-121.866
63.72.141.0;63.72.141.255;42.6526;-73.7562
63.72.142.0;63.72.142.255;34.1431;-118.403
63.72.143.0;63.72.143.255;40.7128;-74.006
63.72.144.0;63.72.144.95;41.8852;-87.6317
63.72.144.96;63.72.145.255;40.7128;-74.006
63.72.146.0;63.72.146.255;38.9072;-76.8254
63.72.147.0;63.72.147.255;29.9371;-95.3363
63.72.148.0;63.72.148.255;37.478;-122.151
63.72.149.0;63.72.150.255;42.3601;-71.0589
63.72.151.0;63.72.151.255;40.7846;-73.6523
63.72.152.0;63.72.152.255;42.3601;-71.0589
63.72.153.0;63.72.153.255;41.8839;-87.6417
63.72.154.0;63.72.154.255;42.3601;-71.0589
63.72.155.0;63.72.155.255;40.7128;-74.006
63.72.156.0;63.72.156.255;42.8576;-78.866
63.72.157.0;63.72.157.255;37.7904;-122.405
63.72.158.0;63.72.158.255;40.7128;-74.006
63.72.159.0;63.72.159.255;42.6526;-73.7562
63.72.160.0;63.72.160.255;33.6804;-118
63.72.161.0;63.72.161.255;42.3601;-71.0589
63.72.162.0;63.72.162.255;40.7128;-74.006
63.72.163.0;63.72.164.255;42.3601;-71.0589
63.72.165.0;63.72.165.255;41.3967;-81.8646
63.72.166.0;63.72.166.255;30.2878;-97.6668
63.72.167.0;63.72.167.255;42.6526;-73.7562
63.72.168.0;63.72.168.255;35.0503;-97.9417
63.72.169.0;63.72.169.255;40.7128;-74.006
63.72.170.0;63.72.170.255;42.3601;-71.0589
63.72.171.0;63.72.171.255;40.8191;-73.8897
63.72.172.0;63.72.172.255;42.3601;-71.0589
63.72.173.0;63.72.173.255;42.6526;-73.7562
63.72.174.0;63.72.175.255;42.3601;-71.0589
63.72.176.0;63.72.177.255;37.7927;-122.407
63.72.178.0;63.72.178.255;42.3601;-71.0589
63.72.179.0;63.72.179.255;41.8796;-87.6374
63.72.180.0;63.72.180.255;40.2539;-74.6818
63.72.181.0;63.72.182.15;42.3601;-71.0589
63.72.182.16;63.72.182.255;37.7258;-122.192
63.72.183.0;63.72.183.255;40.7128;-74.006
63.72.184.0;63.72.184.255;41.8817;-72.8041
63.72.185.0;63.72.185.255;38.8829;-77.0102
63.72.186.0;63.72.186.255;40.7953;-74.2593
63.72.187.0;63.72.187.255;26.1645;-80.1013
63.72.188.0;63.72.188.255;45.5171;-122.675
63.72.189.0;63.72.189.255;30.4154;-97.7515
63.72.190.0;63.72.191.255;42.3601;-71.0589
63.72.192.0;63.72.193.255;40.7128;-74.006
63.72.194.0;63.72.194.255;37.3397;-121.912
63.72.195.0;63.72.195.255;32.9743;-96.7012
63.72.196.0;63.72.198.95;42.3601;-71.0589
63.72.198.96;63.72.198.255;30.6183;-84.418
63.72.199.0;63.72.199.255;37.7878;-122.396
63.72.200.0;63.72.201.255;42.3601;-71.0589
63.72.202.0;63.72.202.255;32.7729;-97.059
63.72.203.0;63.72.203.255;40.7128;-74.006
63.72.204.0;63.72.205.255;42.3601;-71.0589
63.72.206.0;63.72.206.255;37.7801;-122.391
63.72.207.0;63.72.207.255;42.3601;-71.0589
63.72.208.0;63.72.210.255;40.0513;-82.8975
63.72.211.0;63.72.211.255;39.7684;-83.0571
63.72.212.0;63.72.212.255;42.3601;-71.0589
63.72.213.0;63.72.213.255;37.7915;-122.422
63.72.214.0;63.72.214.255;40.7128;-74.006
63.72.215.0;63.72.217.103;42.3601;-71.0589
63.72.217.104;63.72.217.255;35.9285;-79.0311
63.72.218.0;63.72.218.255;42.6526;-73.7562
63.72.219.0;63.72.219.255;42.3601;-71.0589
63.72.220.0;63.72.220.255;42.5161;-71.0468
63.72.221.0;63.72.221.255;40.7128;-74.006
63.72.222.0;63.72.223.255;26.812;-80.134
63.72.224.0;63.72.224.255;40.9959;-74.1507
63.72.225.0;63.72.225.255;40.7128;-74.006
63.72.226.0;63.72.226.255;42.3601;-71.0589
63.72.227.0;63.72.227.255;41.8787;-87.643
63.72.228.0;63.72.231.255;37.4932;-86.2401
63.72.232.0;63.72.232.255;43.115;-76.1801
63.72.233.0;63.72.233.255;42.6526;-73.7562
63.72.234.0;63.72.234.255;40.7128;-74.006
63.72.235.0;63.72.235.255;40.7366;-73.9885
63.72.236.0;63.72.236.255;40.6971;-73.9895
63.72.237.0;63.72.237.255;42.6526;-73.7562
63.72.238.0;63.72.238.255;42.3601;-71.0589
63.72.239.0;63.72.239.255;40.7128;-74.006
63.72.240.0;63.72.240.255;33.9953;-117.349
63.72.241.0;63.72.244.255;42.3601;-71.0589
63.72.245.0;63.72.245.255;40.7128;-74.006
63.72.246.0;63.72.246.255;42.3601;-71.0589
63.72.247.0;63.72.247.255;40.7128;-74.006
63.72.248.0;63.72.249.255;42.3601;-71.0589
63.72.250.0;63.72.250.255;40.7128;-74.006
63.72.251.0;63.72.251.191;39.6515;-104.778
63.72.251.192;63.72.253.255;42.3601;-71.0589
63.72.254.0;63.72.254.255;34.0087;-118.232
63.72.255.0;63.72.255.255;40.2006;-105.111
63.73.0.0;63.73.0.255;42.3601;-71.0589
63.73.1.0;63.73.1.255;40.7128;-74.006
63.73.2.0;63.73.2.255;39.3015;-77.3214
63.73.3.0;63.73.3.255;42.6526;-73.7562
63.73.4.0;63.73.7.255;42.3601;-71.0589
63.73.8.0;63.73.8.159;21.4221;-158.005
63.73.8.160;63.73.9.255;42.3601;-71.0589
63.73.10.0;63.73.12.31;33.889;-84.4662
63.73.12.32;63.73.12.255;33.9661;-84.4043
63.73.13.0;63.73.13.255;42.3601;-71.0589
63.73.14.0;63.73.14.255;42.6526;-73.7562
63.73.15.0;63.73.15.255;40.6839;-74.1631
63.73.16.0;63.73.23.255;47.3798;-122.299
63.73.24.0;63.73.25.255;42.3601;-71.0589
63.73.26.0;63.73.26.255;40.7128;-74.006
63.73.27.0;63.73.27.255;42.6526;-73.7562
63.73.28.0;63.73.28.255;40.7128;-74.006
63.73.29.0;63.73.29.255;42.3601;-71.0589
63.73.30.0;63.73.30.255;40.7128;-74.006
63.73.31.0;63.73.31.255;42.6526;-73.7562
63.73.32.0;63.73.32.255;45.0493;-93.2023
63.73.33.0;63.73.34.255;40.7128;-74.006
63.73.35.0;63.73.35.255;42.3624;-71.0807
63.73.36.0;63.73.36.255;42.3601;-71.0589
63.73.37.0;63.73.37.255;42.6526;-73.7562
63.73.38.0;63.73.38.255;39.5854;-76.9008
63.73.39.0;63.73.39.255;47.6143;-122.339
63.73.40.0;63.73.41.255;41.1757;-74.7669
63.73.42.0;63.73.42.255;42.3601;-71.0589
63.73.43.0;63.73.43.255;40.7128;-74.006
63.73.44.0;63.73.46.255;42.3601;-71.0589
63.73.47.0;63.73.47.255;42.1955;-87.8595
63.73.48.0;63.73.48.255;43.1336;-71.03
63.73.49.0;63.73.49.255;38.9739;-76.8445
63.73.50.0;63.73.50.255;38.9747;-76.8588
63.73.51.0;63.73.51.255;38.9486;-76.8774
63.73.52.0;63.73.54.255;42.3601;-71.0589
63.73.55.0;63.73.56.255;40.7128;-74.006
63.73.57.0;63.73.57.255;39.0132;-77.0598
63.73.58.0;63.73.59.255;42.3601;-71.0589
63.73.60.0;63.73.65.255;30.3171;-81.744
63.73.66.0;63.73.66.255;42.7509;-71.0914
63.73.67.0;63.73.67.255;39.8883;-75.3556
63.73.68.0;63.73.68.255;42.6526;-73.7562
63.73.69.0;63.73.69.255;33.8079;-118.145
63.73.70.0;63.73.70.255;34.0818;-118.15
63.73.71.0;63.73.71.255;42.6526;-73.7562
63.73.72.0;63.73.72.255;40.7128;-74.006
63.73.73.0;63.73.73.255;38.8262;-98.4737
63.73.74.0;63.73.74.255;40.7128;-74.006
63.73.75.0;63.73.75.255;40.8515;-74.4514
63.73.76.0;63.73.76.255;42.3601;-71.0589
63.73.77.0;63.73.77.255;40.7128;-74.006
63.73.78.0;63.73.81.31;42.3601;-71.0589
63.73.81.32;63.73.81.255;34.2454;-118.591
63.73.82.0;63.73.82.255;42.6526;-73.7562
63.73.83.0;63.73.83.255;42.3601;-71.0589
63.73.84.0;63.73.84.255;34.2773;-88.7149
63.73.85.0;63.73.85.255;42.6526;-73.7562
63.73.86.0;63.73.86.127;39.6515;-104.778
63.73.86.128;63.73.87.255;42.3601;-71.0589
63.73.88.0;63.73.89.255;35.5311;-97.5715
63.73.90.0;63.73.90.255;39.6515;-104.778
63.73.91.0;63.73.91.255;42.3601;-71.0589
63.73.92.0;63.73.93.255;40.7128;-74.006
63.73.94.0;63.73.94.255;42.3601;-71.0589
63.73.95.0;63.73.95.255;40.7128;-74.006
63.73.96.0;63.73.97.23;42.3601;-71.0589
63.73.97.24;63.73.97.255;45.4633;-98.4905
63.73.98.0;63.73.98.255;42.4351;-88.1802
63.73.99.0;63.73.99.255;40.7128;-74.006
63.73.100.0;63.73.100.255;42.6526;-73.7562
63.73.101.0;63.73.102.255;42.3601;-71.0589
63.73.103.0;63.73.103.255;40.7128;-74.006
63.73.104.0;63.73.105.255;42.3601;-71.0589
63.73.106.0;63.73.106.255;40.7128;-74.006
63.73.107.0;63.73.108.255;42.3601;-71.0589
63.73.109.0;63.73.109.255;39.0418;-94.5835
63.73.110.0;63.73.110.255;42.6526;-73.7562
63.73.111.0;63.73.112.255;40.7128;-74.006
63.73.113.0;63.73.115.255;42.3601;-71.0589
63.73.116.0;63.73.116.255;40.7128;-74.006
63.73.117.0;63.73.117.255;21.2914;-157.84
63.73.118.0;63.73.119.255;40.7128;-74.006
63.73.120.0;63.73.121.255;42.7509;-71.0914
63.73.122.0;63.73.122.255;27.9721;-82.4764
63.73.123.0;63.73.123.255;42.3601;-71.0589
63.73.124.0;63.73.124.255;40.7128;-74.006
63.73.125.0;63.73.125.255;30.228;-93.2065
63.73.126.0;63.73.126.255;40.7128;-74.006
63.73.127.0;63.73.127.255;42.4149;-83.4209
63.73.128.0;63.73.129.255;40.7128;-74.006
63.73.130.0;63.73.131.255;35.905;-78.8566
63.73.132.0;63.73.133.255;36.5779;-121.819
63.73.134.0;63.73.134.255;42.3601;-71.0589
63.73.135.0;63.73.135.255;30.0238;-89.924
63.73.136.0;63.73.136.255;42.3601;-71.0589
63.73.137.0;63.73.137.255;42.6526;-73.7562
63.73.138.0;63.73.138.255;42.3601;-71.0589
63.73.139.0;63.73.139.255;42.6526;-73.7562
63.73.140.0;63.73.141.255;40.7128;-74.006
63.73.142.0;63.73.142.255;42.3601;-71.0589
63.73.143.0;63.73.143.255;40.6479;-74.5717
63.73.144.0;63.73.144.255;42.3601;-71.0589
63.73.145.0;63.73.145.255;42.6526;-73.7562
63.73.146.0;63.73.146.255;40.7128;-74.006
63.73.147.0;63.73.147.255;35.0491;-89.935
63.73.148.0;63.73.148.255;42.3601;-71.0589
63.73.149.0;63.73.149.255;39.8334;-75.377
63.73.150.0;63.73.150.255;32.7404;-97.0187
63.73.151.0;63.73.151.255;33.7504;-84.5481
63.73.152.0;63.73.152.255;40.7128;-74.006
63.73.153.0;63.73.153.255;42.6526;-73.7562
63.73.154.0;63.73.154.255;40.7128;-74.006
63.73.155.0;63.73.156.255;42.3601;-71.0589
63.73.157.0;63.73.157.255;42.6526;-73.7562
63.73.158.0;63.73.158.255;39.0578;-77.1599
63.73.159.0;63.73.159.255;42.3601;-71.0589
63.73.160.0;63.73.163.255;38.7765;-77.2675
63.73.164.0;63.73.164.255;41.0473;-73.8019
63.73.165.0;63.73.165.255;42.3601;-71.0589
63.73.166.0;63.73.167.255;40.7128;-74.006
63.73.168.0;63.73.168.255;42.3601;-71.0589
63.73.169.0;63.73.169.255;40.7633;-73.9775
63.73.170.0;63.73.170.255;39.0418;-94.5835
63.73.171.0;63.73.171.255;38.9132;-77.0434
63.73.172.0;63.73.172.95;39.0418;-94.5835
63.73.172.96;63.73.173.255;42.3601;-71.0589
63.73.174.0;63.73.174.255;40.7128;-74.006
63.73.175.0;63.73.178.127;42.3601;-71.0589
63.73.178.128;63.73.178.215;39.0418;-94.5835
63.73.178.216;63.73.179.255;42.3601;-71.0589
63.73.180.0;63.73.180.255;40.0665;-75.3066
63.73.181.0;63.73.181.255;41.7264;-86.2968
63.73.182.0;63.73.182.255;41.9876;-87.858
63.73.183.0;63.73.183.255;40.7884;-74.3699
63.73.184.0;63.73.184.255;36.09;-79.8187
63.73.185.0;63.73.185.255;42.3601;-71.0589
63.73.186.0;63.73.186.255;42.0757;-88.2084
63.73.187.0;63.73.188.255;42.3601;-71.0589
63.73.189.0;63.73.189.255;40.7128;-74.006
63.73.190.0;63.73.190.255;41.6494;-83.5427
63.73.191.0;63.73.191.255;40.7128;-74.006
63.73.192.0;63.73.194.255;42.3601;-71.0589
63.73.195.0;63.73.195.223;42.341;-83.8762
63.73.195.224;63.73.196.255;42.6526;-73.7562
63.73.197.0;63.73.197.255;34.1651;-84.7999
63.73.198.0;63.73.198.255;42.3601;-71.0589
63.73.199.0;63.73.199.255;42.0689;-87.919
63.73.200.0;63.73.202.255;42.3601;-71.0589
63.73.203.0;63.73.203.255;42.6526;-73.7562
63.73.204.0;63.73.204.255;33.9099;-84.4347
63.73.205.0;63.73.205.255;42.6526;-73.7562
63.73.206.0;63.73.206.255;40.7128;-74.006
63.73.207.0;63.73.207.255;32.5325;-92.0912
63.73.208.0;63.73.210.255;40.7128;-74.006
63.73.211.0;63.73.211.255;29.2017;-82.1071
63.73.212.0;63.73.212.255;40.7128;-74.006
63.73.213.0;63.73.213.255;42.2021;-87.8952
63.73.214.0;63.73.214.255;39.8073;-79.5656
63.73.215.0;63.73.215.255;39.6292;-79.9566
63.73.216.0;63.73.216.255;42.3601;-71.0589
63.73.217.0;63.73.217.255;42.6526;-73.7562
63.73.218.0;63.73.218.255;32.8964;-117.189
63.73.219.0;63.73.219.255;40.7128;-74.006
63.73.220.0;63.73.220.255;39.9139;-86.074
63.73.221.0;63.73.221.255;42.3601;-71.0589
63.73.222.0;63.73.222.255;40.7128;-74.006
63.73.223.0;63.73.223.255;42.3601;-71.0589
63.73.224.0;63.73.227.255;39.0107;-77.469
63.73.228.0;63.73.228.255;25.7978;-80.332
63.73.229.0;63.73.229.255;40.7128;-74.006
63.73.230.0;63.73.231.255;39.1704;-76.7367
63.73.232.0;63.73.232.255;36.5432;-82.5117
63.73.233.0;63.73.233.255;40.7128;-74.006
63.73.234.0;63.73.235.15;42.3601;-71.0589
63.73.235.16;63.73.235.255;38.9348;-76.9994
63.73.236.0;63.73.236.255;38.9149;-104.821
63.73.237.0;63.73.237.255;40.7848;-74.0763
63.73.238.0;63.73.238.255;42.3601;-71.0589
63.73.239.0;63.73.239.255;42.6526;-73.7562
63.73.240.0;63.73.241.255;42.3601;-71.0589
63.73.242.0;63.73.242.255;40.7128;-74.006
63.73.243.0;63.73.244.255;42.6526;-73.7562
63.73.245.0;63.73.245.255;42.3601;-71.0589
63.73.246.0;63.73.246.255;40.7128;-74.006
63.73.247.0;63.73.247.255;42.3601;-71.0589
63.73.248.0;63.73.248.255;40.7128;-74.006
63.73.249.0;63.73.251.255;42.3601;-71.0589
63.73.252.0;63.74.0.255;40.7128;-74.006
63.74.1.0;63.74.1.255;42.3601;-71.0589
63.74.2.0;63.74.3.255;37.7057;-122.153
63.74.4.0;63.74.4.255;42.3601;-71.0589
63.74.5.0;63.74.5.255;40.0483;-75.3552
63.74.6.0;63.74.6.239;32.8873;-96.6869
63.74.6.240;63.74.7.255;42.3601;-71.0589
63.74.8.0;63.74.8.127;40.8735;-73.5302
63.74.8.128;63.74.9.255;40.7128;-74.006
63.74.10.0;63.74.10.255;34.0212;-84.3156
63.74.11.0;63.74.11.255;27.9785;-82.756
63.74.12.0;63.74.12.255;42.6526;-73.7562
63.74.13.0;63.74.13.255;42.3601;-71.0589
63.74.14.0;63.74.15.255;40.7128;-74.006
63.74.16.0;63.74.16.255;42.6526;-73.7562
63.74.17.0;63.74.17.255;42.3601;-71.0589
63.74.18.0;63.74.18.255;42.6526;-73.7562
63.74.19.0;63.74.19.255;38.8104;-77.4555
63.74.20.0;63.74.20.255;42.3601;-71.0589
63.74.21.0;63.74.21.255;33.9501;-83.4084
63.74.22.0;63.74.23.255;42.3601;-71.0589
63.74.24.0;63.74.26.255;40.7128;-74.006
63.74.27.0;63.74.29.255;42.6526;-73.7562
63.74.30.0;63.74.31.255;42.3601;-71.0589
63.74.32.0;63.74.33.255;36.1508;-86.8022
63.74.34.0;63.74.35.255;42.3601;-71.0589
63.74.36.0;63.74.36.255;42.6526;-73.7562
63.74.37.0;63.74.37.255;39.0123;-94.6607
63.74.38.0;63.74.39.255;42.3601;-71.0589
63.74.40.0;63.74.40.255;42.6526;-73.7562
63.74.41.0;63.74.41.255;42.1341;-72.7402
63.74.42.0;63.74.42.255;42.3601;-71.0589
63.74.43.0;63.74.44.255;40.7128;-74.006
63.74.45.0;63.74.45.255;42.6526;-73.7562
63.74.46.0;63.74.46.255;42.3601;-71.0589
63.74.47.0;63.74.47.255;40.7128;-74.006
63.74.48.0;63.74.48.255;42.3601;-71.0589
63.74.49.0;63.74.49.255;29.2574;-81.0482
63.74.50.0;63.74.50.191;33.9183;-118.416
63.74.50.192;63.74.51.255;42.3601;-71.0589
63.74.52.0;63.74.52.255;35.2222;-85.2186
63.74.53.0;63.74.57.255;42.3601;-71.0589
63.74.58.0;63.74.58.255;37.995;-87.5426
63.74.59.0;63.74.59.255;33.7082;-117.92
63.74.60.0;63.74.60.255;42.107;-87.7723
63.74.61.0;63.74.61.127;42.3601;-71.0589
63.74.61.128;63.74.62.255;39.1052;-94.5884
63.74.63.0;63.74.63.255;33.8402;-84.3702
63.74.64.0;63.74.64.255;42.6526;-73.7562
63.74.65.0;63.74.66.255;42.3601;-71.0589
63.74.67.0;63.74.67.255;42.6526;-73.7562
63.74.68.0;63.74.68.255;39.1739;-77.1558
63.74.69.0;63.74.69.255;32.8023;-97.2395
63.74.70.0;63.74.70.255;42.3601;-71.0589
63.74.71.0;63.74.71.255;39.7464;-104.999
63.74.72.0;63.74.72.255;41.8385;-72.6029
63.74.73.0;63.74.73.255;42.3601;-71.0589
63.74.74.0;63.74.74.255;42.6526;-73.7562
63.74.75.0;63.74.75.255;40.7128;-74.006
63.74.76.0;63.74.77.255;42.3601;-71.0589
63.74.78.0;63.74.78.255;42.6526;-73.7562
63.74.79.0;63.74.79.255;40.7128;-74.006
63.74.80.0;63.74.80.255;42.6526;-73.7562
63.74.81.0;63.74.81.255;25.7636;-80.1891
63.74.82.0;63.74.82.255;39.1008;-77.0208
63.74.83.0;63.74.83.255;42.3601;-71.0589
63.74.84.0;63.74.84.255;44.2501;-88.4437
63.74.85.0;63.74.85.255;40.7566;-73.9835
63.74.86.0;63.74.87.223;37.3111;-121.771
63.74.87.224;63.74.87.255;40.7128;-74.006
63.74.88.0;63.74.89.255;42.3601;-71.0589
63.74.90.0;63.74.90.255;40.7128;-74.006
63.74.91.0;63.74.91.255;42.6526;-73.7562
63.74.92.0;63.74.95.255;42.3601;-71.0589
63.74.96.0;63.74.96.255;37.9777;-122.057
63.74.97.0;63.74.97.255;40.7128;-74.006
63.74.98.0;63.74.98.255;41.6381;-81.4204
63.74.99.0;63.74.100.255;42.3601;-71.0589
63.74.101.0;63.74.101.255;40.5193;-105.047
63.74.102.0;63.74.102.255;33.658;-117.768
63.74.103.0;63.74.104.255;42.3601;-71.0589
63.74.105.0;63.74.105.255;34.1528;-118.695
63.74.106.0;63.74.106.255;42.3601;-71.0589
63.74.107.0;63.74.107.255;40.7128;-74.006
63.74.108.0;63.74.108.255;42.6526;-73.7562
63.74.109.0;63.74.109.255;38.9852;-77.0882
63.74.110.0;63.74.110.255;42.6554;-71.1462
63.74.111.0;63.74.111.255;42.3601;-71.0589
63.74.112.0;63.74.112.255;40.7128;-74.006
63.74.113.0;63.74.113.255;42.6526;-73.7562
63.74.114.0;63.74.114.255;40.7128;-74.006
63.74.115.0;63.74.115.255;42.3601;-71.0589
63.74.116.0;63.74.116.255;37.7709;-122.404
63.74.117.0;63.74.117.255;40.7128;-74.006
63.74.118.0;63.74.118.255;42.6526;-73.7562
63.74.119.0;63.74.119.255;41.0559;-73.5449
63.74.120.0;63.74.120.255;42.3601;-71.0589
63.74.121.0;63.74.121.255;40.7128;-74.006
63.74.122.0;63.74.122.255;42.3601;-71.0589
63.74.123.0;63.74.123.255;40.7128;-74.006
63.74.124.0;63.74.124.255;42.6526;-73.7562
63.74.125.0;63.74.127.255;40.7128;-74.006
63.74.128.0;63.74.128.255;42.6526;-73.7562
63.74.129.0;63.74.129.255;40.7128;-74.006
63.74.130.0;63.74.130.255;42.3601;-71.0589
63.74.131.0;63.74.132.255;40.7128;-74.006
63.74.133.0;63.74.134.255;42.3601;-71.0589
63.74.135.0;63.74.135.255;38.8426;-77.0846
63.74.136.0;63.74.136.255;40.8056;-73.6394
63.74.137.0;63.74.137.255;42.3601;-71.0589
63.74.138.0;63.74.139.255;45.517;-122.673
63.74.140.0;63.74.140.255;40.7128;-74.006
63.74.141.0;63.74.142.255;42.3601;-71.0589
63.74.143.0;63.74.143.255;40.7128;-74.006
63.74.144.0;63.74.144.255;41.3816;-72.9021
63.74.145.0;63.74.145.255;40.7128;-74.006
63.74.146.0;63.74.147.255;40.711;-74.0066
63.74.148.0;63.74.148.255;42.3601;-71.0589
63.74.149.0;63.74.149.255;41.4708;-90.4664
63.74.150.0;63.74.151.255;42.3601;-71.0589
63.74.152.0;63.74.152.255;42.6526;-73.7562
63.74.153.0;63.74.153.255;42.3601;-71.0589
63.74.154.0;63.74.155.255;51.4919;-0.144999
63.74.156.0;63.74.157.255;42.3601;-71.0589
63.74.158.0;63.74.158.255;38.8942;-77.0236
63.74.159.0;63.74.160.255;42.3601;-71.0589
63.74.161.0;63.74.161.255;40.7128;-74.006
63.74.162.0;63.74.162.255;42.3601;-71.0589
63.74.163.0;63.74.164.255;40.7128;-74.006
63.74.165.0;63.74.165.255;42.3601;-71.0589
63.74.166.0;63.74.167.31;42.9564;-78.8141
63.74.167.32;63.74.167.255;40.7128;-74.006
63.74.168.0;63.74.168.255;40.4419;-80.0053
63.74.169.0;63.74.170.255;42.3601;-71.0589
63.74.171.0;63.74.171.255;34.0573;-118.253
63.74.172.0;63.74.173.255;42.3601;-71.0589
63.74.174.0;63.74.175.255;32.4337;-93.7112
63.74.176.0;63.74.176.255;42.3601;-71.0589
63.74.177.0;63.74.177.255;38.8595;-77.0498
63.74.178.0;63.74.178.255;40.7303;-73.9912
63.74.179.0;63.74.179.255;42.6526;-73.7562
63.74.180.0;63.74.180.255;40.7128;-74.006
63.74.181.0;63.74.181.255;42.3601;-71.0589
63.74.182.0;63.74.182.127;41.4995;-81.6872
63.74.182.128;63.74.183.255;40.7128;-74.006
63.74.184.0;63.74.184.255;42.6526;-73.7562
63.74.185.0;63.74.185.255;42.3601;-71.0589
63.74.186.0;63.74.186.255;41.8789;-87.6372
63.74.187.0;63.74.187.255;33.9673;-118.409
63.74.188.0;63.74.188.255;37.7709;-122.404
63.74.189.0;63.74.189.255;38.9122;-85.5472
63.74.190.0;63.74.190.255;40.6298;-91.3145
63.74.191.0;63.74.191.255;25.7916;-80.32
63.74.192.0;63.74.192.255;41.8776;-87.6386
63.74.193.0;63.74.195.255;42.3601;-71.0589
63.74.196.0;63.74.196.255;40.7128;-74.006
63.74.197.0;63.74.197.255;37.8893;-122.129
63.74.198.0;63.74.198.255;42.6526;-73.7562
63.74.199.0;63.74.199.255;40.7128;-74.006
63.74.200.0;63.74.200.255;42.6526;-73.7562
63.74.201.0;63.74.201.255;42.3601;-71.0589
63.74.202.0;63.74.203.255;42.6526;-73.7562
63.74.204.0;63.74.204.255;42.3601;-71.0589
63.74.205.0;63.74.205.255;37.7852;-122.436
63.74.206.0;63.74.206.255;42.6526;-73.7562
63.74.207.0;63.74.207.255;42.3601;-71.0589
63.74.208.0;63.74.208.255;37.5411;-77.4332
63.74.209.0;63.74.209.255;37.4488;-77.4735
63.74.210.0;63.74.210.255;40.7128;-74.006
63.74.211.0;63.74.211.255;42.3601;-71.0589
63.74.212.0;63.74.212.255;38.8899;-77.0824
63.74.213.0;63.74.213.255;40.7128;-74.006
63.74.214.0;63.74.214.255;42.3601;-71.0589
63.74.215.0;63.74.215.255;37.3111;-121.771
63.74.216.0;63.74.217.255;38.9072;-77.0369
63.74.218.0;63.74.218.255;35.9026;-78.7519
63.74.219.0;63.74.219.255;42.3601;-71.0589
63.74.220.0;63.74.220.255;40.7128;-74.006
63.74.221.0;63.74.221.255;42.3601;-71.0589
63.74.222.0;63.74.222.255;32.8836;-96.9779
63.74.223.0;63.74.223.255;42.1544;-88.1307
63.74.224.0;63.74.225.255;40.8557;-74.2924
63.74.226.0;63.74.226.255;40.7128;-74.006
63.74.227.0;63.74.227.255;42.3601;-71.0589
63.74.228.0;63.74.228.255;36.8419;-76.0839
63.74.229.0;63.74.230.63;38.8673;-77.234
63.74.230.64;63.74.230.255;38.9054;-77.0405
63.74.231.0;63.74.231.255;38.8673;-77.234
63.74.232.0;63.74.232.255;42.6526;-73.7562
63.74.233.0;63.74.233.255;40.7128;-74.006
63.74.234.0;63.74.241.95;42.3601;-71.0589
63.74.241.96;63.74.241.255;38.9328;-77.3809
63.74.242.0;63.74.242.255;44.8961;-93.4176
63.74.243.0;63.74.243.255;42.3601;-71.0589
63.74.244.0;63.74.245.255;40.7128;-74.006
63.74.246.0;63.74.246.255;42.3601;-71.0589
63.74.247.0;63.74.247.255;32.5675;-116.976
63.74.248.0;63.74.249.255;42.6526;-73.7562
63.74.250.0;63.74.250.255;40.7292;-74.0072
63.74.251.0;63.74.251.255;33.9933;-118.216
63.74.252.0;63.74.252.255;42.3601;-71.0589
63.74.253.0;63.74.253.255;40.7128;-74.006
63.74.254.0;63.74.254.223;42.3601;-71.0589
63.74.254.224;63.75.8.95;41.4007;-81.8456
63.75.8.96;63.75.8.127;41.4623;-81.534
63.75.8.128;63.75.12.255;41.4007;-81.8456
63.75.13.0;63.75.13.255;40.0608;-88.2542
63.75.14.0;63.75.15.255;42.3601;-71.0589
63.75.16.0;63.75.16.255;40.7128;-74.006
63.75.17.0;63.75.17.255;43.418;-71.99
63.75.18.0;63.75.19.255;42.3601;-71.0589
63.75.20.0;63.75.20.255;37.87;-122.269
63.75.21.0;63.75.21.255;33.6584;-117.77
63.75.22.0;63.75.22.255;42.3601;-71.0589
63.75.23.0;63.75.23.255;33.5785;-85.1249
63.75.24.0;63.75.24.255;42.3601;-71.0589
63.75.25.0;63.75.25.255;40.7128;-74.006
63.75.26.0;63.75.30.255;42.3601;-71.0589
63.75.31.0;63.75.31.255;36.3354;-92.3813
63.75.32.0;63.75.32.191;38.9366;-77.1814
63.75.32.192;63.75.33.255;42.3601;-71.0589
63.75.34.0;63.75.35.255;42.6526;-73.7562
63.75.36.0;63.75.36.255;42.3601;-71.0589
63.75.37.0;63.75.37.255;40.7128;-74.006
63.75.38.0;63.75.38.255;42.6526;-73.7562
63.75.39.0;63.75.39.255;42.3601;-71.0589
63.75.40.0;63.75.40.255;26.1419;-81.7913
63.75.41.0;63.75.41.255;32.8912;-117.212
63.75.42.0;63.75.42.255;42.3601;-71.0589
63.75.43.0;63.75.43.255;46.3963;-117.036
63.75.44.0;63.75.44.255;42.6526;-73.7562
63.75.45.0;63.75.46.255;40.7128;-74.006
63.75.47.0;63.75.47.255;37.6282;-122.423
63.75.48.0;63.75.48.255;42.109;-86.475
63.75.49.0;63.75.49.255;41.8814;-87.6366
63.75.50.0;63.75.50.207;30.3997;-91.0171
63.75.50.208;63.75.52.255;42.3601;-71.0589
63.75.53.0;63.75.54.255;40.7128;-74.006
63.75.55.0;63.75.55.255;34.0973;-116.31
63.75.56.0;63.75.56.255;39.0113;-77.4713
63.75.57.0;63.75.58.255;42.3601;-71.0589
63.75.59.0;63.75.59.255;32.8098;-96.8496
63.75.60.0;63.75.63.255;41.8803;-87.6375
63.75.64.0;63.75.64.255;42.3601;-71.0589
63.75.65.0;63.75.65.255;39.0107;-77.469
63.75.66.0;63.75.66.255;40.4005;-74.2377
63.75.67.0;63.75.67.255;42.3601;-71.0589
63.75.68.0;63.75.68.255;40.7128;-74.006
63.75.69.0;63.75.69.255;42.3601;-71.0589
63.75.70.0;63.75.72.255;29.2976;-97.1602
63.75.73.0;63.75.73.255;42.3601;-71.0589
63.75.74.0;63.75.79.255;32.892;-117.203
63.75.80.0;63.75.80.255;42.6526;-73.7562
63.75.81.0;63.75.81.255;38.8443;-77.1197
63.75.82.0;63.75.82.255;40.7128;-74.006
63.75.83.0;63.75.83.255;38.9932;-76.8738
63.75.84.0;63.75.85.255;40.7128;-74.006
63.75.86.0;63.75.87.255;42.6526;-73.7562
63.75.88.0;63.75.90.255;42.3601;-71.0589
63.75.91.0;63.75.91.255;39.0107;-77.469
63.75.92.0;63.75.92.255;42.3601;-71.0589
63.75.93.0;63.75.93.255;40.7128;-74.006
63.75.94.0;63.75.94.255;30.341;-97.7045
63.75.95.0;63.75.95.127;35.8053;-83.5521
63.75.95.128;63.75.98.255;39.1182;-77.5827
63.75.99.0;63.75.99.255;42.3601;-71.0589
63.75.100.0;63.75.100.159;42.3515;-71.0708
63.75.100.160;63.75.101.255;40.7128;-74.006
63.75.102.0;63.75.102.255;40.8313;-77.843
63.75.103.0;63.75.103.255;40.7128;-74.006
63.75.104.0;63.75.104.255;42.6526;-73.7562
63.75.105.0;63.75.105.255;37.6282;-122.423
63.75.106.0;63.75.106.255;40.8481;-73.635
63.75.107.0;63.75.107.255;42.2953;-71.0274
63.75.108.0;63.75.111.255;37.5903;-122.341
63.75.112.0;63.75.114.255;42.3601;-71.0589
63.75.115.0;63.75.116.63;40.7128;-74.006
63.75.116.64;63.75.116.255;40.5333;-74.5483
63.75.117.0;63.75.117.255;38.8417;-77.3077
63.75.118.0;63.75.120.255;44.0523;-71.1254
63.75.121.0;63.75.121.255;39.9155;-75.3924
63.75.122.0;63.75.122.255;42.3601;-71.0589
63.75.123.0;63.75.123.255;40.7128;-74.006
63.75.124.0;63.75.124.255;34.0389;-118.261
63.75.125.0;63.75.125.255;39.3136;-76.753
63.75.126.0;63.75.126.255;42.3601;-71.0589
63.75.127.0;63.75.127.255;40.7857;-73.7307
63.75.128.0;63.75.129.255;40.7128;-74.006
63.75.130.0;63.75.131.255;38.882;-77.1089
63.75.132.0;63.75.132.191;38.9512;-92.328
63.75.132.192;63.75.133.255;42.3601;-71.0589
63.75.134.0;63.75.134.255;40.7128;-74.006
63.75.135.0;63.75.135.255;33.7153;-117.849
63.75.136.0;63.75.136.255;37.7766;-122.392
63.75.137.0;63.75.137.255;34.6885;-86.7278
63.75.138.0;63.75.138.255;42.6526;-73.7562
63.75.139.0;63.75.139.255;40.7128;-74.006
63.75.140.0;63.75.140.255;42.3601;-71.0589
63.75.141.0;63.75.141.255;38.8193;-77.1436
63.75.142.0;63.75.144.255;42.3601;-71.0589
63.75.145.0;63.75.145.255;47.084;-122.365
63.75.146.0;63.75.146.255;42.6526;-73.7562
63.75.147.0;63.75.148.255;42.3601;-71.0589
63.75.149.0;63.75.149.207;40.7128;-74.006
63.75.149.208;63.75.150.255;41.4007;-81.8456
63.75.151.0;63.75.151.255;41.9579;-88.1781
63.75.152.0;63.75.152.255;42.3601;-71.0589
63.75.153.0;63.75.153.255;40.4279;-79.8113
63.75.154.0;63.75.154.255;38.8739;-77.4333
63.75.155.0;63.75.155.255;42.3601;-71.0589
63.75.156.0;63.75.156.255;39.9503;-75.151
63.75.157.0;63.75.158.255;42.3601;-71.0589
63.75.159.0;63.75.159.255;40.7128;-74.006
63.75.160.0;63.75.162.255;42.3601;-71.0589
63.75.163.0;63.75.163.79;41.8855;-87.6265
63.75.163.80;63.75.164.255;42.3601;-71.0589
63.75.165.0;63.75.166.255;40.7128;-74.006
63.75.167.0;63.75.167.255;26.6397;-81.8763
63.75.168.0;63.75.169.255;42.3601;-71.0589
63.75.170.0;63.75.170.255;42.6526;-73.7562
63.75.171.0;63.75.172.255;42.3601;-71.0589
63.75.173.0;63.75.173.255;41.8434;-87.9879
63.75.174.0;63.75.174.255;40.7128;-74.006
63.75.175.0;63.75.175.255;42.3601;-71.0589
63.75.176.0;63.75.176.255;42.6526;-73.7562
63.75.177.0;63.75.177.127;41.9788;-87.8602
63.75.177.128;63.75.178.255;42.3601;-71.0589
63.75.179.0;63.75.179.255;40.7128;-74.006
63.75.180.0;63.75.180.255;42.3601;-71.0589
63.75.181.0;63.75.181.255;40.7055;-74.0097
63.75.182.0;63.75.182.255;42.3601;-71.0589
63.75.183.0;63.75.183.255;40.7128;-74.006
63.75.184.0;63.75.184.255;42.3601;-71.0589
63.75.185.0;63.75.185.255;40.7128;-74.006
63.75.186.0;63.75.186.255;42.3601;-71.0589
63.75.187.0;63.75.187.255;26.6573;-80.0487
63.75.188.0;63.75.188.255;37.3531;-79.1887
63.75.189.0;63.75.189.255;40.7128;-74.006
63.75.190.0;63.75.190.255;42.6526;-73.7562
63.75.191.0;63.75.192.255;40.7128;-74.006
63.75.193.0;63.75.193.255;42.3601;-71.0589
63.75.194.0;63.75.194.255;40.4354;-80.1379
63.75.195.0;63.75.196.255;42.3601;-71.0589
63.75.197.0;63.75.197.255;38.9417;-77.3234
63.75.198.0;63.75.198.255;30.0709;-94.1285
63.75.199.0;63.75.199.255;34.2008;-118.485
63.75.200.0;63.75.200.255;40.1417;-75.287
63.75.201.0;63.75.201.255;38.9271;-77.0145
63.75.202.0;63.75.202.255;34.1954;-79.7626
63.75.203.0;63.75.203.255;42.3601;-71.0589
63.75.204.0;63.75.206.255;40.7128;-74.006
63.75.207.0;63.75.207.255;42.3601;-71.0589
63.75.208.0;63.75.209.255;37.9678;-91.3562
63.75.210.0;63.75.210.255;40.7128;-74.006
63.75.211.0;63.75.211.255;41.7483;-87.9417
63.75.212.0;63.75.212.255;42.3601;-71.0589
63.75.213.0;63.75.213.255;40.1198;-75.4129
63.75.214.0;63.75.214.255;37.5552;-122.277
63.75.215.0;63.75.219.127;42.3601;-71.0589
63.75.219.128;63.75.219.255;41.8305;-87.6585
63.75.220.0;63.75.220.255;40.7128;-74.006
63.75.221.0;63.75.221.255;42.4882;-71.1988
63.75.222.0;63.75.222.255;40.9944;-74.3786
63.75.223.0;63.75.223.255;42.3601;-71.0589
63.75.224.0;63.75.224.255;42.6526;-73.7562
63.75.225.0;63.75.225.255;40.7128;-74.006
63.75.226.0;63.75.227.255;42.3601;-71.0589
63.75.228.0;63.75.228.255;38.9099;-77.0057
63.75.229.0;63.75.229.255;42.3601;-71.0589
63.75.230.0;63.75.230.255;42.6526;-73.7562
63.75.231.0;63.75.231.255;40.7128;-74.006
63.75.232.0;63.75.232.255;33.7909;-118.001
63.75.233.0;63.75.233.255;40.7128;-74.006
63.75.234.0;63.75.234.255;42.3601;-71.0589
63.75.235.0;63.75.235.255;18.0177;-76.7979
63.75.236.0;63.75.236.255;38.8029;-77.1392
63.75.237.0;63.75.237.255;40.7128;-74.006
63.75.238.0;63.75.238.255;38.2538;-85.7592
63.75.239.0;63.75.239.255;36.0914;-79.8141
63.75.240.0;63.75.255.255;34.0549;-118.243
63.76.0.0;63.76.0.255;40.7396;-74.3735
63.76.1.0;63.76.1.255;42.4722;-71.2481
63.76.2.0;63.76.2.255;39.7451;-104.98
63.76.3.0;63.76.3.255;39.5603;-104.858
63.76.4.0;63.76.4.255;40.7128;-74.006
63.76.5.0;63.76.5.255;38.6484;-90.3334
63.76.6.0;63.76.7.255;39.0063;-77.4371
63.76.8.0;63.76.8.255;26.5936;-81.8493
63.76.9.0;63.76.9.255;45.219;-93.4129
63.76.10.0;63.76.10.255;40.9625;-74.0685
63.76.11.0;63.76.11.255;39.3099;-94.7138
63.76.12.0;63.76.12.255;39.0215;-92.7458
63.76.13.0;63.76.13.255;38.7523;-90.4652
63.76.14.0;63.76.14.255;42.3601;-71.0589
63.76.15.0;63.76.15.255;38.7566;-90.4641
63.76.16.0;63.76.16.255;38.8949;-77.0761
63.76.17.0;63.76.17.255;37.7108;-97.2239
63.76.18.0;63.76.18.255;39.5892;-104.841
63.76.19.0;63.76.19.255;33.6251;-111.888
63.76.20.0;63.76.20.255;37.2371;-93.3403
63.76.21.0;63.76.21.255;42.3601;-71.0589
63.76.22.0;63.76.22.255;38.8828;-77.1134
63.76.23.0;63.76.23.255;26.1419;-81.7913
63.76.24.0;63.76.24.255;39.5587;-104.839
63.76.25.0;63.76.25.255;40.7724;-111.903
63.76.26.0;63.76.26.255;39.5585;-105.121
63.76.27.0;63.76.27.255;43.6573;-116.338
63.76.28.0;63.76.28.255;40.8094;-73.5163
63.76.29.0;63.76.29.255;45.5293;-122.656
63.76.30.0;63.76.30.255;30.045;-95.5235
63.76.31.0;63.76.31.255;41.5977;-93.7805
63.76.32.0;63.76.32.255;33.0296;-96.7061
63.76.33.0;63.76.33.255;39.5959;-104.843
63.76.34.0;63.76.34.255;41.2212;-111.971
63.76.35.0;63.76.35.255;38.9573;-77.4264
63.76.36.0;63.76.36.255;40.851;-74.8258
63.76.37.0;63.76.37.255;42.3601;-71.0589
63.76.38.0;63.76.39.255;41.8536;-87.6183
63.76.40.0;63.76.40.255;39.0438;-77.4874
63.76.41.0;63.76.41.255;38.8665;-77.2341
63.76.42.0;63.76.42.255;38.5749;-92.1699
63.76.43.0;63.76.43.255;40.7128;-74.006
63.76.44.0;63.76.44.255;41.197;-111.95
63.76.45.0;63.76.45.255;40.7741;-112.005
63.76.46.0;63.76.47.255;41.4556;-81.5039
63.76.48.0;63.76.48.255;38.6682;-90.6297
63.76.49.0;63.76.49.255;38.6249;-90.1895
63.76.50.0;63.76.51.255;39.8966;-105.122
63.76.52.0;63.76.55.255;39.1013;-94.5788
63.76.56.0;63.76.56.255;38.9095;-77.0545
63.76.57.0;63.76.57.255;40.7724;-111.903
63.76.58.0;63.76.58.255;37.161;-93.3403
63.76.59.0;63.76.59.255;36.1141;-94.1481
63.76.60.0;63.76.60.255;39.443;-119.761
63.76.61.0;63.76.61.255;38.6297;-90.1889
63.76.62.0;63.76.63.255;37.6608;-77.574
63.76.64.0;63.76.64.255;34.152;-118.348
63.76.65.0;63.76.65.255;42.6526;-73.7562
63.76.66.0;63.76.67.255;42.3545;-71.0553
63.76.68.0;63.76.68.255;42.3601;-71.0589
63.76.69.0;63.76.69.255;37.7469;-122.203
63.76.70.0;63.76.70.255;29.9409;-90.1842
63.76.71.0;63.76.71.255;41.2861;-96.0684
63.76.72.0;63.76.72.255;40.7229;-74.0056
63.76.73.0;63.76.73.255;38.694;-90.4477
63.76.74.0;63.76.75.255;36.1506;-95.9919
63.76.76.0;63.76.76.255;38.6297;-90.2147
63.76.77.0;63.76.77.255;39.0429;-94.5954
63.76.78.0;63.76.78.255;41.6934;-86.1761
63.76.79.0;63.76.79.255;39.7392;-104.99
63.76.80.0;63.76.80.255;36.1758;-94.2384
63.76.81.0;63.76.81.255;41.5596;-90.5762
63.76.82.0;63.76.82.255;34.1574;-118.494
63.76.83.0;63.76.83.255;40.7583;-96.6976
63.76.84.0;63.76.84.255;38.9804;-94.6074
63.76.85.0;63.76.85.255;40.0873;-75.3409
63.76.86.0;63.76.86.255;38.8963;-94.6734
63.76.87.0;63.76.87.255;29.951;-90.0773
63.76.88.0;63.76.88.255;40.7724;-111.903
63.76.89.0;63.76.89.255;38.6327;-90.1956
63.76.90.0;63.76.90.255;35.1083;-89.8691
63.76.91.0;63.76.91.255;40.0836;-74.9166
63.76.92.0;63.76.92.255;40.634;-111.805
63.76.93.0;63.76.93.255;42.3031;-83.7028
63.76.94.0;63.76.95.255;47.4303;-122.25
63.76.96.0;63.76.96.255;32.8423;-97.082
63.76.97.0;63.76.97.255;40.8065;-73.4869
63.76.98.0;63.76.98.255;39.0107;-77.469
63.76.99.0;63.76.99.255;38.6755;-90.3685
63.76.100.0;63.76.100.255;38.6293;-90.1972
63.76.101.0;63.76.101.255;39.1028;-94.5821
63.76.102.0;63.76.102.255;39.6522;-105.075
63.76.103.0;63.76.103.255;32.8298;-117.134
63.76.104.0;63.76.104.255;40.3541;-111.778
63.76.105.0;63.76.105.255;39.5603;-104.858
63.76.106.0;63.76.106.255;25.7649;-80.2591
63.76.107.0;63.76.107.255;44.8575;-93.2228
63.76.108.0;63.76.108.255;37.9647;-87.5254
63.76.109.0;63.76.109.255;33.5655;-111.922
63.76.110.0;63.76.110.255;41.4671;-87.0511
63.76.111.0;63.76.111.255;38.908;-77.2146
63.76.112.0;63.76.112.255;40.7312;-111.966
63.76.113.0;63.76.113.255;37.6893;-97.3437
63.76.114.0;63.76.114.255;40.7128;-74.006
63.76.115.0;63.76.115.255;40.3203;-111.681
63.76.116.0;63.76.117.255;40.5156;-112.032
63.76.118.0;63.76.119.255;36.7499;-95.9718
63.76.120.0;63.76.120.255;38.6285;-90.5167
63.76.121.0;63.76.121.255;40.7537;-112.024
63.76.122.0;63.76.122.255;29.9652;-95.3929
63.76.123.0;63.76.123.255;45.0021;-93.4648
63.76.124.0;63.76.124.255;42.0219;-93.5754
63.76.125.0;63.76.125.255;39.5603;-104.858
63.76.126.0;63.76.126.255;38.6443;-90.3449
63.76.127.0;63.76.127.255;38.9066;-77.0483
63.76.128.0;63.76.128.255;39.9537;-75.168
63.76.129.0;63.76.129.255;40.0891;-105.197
63.76.130.0;63.76.130.255;38.9094;-104.775
63.76.131.0;63.76.131.255;39.1014;-94.588
63.76.132.0;63.76.132.255;39.0997;-94.5786
63.76.133.0;63.76.133.255;40.5439;-74.5411
63.76.134.0;63.76.134.255;38.797;-77.1794
63.76.135.0;63.76.135.255;42.6044;-82.8969
63.76.136.0;63.76.136.255;38.6678;-90.4466
63.76.137.0;63.76.137.255;40.0695;-75.4226
63.76.138.0;63.76.138.255;39.6223;-104.889
63.76.139.0;63.76.139.255;42.3601;-71.0589
63.76.140.0;63.76.140.255;38.2794;-85.5111
63.76.141.0;63.76.141.255;42.3601;-71.0589
63.76.142.0;63.76.142.255;28.1672;-80.6444
63.76.143.0;63.76.143.255;39.5603;-104.858
63.76.144.0;63.76.145.255;39.0477;-94.5905
63.76.146.0;63.76.146.255;39.7202;-105.118
63.76.147.0;63.76.147.255;39.7771;-104.795
63.76.148.0;63.76.148.255;42.3601;-71.0589
63.76.149.0;63.76.149.255;39.9183;-74.942
63.76.150.0;63.76.150.255;39.3806;-77.4146
63.76.151.0;63.76.151.255;39.6609;-104.849
63.76.152.0;63.76.152.255;38.672;-90.4425
63.76.153.0;63.76.153.255;31.8586;-102.36
63.76.154.0;63.76.154.255;42.8778;-112.458
63.76.155.0;63.76.155.255;32.5789;-95.1274
63.76.156.0;63.76.159.255;40.8665;-98.0034
63.76.160.0;63.76.160.255;40.7128;-74.006
63.76.161.0;63.76.161.255;42.3601;-71.0589
63.76.162.0;63.76.163.255;42.6526;-73.7562
63.76.164.0;63.76.164.255;37.9902;-85.7157
63.76.165.0;63.76.165.255;34.1462;-118.123
63.76.166.0;63.76.166.255;42.8444;-108.749
63.76.167.0;63.76.167.255;33.8975;-84.4646
63.76.168.0;63.76.169.255;38.989;-90.9535
63.76.170.0;63.76.170.255;41.2114;-96.1188
63.76.171.0;63.76.171.255;42.3601;-71.0589
63.76.172.0;63.76.172.255;38.9253;-94.6648
63.76.173.0;63.76.173.255;38.0092;-84.518
63.76.174.0;63.76.174.255;42.6526;-73.7562
63.76.175.0;63.76.175.255;41.88;-87.6391
63.76.176.0;63.76.176.255;40.7128;-74.006
63.76.177.0;63.76.177.255;41.3119;-96.0026
63.76.178.0;63.76.178.255;42.8681;-85.5449
63.76.179.0;63.76.179.255;33.9661;-84.3638
63.76.180.0;63.76.180.255;42.5275;-83.0464
63.76.181.0;63.76.181.255;40.7065;-74.013
63.76.182.0;63.76.182.255;37.7904;-122.392
63.76.183.0;63.76.183.255;42.3601;-71.0589
63.76.184.0;63.76.187.255;40.761;-111.898
63.76.188.0;63.76.188.255;42.3601;-71.0589
63.76.189.0;63.76.189.255;41.8319;-90.2006
63.76.190.0;63.76.191.255;38.989;-90.9535
63.76.192.0;63.76.192.255;39.0103;-77.7576
63.76.193.0;63.76.193.255;35.3252;-94.3876
63.76.194.0;63.76.194.255;40.3372;-79.9725
63.76.195.0;63.76.195.255;41.2421;-73.1461
63.76.196.0;63.76.196.255;39.7392;-104.99
63.76.197.0;63.76.197.255;42.6526;-73.7562
63.76.198.0;63.76.199.255;41.3161;-110.336
63.76.200.0;63.76.200.255;42.3601;-71.0589
63.76.201.0;63.76.201.255;40.7128;-74.006
63.76.202.0;63.76.203.255;42.3601;-71.0589
63.76.204.0;63.76.204.255;40.7128;-74.006
63.76.205.0;63.76.205.255;42.3601;-71.0589
63.76.206.0;63.76.206.255;40.7128;-74.006
63.76.207.0;63.76.207.255;42.3601;-71.0589
63.76.208.0;63.76.209.255;40.7191;-74.0422
63.76.210.0;63.76.210.255;41.1409;-73.2675
63.76.211.0;63.76.211.255;40.7078;-74.0075
63.76.212.0;63.76.212.255;38.6619;-90.5643
63.76.213.0;63.76.213.255;39.5552;-104.998
63.76.214.0;63.76.214.255;35.47;-97.6
63.76.215.0;63.76.215.255;40.7128;-74.006
63.76.216.0;63.76.216.255;39.5419;-104.863
63.76.217.0;63.76.217.255;42.3601;-71.0589
63.76.218.0;63.76.219.255;39.104;-94.5702
63.76.220.0;63.76.220.255;37.6921;-97.2215
63.76.221.0;63.76.221.255;41.2668;-96.0868
63.76.222.0;63.76.222.255;42.4706;-96.3556
63.76.223.0;63.76.223.255;39.7683;-94.8556
63.76.224.0;63.76.227.255;39.8407;-96.5277
63.76.228.0;63.76.228.255;38.6461;-121.492
63.76.229.0;63.76.229.255;37.6735;-113.066
63.76.230.0;63.76.230.255;38.6649;-82.1705
63.76.231.0;63.76.231.255;41.881;-87.6349
63.76.232.0;63.76.232.255;39.9528;-105.169
63.76.233.0;63.76.233.255;38.9034;-77.0633
63.76.234.0;63.76.234.255;39.2825;-76.6144
63.76.235.0;63.76.235.255;37.0292;-93.1419
63.76.236.0;63.76.236.255;42.3601;-71.0589
63.76.237.0;63.76.237.255;39.1676;-76.5893
63.76.238.0;63.76.238.255;38.4134;-90.3822
63.76.239.0;63.76.239.255;39.7092;-75.0134
63.76.240.0;63.76.240.255;39.0997;-94.5786
63.76.241.0;63.76.241.255;40.7128;-74.006
63.76.242.0;63.76.242.255;39.6181;-104.892
63.76.243.0;63.76.245.255;42.3601;-71.0589
63.76.246.0;63.76.246.255;40.7352;-111.988
63.76.247.0;63.76.247.255;37.8018;-122.402
63.76.248.0;63.76.249.255;38.6275;-92.5666
63.76.250.0;63.76.251.255;38.8131;-92.5905
63.76.252.0;63.76.253.255;38.0081;-92.7446
63.76.254.0;63.76.255.255;39.1008;-94.5811
63.77.0.0;63.77.0.255;42.3131;-71.3918
63.77.1.0;63.77.1.255;40.7558;-73.9832
63.77.2.0;63.77.2.255;34.0534;-118.253
63.77.3.0;63.77.3.255;40.345;-74.5951
63.77.4.0;63.77.4.255;41.8765;-87.6315
63.77.5.0;63.77.6.95;42.3601;-71.0589
63.77.6.96;63.77.6.255;41.5533;-74.1896
63.77.7.0;63.77.7.255;33.6324;-111.918
63.77.8.0;63.77.10.255;40.7128;-74.006
63.77.11.0;63.77.11.255;38.9161;-77.387
63.77.12.0;63.77.15.255;37.6608;-77.574
63.77.16.0;63.77.17.255;37.6872;-97.3301
63.77.18.0;63.77.18.255;38.0526;-97.9269
63.77.19.0;63.77.19.255;38.7258;-90.3355
63.77.20.0;63.77.20.255;37.7395;-97.2321
63.77.21.0;63.77.21.255;42.1544;-88.1307
63.77.22.0;63.77.22.255;42.3601;-71.0589
63.77.23.0;63.77.23.255;38.6287;-90.2265
63.77.24.0;63.77.24.255;38.6403;-92.1224
63.77.25.0;63.77.25.255;38.8747;-92.9116
63.77.26.0;63.77.26.255;38.4314;-92.841
63.77.27.0;63.77.27.255;38.1759;-92.7844
63.77.28.0;63.77.28.255;38.1981;-92.711
63.77.29.0;63.77.31.255;38.1759;-92.7844
63.77.32.0;63.77.32.255;39.0113;-77.4713
63.77.33.0;63.77.33.255;42.3601;-71.0589
63.77.34.0;63.77.34.255;39.2957;-94.6699
63.77.35.0;63.77.35.255;42.3601;-71.0589
63.77.36.0;63.77.36.255;40.8273;-74.3911
63.77.37.0;63.77.37.255;37.4098;-122.026
63.77.38.0;63.77.38.127;37.9117;-88.7807
63.77.38.128;63.77.39.255;42.3601;-71.0589
63.77.40.0;63.77.40.255;37.3913;-121.93
63.77.41.0;63.77.41.255;29.7393;-98.0868
63.77.42.0;63.77.42.255;37.0563;-94.4532
63.77.43.0;63.77.43.255;41.0842;-111.981
63.77.44.0;63.77.44.255;42.3601;-71.0589
63.77.45.0;63.77.45.255;33.8162;-117.857
63.77.46.0;63.77.46.255;37.907;-122.064
63.77.47.0;63.77.47.255;40.7128;-74.006
63.77.48.0;63.77.48.255;40.7612;-111.826
63.77.49.0;63.77.49.255;30.3253;-81.6565
63.77.50.0;63.77.50.255;42.4725;-71.2576
63.77.51.0;63.77.51.255;42.3601;-71.0589
63.77.52.0;63.77.52.255;40.7128;-74.006
63.77.53.0;63.77.53.255;42.7053;-84.5593
63.77.54.0;63.77.54.255;42.6526;-73.7562
63.77.55.0;63.77.55.255;39.0475;-76.8663
63.77.56.0;63.77.56.255;37.9716;-87.5711
63.77.57.0;63.77.57.255;37.9445;-87.4053
63.77.58.0;63.77.61.255;37.9716;-87.5711
63.77.62.0;63.77.62.255;37.9445;-87.4053
63.77.63.0;63.77.63.255;37.9716;-87.5711
63.77.64.0;63.77.64.255;39.9621;-105.118
63.77.65.0;63.77.65.255;39.0446;-94.5977
63.77.66.0;63.77.66.255;40.7537;-112.024
63.77.67.0;63.77.67.255;41.82;-71.42
63.77.68.0;63.77.68.255;38.9298;-94.6823
63.77.69.0;63.77.69.255;42.6526;-73.7562
63.77.70.0;63.77.71.255;37.3217;-122.052
63.77.72.0;63.77.75.255;30.0653;-95.1885
63.77.76.0;63.77.76.255;39.0997;-94.5786
63.77.77.0;63.77.77.255;41.8781;-87.6298
63.77.78.0;63.77.78.255;38.0285;-87.5412
63.77.79.0;63.77.79.191;35.1607;-80.8892
63.77.79.192;63.77.80.255;42.6526;-73.7562
63.77.81.0;63.77.81.255;40.6089;-73.9572
63.77.82.0;63.77.83.255;42.3601;-71.0589
63.77.84.0;63.77.84.255;26.3797;-80.1203
63.77.85.0;63.77.85.255;38.9516;-94.6685
63.77.86.0;63.77.86.255;39.5419;-104.863
63.77.87.0;63.77.87.255;40.7555;-73.9869
63.77.88.0;63.77.88.255;40.1114;-88.207
63.77.89.0;63.77.89.255;37.3836;-121.919
63.77.90.0;63.77.90.255;38.9974;-77.4441
63.77.91.0;63.77.91.255;40.7128;-74.006
63.77.92.0;63.77.92.255;33.9657;-87.9147
63.77.93.0;63.77.93.255;37.6872;-97.3301
63.77.94.0;63.77.94.255;42.3601;-71.0589
63.77.95.0;63.77.95.255;34.8945;-82.1795
63.77.96.0;63.77.96.255;29.4666;-98.4019
63.77.97.0;63.77.97.255;29.7576;-95.3689
63.77.98.0;63.77.98.255;32.7509;-97.3314
63.77.99.0;63.77.99.255;42.3601;-71.0589
63.77.100.0;63.77.101.255;37.2707;-107.881
63.77.102.0;63.77.102.255;38.0722;-97.3456
63.77.103.0;63.77.104.255;42.3601;-71.0589
63.77.105.0;63.77.105.255;42.6526;-73.7562
63.77.106.0;63.77.106.255;40.7128;-74.006
63.77.107.0;63.77.107.255;42.3601;-71.0589
63.77.108.0;63.77.108.255;37.0422;-112.514
63.77.109.0;63.77.109.255;42.3601;-71.0589
63.77.110.0;63.77.110.255;37.3235;-122.021
63.77.111.0;63.77.111.255;42.6526;-73.7562
63.77.112.0;63.77.127.255;41.7913;-88.283
63.77.128.0;63.77.128.255;42.3601;-71.0589
63.77.129.0;63.77.129.255;38.9586;-77.357
63.77.130.0;63.77.130.255;39.9683;-75.58
63.77.131.0;63.77.131.255;33.9207;-84.3348
63.77.132.0;63.77.132.255;41.2642;-96.0607
63.77.133.0;63.77.134.127;42.3601;-71.0589
63.77.134.128;63.77.134.255;42.7931;-71.1863
63.77.135.0;63.77.135.255;41.5424;-93.7682
63.77.136.0;63.77.136.255;42.3601;-71.0589
63.77.137.0;63.77.137.255;41.4068;-81.6952
63.77.138.0;63.77.138.255;35.1768;-97.4321
63.77.139.0;63.77.139.255;37.2362;-93.2452
63.77.140.0;63.77.140.255;40.7128;-74.006
63.77.141.0;63.77.141.255;41.1562;-73.423
63.77.142.0;63.77.142.255;37.7395;-97.2321
63.77.143.0;63.77.143.255;41.4704;-75.0434
63.77.144.0;63.77.159.255;33.1929;-117.324
63.77.160.0;63.77.160.255;42.3601;-71.0589
63.77.161.0;63.77.161.255;39.3722;-104.856
63.77.162.0;63.77.162.255;35.1454;-106.594
63.77.163.0;63.77.163.255;44.9803;-93.2663
63.77.164.0;63.77.164.255;40.7128;-74.006
63.77.165.0;63.77.165.255;40.4976;-111.89
63.77.166.0;63.77.166.255;33.5184;-82.5011
63.77.167.0;63.77.167.255;39.8811;-105.074
63.77.168.0;63.77.168.255;39.6515;-104.778
63.77.169.0;63.77.169.255;40.4578;-92.1713
63.77.170.0;63.77.171.255;39.5014;-119.796
63.77.172.0;63.77.172.255;42.3601;-71.0589
63.77.173.0;63.77.173.255;40.7128;-74.006
63.77.174.0;63.77.174.255;36.1935;-95.9378
63.77.175.0;63.77.175.255;42.3601;-71.0589
63.77.176.0;63.77.184.255;42.6959;-71.2109
63.77.185.0;63.77.185.255;42.5897;-71.1552
63.77.186.0;63.77.191.255;42.6959;-71.2109
63.77.192.0;63.77.192.255;32.8209;-96.869
63.77.193.0;63.77.193.255;36.0779;-95.887
63.77.194.0;63.77.194.255;34.0479;-118.255
63.77.195.0;63.77.195.255;32.9327;-96.8383
63.77.196.0;63.77.196.255;39.1792;-77.2469
63.77.197.0;63.77.197.255;40.7128;-74.006
63.77.198.0;63.77.199.255;40.8813;-79.8991
63.77.200.0;63.77.201.255;38.8467;-91.948
63.77.202.0;63.77.203.255;38.1759;-92.7844
63.77.204.0;63.77.204.255;32.7767;-96.797
63.77.205.0;63.77.205.255;38.6556;-92.7799
63.77.206.0;63.77.206.255;38.6403;-92.1224
63.77.207.0;63.77.207.255;39.1008;-94.5811
63.77.208.0;63.77.209.255;42.3601;-71.0589
63.77.210.0;63.77.210.255;40.7128;-74.006
63.77.211.0;63.77.211.255;41.5883;-93.6156
63.77.212.0;63.77.212.255;40.7555;-73.9869
63.77.213.0;63.77.213.255;42.6526;-73.7562
63.77.214.0;63.77.214.255;39.5679;-104.869
63.77.215.0;63.77.215.255;41.2613;-111.992
63.77.216.0;63.77.216.255;40.7128;-74.006
63.77.217.0;63.77.219.255;42.3601;-71.0589
63.77.220.0;63.77.221.255;39.075;-76.5463
63.77.222.0;63.77.223.255;40.7128;-74.006
63.77.224.0;63.77.225.255;39.7569;-105.009
63.77.226.0;63.77.226.255;40.6111;-111.855
63.77.227.0;63.77.227.255;32.9327;-96.8383
63.77.228.0;63.77.231.255;18.4655;-66.1057
63.77.232.0;63.77.234.255;39.5801;-104.882
63.77.235.0;63.77.235.255;12.9716;77.5946
63.77.236.0;63.77.239.255;39.5801;-104.882
63.77.240.0;63.77.240.255;42.3601;-71.0589
63.77.241.0;63.77.241.255;34.0736;-118.4
63.77.242.0;63.77.242.255;42.6526;-73.7562
63.77.243.0;63.77.243.255;40.7555;-73.9869
63.77.244.0;63.77.245.255;42.3601;-71.0589
63.77.246.0;63.77.246.255;42.6526;-73.7562
63.77.247.0;63.77.247.255;42.3343;-83.058
63.77.248.0;63.77.251.255;38.8921;-77.032
63.77.252.0;63.77.252.255;42.6526;-73.7562
63.77.253.0;63.77.253.255;42.3601;-71.0589
63.77.254.0;63.77.254.255;39.3677;-107.035
63.77.255.0;63.77.255.255;42.6526;-73.7562
63.78.0.0;63.78.0.255;40.831;-74.0991
63.78.1.0;63.78.1.255;39.3379;-85.4846
63.78.2.0;63.78.2.255;38.8963;-94.6734
63.78.3.0;63.78.3.255;42.3601;-71.0589
63.78.4.0;63.78.5.255;30.3729;-97.7578
63.78.6.0;63.78.6.255;44.8433;-93.1331
63.78.7.0;63.78.7.255;42.3601;-71.0589
63.78.8.0;63.78.8.255;40.7128;-74.006
63.78.9.0;63.78.9.255;40.5156;-112.032
63.78.10.0;63.78.10.255;42.3601;-71.0589
63.78.11.0;63.78.11.255;37.2149;-93.2949
63.78.12.0;63.78.15.255;33.4871;-112.075
63.78.16.0;63.78.16.255;39.5942;-104.843
63.78.17.0;63.78.17.255;40.7128;-74.006
63.78.18.0;63.78.18.255;39.0113;-77.4713
63.78.19.0;63.78.21.255;42.3601;-71.0589
63.78.22.0;63.78.22.255;39.5889;-104.841
63.78.23.0;63.78.23.255;30.3863;-97.7684
63.78.24.0;63.78.24.255;33.9591;-84.2329
63.78.25.0;63.78.25.255;41.2156;-73.7262
63.78.26.0;63.78.26.255;32.8005;-96.8214
63.78.27.0;63.78.27.255;40.7128;-74.006
63.78.28.0;63.78.28.255;42.527;-96.427
63.78.29.0;63.78.29.255;25.8105;-80.3665
63.78.30.0;63.78.30.255;34.0345;-83.9457
63.78.31.0;63.78.31.255;39.0578;-77.1599
63.78.32.0;63.78.47.255;40.6581;-111.892
63.78.48.0;63.78.48.255;39.8811;-105.074
63.78.49.0;63.78.49.255;43.5848;-84.7674
63.78.50.0;63.78.50.255;42.7169;-87.8867
63.78.51.0;63.78.51.255;32.667;-97.1539
63.78.52.0;63.78.52.255;40.7557;-73.9889
63.78.53.0;63.78.53.255;42.3601;-71.0589
63.78.54.0;63.78.55.255;41.2668;-96.0868
63.78.56.0;63.78.56.255;41.0842;-111.981
63.78.57.0;63.78.57.255;39.0308;-94.856
63.78.58.0;63.78.59.255;42.3601;-71.0589
63.78.60.0;63.78.60.255;39.0452;-77.0994
63.78.61.0;63.78.62.255;40.7128;-74.006
63.78.63.0;63.78.63.255;40.6806;-112.258
63.78.64.0;63.78.64.255;33.9;-117.866
63.78.65.0;63.78.65.255;28.5799;-81.3066
63.78.66.0;63.78.67.255;35.0165;-117.976
63.78.68.0;63.78.70.255;40.7128;-74.006
63.78.71.0;63.78.71.255;29.0613;-81.2782
63.78.72.0;63.78.72.247;47.7795;-116.794
63.78.72.248;63.78.73.255;42.3601;-71.0589
63.78.74.0;63.78.74.255;39.0851;-94.5809
63.78.75.0;63.78.75.255;33.9915;-118.351
63.78.76.0;63.78.76.255;42.3601;-71.0589
63.78.77.0;63.78.77.255;41.871;-72.7356
63.78.78.0;63.78.78.255;34.1673;-118.592
63.78.79.0;63.78.79.255;40.7628;-73.9808
63.78.80.0;63.78.80.255;42.3601;-71.0589
63.78.81.0;63.78.81.255;34.1582;-118.493
63.78.82.0;63.78.82.255;37.507;-122.251
63.78.83.0;63.78.84.15;42.6526;-73.7562
63.78.84.16;63.78.84.255;40.7721;-73.9564
63.78.85.0;63.78.85.255;33.9207;-84.3348
63.78.86.0;63.78.86.255;28.6072;-81.3779
63.78.87.0;63.78.87.255;42.3601;-71.0589
63.78.88.0;63.78.88.255;42.6526;-73.7562
63.78.89.0;63.78.89.255;37.3235;-121.968
63.78.90.0;63.78.91.255;42.6526;-73.7562
63.78.92.0;63.78.92.255;41.2372;-96.1595
63.78.93.0;63.78.93.255;37.4437;-122.163
63.78.94.0;63.78.94.255;40.7128;-74.006
63.78.95.0;63.78.95.255;40.7572;-73.977
63.78.96.0;63.78.96.255;42.3601;-71.0589
63.78.97.0;63.78.97.255;40.7128;-74.006
63.78.98.0;63.78.98.255;33.1426;-117.186
63.78.99.0;63.78.99.255;41.8893;-87.6372
63.78.100.0;63.78.100.255;40.043;-75.458
63.78.101.0;63.78.101.255;39.7053;-104.933
63.78.102.0;63.78.103.255;43.07;-94.233
63.78.104.0;63.78.104.255;42.3601;-71.0589
63.78.105.0;63.78.105.255;40.0426;-111.733
63.78.106.0;63.78.106.255;32.9222;-96.8181
63.78.107.0;63.78.107.255;40.7676;-111.889
63.78.108.0;63.78.111.255;37.504;-97.5043
63.78.112.0;63.78.112.127;40.4259;-91.7115
63.78.112.128;63.78.114.63;40.7128;-74.006
63.78.114.64;63.78.114.255;37.3957;-122.149
63.78.115.0;63.78.115.255;37.974;-122.033
63.78.116.0;63.78.119.255;39.5466;-111.457
63.78.120.0;63.78.120.255;40.7128;-74.006
63.78.121.0;63.78.121.255;40.6726;-111.802
63.78.122.0;63.78.122.255;36.8397;-91.7534
63.78.123.0;63.78.123.255;40.7128;-74.006
63.78.124.0;63.78.124.255;42.3642;-71.0604
63.78.125.0;63.78.125.255;40.7326;-73.4454
63.78.126.0;63.78.126.255;39.5977;-104.893
63.78.127.0;63.78.127.255;42.229;-87.9566
63.78.128.0;63.78.128.255;40.7128;-74.006
63.78.129.0;63.78.129.255;42.3601;-71.0589
63.78.130.0;63.78.130.255;42.5733;-112.876
63.78.131.0;63.78.131.255;39.011;-77.4711
63.78.132.0;63.78.133.255;35.0165;-117.976
63.78.134.0;63.78.134.255;42.6526;-73.7562
63.78.135.0;63.78.135.255;38.9377;-94.6698
63.78.136.0;63.78.136.255;40.4578;-92.1713
63.78.137.0;63.78.137.255;44.8997;-93.4097
63.78.138.0;63.78.139.255;40.7128;-74.006
63.78.140.0;63.78.140.255;42.3601;-71.0589
63.78.141.0;63.78.141.255;42.3166;-85.1802
63.78.142.0;63.78.142.255;42.3601;-71.0589
63.78.143.0;63.78.143.255;41.8781;-87.6298
63.78.144.0;63.78.144.255;42.3601;-71.0589
63.78.145.0;63.78.145.255;41.0161;-74.2542
63.78.146.0;63.78.146.255;40.3418;-74.129
63.78.147.0;63.78.147.255;41.4239;-82.1861
63.78.148.0;63.78.148.255;38.7763;-90.3895
63.78.149.0;63.78.149.223;27.9028;-82.7274
63.78.149.224;63.78.150.255;42.3601;-71.0589
63.78.151.0;63.78.151.255;38.7359;-90.364
63.78.152.0;63.78.155.255;32.6484;-97.0459
63.78.156.0;63.78.156.255;42.3601;-71.0589
63.78.157.0;63.78.157.255;33.3947;-111.952
63.78.158.0;63.78.158.255;42.6526;-73.7562
63.78.159.0;63.78.159.255;42.3601;-71.0589
63.78.160.0;63.78.160.255;26.3646;-80.126
63.78.161.0;63.78.161.255;38.0526;-97.9269
63.78.162.0;63.78.162.255;35.1454;-106.594
63.78.163.0;63.78.163.255;39.0107;-77.469
63.78.164.0;63.78.164.255;42.3601;-71.0589
63.78.165.0;63.78.165.255;40.7128;-74.006
63.78.166.0;63.78.166.255;42.3601;-71.0589
63.78.167.0;63.78.167.255;41.8784;-87.6345
63.78.168.0;63.78.168.255;37.6892;-97.3437
63.78.169.0;63.78.169.255;40.622;-111.858
63.78.170.0;63.78.170.255;37.4743;-122.149
63.78.171.0;63.78.171.255;42.3601;-71.0589
63.78.172.0;63.78.172.255;34.0521;-118.258
63.78.173.0;63.78.173.255;33.5784;-86.2752
63.78.174.0;63.78.174.255;42.3601;-71.0589
63.78.175.0;63.78.175.255;42.6526;-73.7562
63.78.176.0;63.78.176.255;39.0579;-94.5959
63.78.177.0;63.78.177.255;42.6526;-73.7562
63.78.178.0;63.78.179.255;42.3601;-71.0589
63.78.180.0;63.78.180.255;26.2091;-80.1422
63.78.181.0;63.78.181.255;35.8308;-78.7811
63.78.182.0;63.78.182.255;42.6526;-73.7562
63.78.183.0;63.78.184.255;42.3601;-71.0589
63.78.185.0;63.78.185.255;34.0485;-118.353
63.78.186.0;63.78.186.255;42.6526;-73.7562
63.78.187.0;63.78.187.255;40.7128;-74.006
63.78.188.0;63.78.188.255;38.6327;-90.1956
63.78.189.0;63.78.189.255;40.7128;-74.006
63.78.190.0;63.78.191.255;41.9977;-87.8794
63.78.192.0;63.78.192.255;42.3601;-71.0589
63.78.193.0;63.78.193.255;40.2355;-111.657
63.78.194.0;63.78.194.255;42.3601;-71.0589
63.78.195.0;63.78.195.255;42.6526;-73.7562
63.78.196.0;63.78.196.255;40.2152;-84.4936
63.78.197.0;63.78.197.255;40.7128;-74.006
63.78.198.0;63.78.198.255;38.5961;-121.273
63.78.199.0;63.78.199.255;40.7713;-74.365
63.78.200.0;63.78.200.191;40.7437;-73.9875
63.78.200.192;63.78.201.255;42.3601;-71.0589
63.78.202.0;63.78.202.255;42.3654;-71.1862
63.78.203.0;63.78.203.255;42.3601;-71.0589
63.78.204.0;63.78.204.255;42.6526;-73.7562
63.78.205.0;63.78.205.255;34.1109;-84.2049
63.78.206.0;63.78.206.255;42.3601;-71.0589
63.78.207.0;63.78.207.255;42.601;-83.2884
63.78.208.0;63.78.208.255;42.3601;-71.0589
63.78.209.0;63.78.209.255;40.7128;-74.006
63.78.210.0;63.78.211.255;42.3601;-71.0589
63.78.212.0;63.78.215.255;39.6264;-111.44
63.78.216.0;63.78.216.255;42.3601;-71.0589
63.78.217.0;63.78.217.127;38.9502;-76.8303
63.78.217.128;63.78.218.255;42.6526;-73.7562
63.78.219.0;63.78.219.255;42.3601;-71.0589
63.78.220.0;63.78.221.255;42.6526;-73.7562
63.78.222.0;63.78.222.255;42.3601;-71.0589
63.78.223.0;63.78.223.255;39.8915;-86.2576
63.78.224.0;63.78.224.255;42.3601;-71.0589
63.78.225.0;63.78.225.255;42.6526;-73.7562
63.78.226.0;63.78.226.255;38.8094;-104.725
63.78.227.0;63.78.227.255;43.0691;-94.2366
63.78.228.0;63.78.228.255;42.3601;-71.0589
63.78.229.0;63.78.229.255;42.6526;-73.7562
63.78.230.0;63.78.230.255;42.3601;-71.0589
63.78.231.0;63.78.231.255;42.6526;-73.7562
63.78.232.0;63.78.232.255;40.7128;-74.006
63.78.233.0;63.78.233.255;42.3601;-71.0589
63.78.234.0;63.78.235.255;40.7128;-74.006
63.78.236.0;63.78.236.63;40.7906;-73.5345
63.78.236.64;63.78.237.255;42.3601;-71.0589
63.78.238.0;63.78.238.127;41.9107;-87.6716
63.78.238.128;63.78.239.255;42.3601;-71.0589
63.78.240.0;63.78.240.255;39.6329;-104.894
63.78.241.0;63.78.241.255;39.1013;-94.5788
63.78.242.0;63.78.243.255;39.7467;-75.5491
63.78.244.0;63.78.244.255;35.9142;-83.9548
63.78.245.0;63.78.245.255;33.871;-118.355
63.78.246.0;63.78.246.255;35.9142;-83.9548
63.78.247.0;63.78.247.255;32.2871;-110.973
63.78.248.0;63.78.249.255;42.3601;-71.0589
63.78.250.0;63.78.250.255;40.7128;-74.006
63.78.251.0;63.78.251.255;42.3601;-71.0589
63.78.252.0;63.78.252.255;34.6053;-118.153
63.78.253.0;63.78.253.255;42.6526;-73.7562
63.78.254.0;63.78.254.255;38.9396;-94.5304
63.78.255.0;63.78.255.255;38.9843;-94.7183
63.79.0.0;63.79.0.255;37.6867;-97.3279
63.79.1.0;63.79.2.255;40.7128;-74.006
63.79.3.0;63.79.3.255;42.3601;-71.0589
63.79.4.0;63.79.4.255;42.6526;-73.7562
63.79.5.0;63.79.5.255;40.7128;-74.006
63.79.6.0;63.79.6.255;42.3601;-71.0589
63.79.7.0;63.79.7.255;38.5816;-121.494
63.79.8.0;63.79.8.255;40.7128;-74.006
63.79.9.0;63.79.9.127;38.9035;-77.0407
63.79.9.128;63.79.10.255;40.7128;-74.006
63.79.11.0;63.79.11.255;33.8676;-117.875
63.79.12.0;63.79.13.255;30.6381;-96.3705
63.79.14.0;63.79.14.255;37.6872;-97.3301
63.79.15.0;63.79.15.255;40.7128;-74.006
63.79.16.0;63.79.17.255;31.7947;-85.9658
63.79.18.0;63.79.18.255;42.3601;-71.0589
63.79.19.0;63.79.19.255;40.7128;-74.006
63.79.20.0;63.79.20.255;37.7402;-89.0187
63.79.21.0;63.79.21.255;30.5927;-97.689
63.79.22.0;63.79.22.255;38.9786;-77.4488
63.79.23.0;63.79.23.255;42.4945;-96.4072
63.79.24.0;63.79.27.255;42.3601;-71.0589
63.79.28.0;63.79.28.255;40.7128;-74.006
63.79.29.0;63.79.31.255;42.3601;-71.0589
63.79.32.0;63.79.32.255;40.7128;-74.006
63.79.33.0;63.79.34.127;42.3601;-71.0589
63.79.34.128;63.79.34.255;37.6865;-122.406
63.79.35.0;63.79.35.255;41.2399;-96.0306
63.79.36.0;63.79.36.255;42.6526;-73.7562
63.79.37.0;63.79.37.255;40.7128;-74.006
63.79.38.0;63.79.39.255;39.2824;-81.5508
63.79.40.0;63.79.47.255;42.431;-71.4553
63.79.48.0;63.79.49.255;42.3601;-71.0589
63.79.50.0;63.79.50.255;41.5069;-74.0424
63.79.51.0;63.79.51.255;43.4187;-93.5243
63.79.52.0;63.79.53.255;42.3601;-71.0589
63.79.54.0;63.79.54.255;40.7128;-74.006
63.79.55.0;63.79.55.255;42.3601;-71.0589
63.79.56.0;63.79.56.255;38.5942;-92.3371
63.79.57.0;63.79.57.255;37.9939;-92.8363
63.79.58.0;63.79.58.255;38.9736;-92.7432
63.79.59.0;63.79.59.255;38.4314;-92.841
63.79.60.0;63.79.60.255;38.6403;-92.1224
63.79.61.0;63.79.61.255;32.7947;-96.8089
63.79.62.0;63.79.63.255;39.1008;-94.5811
63.79.64.0;63.79.64.255;40.7383;-111.953
63.79.65.0;63.79.66.255;42.3601;-71.0589
63.79.67.0;63.79.67.255;40.7128;-74.006
63.79.68.0;63.79.68.255;37.3674;-121.916
63.79.69.0;63.79.69.255;34.1144;-84.2368
63.79.70.0;63.79.71.255;42.3601;-71.0589
63.79.72.0;63.79.72.255;39.9638;-86.1235
63.79.73.0;63.79.73.255;42.3601;-71.0589
63.79.74.0;63.79.74.255;39.2195;-76.8598
63.79.75.0;63.79.75.255;40.4419;-80.0053
63.79.76.0;63.79.76.255;42.6526;-73.7562
63.79.77.0;63.79.77.255;40.7128;-74.006
63.79.78.0;63.79.79.255;40.7511;-111.618
63.79.80.0;63.79.80.255;42.3601;-71.0589
63.79.81.0;63.79.81.255;40.7128;-74.006
63.79.82.0;63.79.82.255;43.6496;-70.3583
63.79.83.0;63.79.85.255;42.3601;-71.0589
63.79.86.0;63.79.86.255;42.6526;-73.7562
63.79.87.0;63.79.87.255;41.8806;-87.6255
63.79.88.0;63.79.91.255;36.3632;-94.1833
63.79.92.0;63.79.92.255;41.4066;-81.6951
63.79.93.0;63.79.93.255;42.3601;-71.0589
63.79.94.0;63.79.94.255;38.9261;-77.2214
63.79.95.0;63.79.95.255;38.9008;-77.0387
63.79.96.0;63.79.97.255;42.3601;-71.0589
63.79.98.0;63.79.98.255;47.8114;-122.378
63.79.99.0;63.79.99.255;37.6744;-122.388
63.79.100.0;63.79.103.255;44.9743;-93.2676
63.79.104.0;63.79.105.255;39.1067;-77.2
63.79.106.0;63.79.106.255;45.0021;-93.4648
63.79.107.0;63.79.107.255;40.7128;-74.006
63.79.108.0;63.79.110.255;42.3601;-71.0589
63.79.111.0;63.79.111.255;38.9144;-77.235
63.79.112.0;63.79.112.255;42.3601;-71.0589
63.79.113.0;63.79.113.255;39.1909;-76.6476
63.79.114.0;63.79.114.255;29.4753;-98.3995
63.79.115.0;63.79.115.255;35.9232;-78.5357
63.79.116.0;63.79.116.255;42.6526;-73.7562
63.79.117.0;63.79.117.255;40.7128;-74.006
63.79.118.0;63.79.118.255;42.3601;-71.0589
63.79.119.0;63.79.119.255;42.6526;-73.7562
63.79.120.0;63.79.120.255;33.8664;-84.476
63.79.121.0;63.79.122.255;42.3601;-71.0589
63.79.123.0;63.79.123.255;42.6526;-73.7562
63.79.124.0;63.79.125.255;30.4715;-90.111
63.79.126.0;63.79.127.255;42.6526;-73.7562
63.79.128.0;63.79.128.255;39.1008;-94.5811
63.79.129.0;63.79.130.255;38.3084;-92.8255
63.79.131.0;63.79.133.255;38.6403;-92.1224
63.79.134.0;63.79.134.255;38.1281;-92.6686
63.79.135.0;63.79.135.255;38.6275;-92.5666
63.79.136.0;63.79.136.255;39.6207;-77.8041
63.79.137.0;63.79.143.255;42.3601;-71.0589
63.79.144.0;63.79.144.255;41.5042;-81.6909
63.79.145.0;63.79.146.255;42.3601;-71.0589
63.79.147.0;63.79.147.255;42.6526;-73.7562
63.79.148.0;63.79.148.255;39.1062;-93.1984
63.79.149.0;63.79.149.223;39.3536;-76.63
63.79.149.224;63.79.150.255;42.3601;-71.0589
63.79.151.0;63.79.151.255;42.6526;-73.7562
63.79.152.0;63.79.152.255;42.3601;-71.0589
63.79.153.0;63.79.153.255;34.0235;-118.497
63.79.154.0;63.79.154.255;40.7128;-74.006
63.79.155.0;63.79.155.255;42.3601;-71.0589
63.79.156.0;63.79.156.255;36.8406;-76.3055
63.79.157.0;63.79.157.255;40.7128;-74.006
63.79.158.0;63.79.159.255;42.3601;-71.0589
63.79.160.0;63.79.160.255;40.7128;-74.006
63.79.161.0;63.79.161.255;42.3601;-71.0589
63.79.162.0;63.79.162.255;42.3569;-71.0503
63.79.163.0;63.79.163.191;34.0212;-84.3156
63.79.163.192;63.79.164.255;42.3601;-71.0589
63.79.165.0;63.79.166.255;42.6526;-73.7562
63.79.167.0;63.79.167.255;42.3601;-71.0589
63.79.168.0;63.79.175.255;46.995;-120.545
63.79.176.0;63.79.179.255;32.7767;-96.797
63.79.180.0;63.79.182.255;40.7128;-74.006
63.79.183.0;63.79.183.255;42.3601;-71.0589
63.79.184.0;63.79.184.255;40.7636;-111.874
63.79.185.0;63.79.185.255;32.863;-96.7687
63.79.186.0;63.79.186.255;40.7128;-74.006
63.79.187.0;63.79.187.255;32.8809;-96.7662
63.79.188.0;63.79.188.255;40.7128;-74.006
63.79.189.0;63.79.189.255;42.3601;-71.0589
63.79.190.0;63.79.190.255;40.7128;-74.006
63.79.191.0;63.79.191.255;42.6526;-73.7562
63.79.192.0;63.79.192.255;40.7128;-74.006
63.79.193.0;63.79.193.255;38.8956;-76.9934
63.79.194.0;63.79.194.255;38.9051;-77.2231
63.79.195.0;63.79.195.255;42.6526;-73.7562
63.79.196.0;63.79.197.63;42.3601;-71.0589
63.79.197.64;63.79.197.255;40.8296;-73.6453
63.79.198.0;63.79.198.255;40.0227;-75.3161
63.79.199.0;63.79.199.255;40.7128;-74.006
63.79.200.0;63.79.200.255;42.3601;-71.0589
63.79.201.0;63.79.201.255;42.6526;-73.7562
63.79.202.0;63.79.203.255;40.7128;-74.006
63.79.204.0;63.79.205.255;42.3601;-71.0589
63.79.206.0;63.79.206.255;34.1112;-84.2044
63.79.207.0;63.79.207.255;40.7128;-74.006
63.79.208.0;63.79.208.255;26.375;-80.0897
63.79.209.0;63.79.209.255;39.1138;-76.6861
63.79.210.0;63.79.210.255;40.7137;-73.8312
63.79.211.0;63.79.211.255;42.3601;-71.0589
63.79.212.0;63.79.212.255;42.6526;-73.7562
63.79.213.0;63.79.213.255;40.7128;-74.006
63.79.214.0;63.79.214.255;37.4108;-122.002
63.79.215.0;63.79.215.255;42.6526;-73.7562
63.79.216.0;63.79.218.255;42.3601;-71.0589
63.79.219.0;63.79.219.255;40.7128;-74.006
63.79.220.0;63.79.221.255;42.3601;-71.0589
63.79.222.0;63.79.224.255;40.7128;-74.006
63.79.225.0;63.79.226.255;42.3601;-71.0589
63.79.227.0;63.79.227.255;42.0503;-87.682
63.79.228.0;63.79.229.255;42.3601;-71.0589
63.79.230.0;63.79.230.255;40.7128;-74.006
63.79.231.0;63.79.231.255;42.6526;-73.7562
63.79.232.0;63.79.232.255;39.9612;-82.9988
63.79.233.0;63.79.234.255;42.3601;-71.0589
63.79.235.0;63.79.235.255;42.6526;-73.7562
63.79.236.0;63.79.237.255;40.7128;-74.006
63.79.238.0;63.79.238.255;42.6526;-73.7562
63.79.239.0;63.79.239.255;40.7128;-74.006
63.79.240.0;63.79.255.255;39.0922;-77.1539
63.80.0.0;63.80.0.255;37.3881;-121.974
63.80.1.0;63.80.1.255;33.8923;-118.058
63.80.2.0;63.80.2.255;35.9361;-84.005
63.80.3.0;63.80.3.255;34.104;-117.802
63.80.4.0;63.80.4.255;42.3644;-71.0891
63.80.5.0;63.80.5.255;37.4847;-122.178
63.80.6.0;63.80.6.255;37.4037;-122.009
63.80.7.0;63.80.7.255;41.6934;-86.1761
63.80.8.0;63.80.11.255;40.8156;-74.2211
63.80.12.0;63.80.12.255;40.7128;-74.006
63.80.13.0;63.80.13.255;41.0497;-123.674
63.80.14.0;63.80.15.255;37.3342;-121.892
63.80.16.0;63.80.19.255;32.7557;-97.3308
63.80.20.0;63.80.21.255;37.7709;-122.404
63.80.22.0;63.80.22.255;36.0428;-95.954
63.80.23.0;63.80.23.255;39.0113;-77.4713
63.80.24.0;63.80.24.255;33.8507;-118.304
63.80.25.0;63.80.25.255;37.3895;-122.018
63.80.26.0;63.80.27.255;40.736;-122.93
63.80.28.0;63.80.31.255;37.3975;-122.085
63.80.32.0;63.80.33.255;38.7301;-120.793
63.80.34.0;63.80.34.255;38.8267;-121.202
63.80.35.0;63.80.35.255;38.7301;-120.793
63.80.36.0;63.80.37.255;37.5903;-122.341
63.80.38.0;63.80.38.255;40.736;-122.93
63.80.39.0;63.80.39.255;37.5589;-122.304
63.80.40.0;63.80.40.255;40.7505;-73.9818
63.80.41.0;63.80.41.255;39.4675;-118.777
63.80.42.0;63.80.42.255;39.2032;-76.6826
63.80.43.0;63.80.43.255;36.8781;-76.2161
63.80.44.0;63.80.44.255;38.5544;-121.326
63.80.45.0;63.80.45.255;41.9802;-91.6643
63.80.46.0;63.80.46.255;38.9066;-77.0483
63.80.47.0;63.80.47.255;12.9361;77.6192
63.80.48.0;63.80.48.255;40.931;-98.3782
63.80.49.0;63.80.49.255;33.6842;-117.852
63.80.50.0;63.80.50.255;38.557;-121.374
63.80.51.0;63.80.51.255;40.757;-73.9704
63.80.52.0;63.80.52.255;37.4192;-122.088
63.80.53.0;63.80.53.255;37.7583;-121.958
63.80.54.0;63.80.54.255;42.3601;-71.0589
63.80.55.0;63.80.55.255;37.4459;-122.161
63.80.56.0;63.80.56.255;33.8507;-118.304
63.80.57.0;63.80.57.255;37.5589;-122.304
63.80.58.0;63.80.58.255;40.7128;-74.006
63.80.59.0;63.80.59.255;37.7936;-122.4
63.80.60.0;63.80.60.255;37.7777;-122.405
63.80.61.0;63.80.61.255;42.3601;-71.0589
63.80.62.0;63.80.62.255;37.7841;-122.396
63.80.63.0;63.80.63.255;37.5551;-122.3
63.80.64.0;63.80.64.255;33.9161;-84.3522
63.80.65.0;63.80.65.255;37.8077;-122.265
63.80.66.0;63.80.66.255;38.9366;-77.1814
63.80.67.0;63.80.67.255;37.3493;-122.051
63.80.68.0;63.80.68.255;47.6735;-117.233
63.80.69.0;63.80.69.255;37.7926;-122.399
63.80.70.0;63.80.70.255;41.1898;-73.4321
63.80.71.0;63.80.71.255;33.8507;-118.304
63.80.72.0;63.80.73.255;40.736;-122.93
63.80.74.0;63.80.74.255;41.1536;-73.9419
63.80.75.0;63.80.75.255;37.7871;-122.447
63.80.76.0;63.80.76.255;37.7919;-122.401
63.80.77.0;63.80.77.255;34.0907;-118.337
63.80.78.0;63.80.78.255;42.3601;-71.0589
63.80.79.0;63.80.79.255;33.8507;-118.304
63.80.80.0;63.80.87.255;39.4139;-77.4114
63.80.88.0;63.80.89.255;38.5764;-121.307
63.80.90.0;63.80.91.255;40.0352;-105.17
63.80.92.0;63.80.92.255;33.8324;-116.496
63.80.93.0;63.80.93.215;38.533;-123.13
63.80.93.216;63.80.95.255;42.3601;-71.0589
63.80.96.0;63.80.96.255;34.0479;-118.255
63.80.97.0;63.80.97.255;42.0032;-88.0994
63.80.98.0;63.80.98.255;37.4128;-122.009
63.80.99.0;63.80.99.255;37.5378;-122.255
63.80.100.0;63.80.100.255;39.3307;-120.191
63.80.101.0;63.80.101.255;42.3601;-71.0589
63.80.102.0;63.80.102.255;37.5589;-122.304
63.80.103.0;63.80.103.255;37.6124;-77.5274
63.80.104.0;63.80.104.255;38.594;-121.547
63.80.105.0;63.80.105.255;40.872;-73.9555
63.80.106.0;63.80.106.255;34.2206;-119.06
63.80.107.0;63.80.107.255;37.5996;-122.37
63.80.108.0;63.80.108.255;37.7918;-122.394
63.80.109.0;63.80.109.255;42.3601;-71.0589
63.80.110.0;63.80.110.255;37.5221;-122.257
63.80.111.0;63.80.111.255;38.1075;-122.578
63.80.112.0;63.80.112.255;42.3736;-71.1097
63.80.113.0;63.80.113.255;35.9278;-83.9917
63.80.114.0;63.80.114.255;37.7914;-122.401
63.80.115.0;63.80.115.255;45.5437;-122.962
63.80.116.0;63.80.116.255;41.8043;-88.1515
63.80.117.0;63.80.117.255;37.8037;-122.275
63.80.118.0;63.80.118.255;42.3601;-71.0589
63.80.119.0;63.80.119.255;37.2416;-121.783
63.80.120.0;63.80.120.255;39.9523;-75.1665
63.80.121.0;63.80.121.255;37.3655;-121.915
63.80.122.0;63.80.122.255;40.736;-122.93
63.80.123.0;63.80.123.255;37.7913;-122.392
63.80.124.0;63.80.124.255;37.3929;-122.039
63.80.125.0;63.80.125.255;38.4551;-77.9781
63.80.126.0;63.80.126.255;37.7872;-122.404
63.80.127.0;63.80.127.255;40.13;-75.5758
63.80.128.0;63.80.128.255;42.4851;-71.2181
63.80.129.0;63.80.129.255;42.3601;-71.0589
63.80.130.0;63.80.130.255;38.0772;-122.117
63.80.131.0;63.80.131.255;37.5351;-122.258
63.80.132.0;63.80.132.255;42.3601;-71.0589
63.80.133.0;63.80.133.255;40.7128;-74.006
63.80.134.0;63.80.134.255;41.2873;-72.6894
63.80.135.0;63.80.135.255;38.6799;-121.071
63.80.136.0;63.80.137.255;33.8783;-118.397
63.80.138.0;63.80.138.255;42.3649;-71.0888
63.80.139.0;63.80.139.255;36.6006;-121.895
63.80.140.0;63.80.140.255;47.6476;-122.334
63.80.141.0;63.80.141.255;37.5204;-122.254
63.80.142.0;63.80.142.255;33.8489;-87.2831
63.80.143.0;63.80.143.255;42.3601;-71.0589
63.80.144.0;63.80.144.255;37.8097;-121.893
63.80.145.0;63.80.145.255;37.691;-121.75
63.80.146.0;63.80.146.255;39.9523;-75.1665
63.80.147.0;63.80.147.255;29.7371;-95.4622
63.80.148.0;63.80.148.255;38.594;-121.547
63.80.149.0;63.80.149.255;48.2766;-116.553
63.80.150.0;63.80.150.255;40.3206;-74.6308
63.80.151.0;63.80.151.255;32.9145;-96.7724
63.80.152.0;63.80.152.255;42.3601;-71.0589
63.80.153.0;63.80.153.255;38.3506;-81.6336
63.80.154.0;63.80.154.255;37.7886;-122.391
63.80.155.0;63.80.155.255;42.3601;-71.0589
63.80.156.0;63.80.156.255;30.3322;-81.6556
63.80.157.0;63.80.157.255;42.6526;-73.7562
63.80.158.0;63.80.158.255;38.4035;-122.819
63.80.159.0;63.80.160.255;42.3601;-71.0589
63.80.161.0;63.80.161.255;40.7128;-74.006
63.80.162.0;63.80.162.255;39.0704;-76.9589
63.80.163.0;63.80.163.255;37.8347;-122.287
63.80.164.0;63.80.164.255;37.4221;-122.203
63.80.165.0;63.80.165.255;36.1418;-115.244
63.80.166.0;63.80.166.255;38.9005;-77.0506
63.80.167.0;63.80.167.255;42.3601;-71.0589
63.80.168.0;63.80.171.255;21.3577;-157.963
63.80.172.0;63.80.172.255;38.556;-121.374
63.80.173.0;63.80.173.255;41.5122;-87.9421
63.80.174.0;63.80.174.255;37.3926;-122.081
63.80.175.0;63.80.175.255;40.8156;-74.3101
63.80.176.0;63.80.177.127;42.3601;-71.0589
63.80.177.128;63.80.177.255;38.9911;-76.6957
63.80.178.0;63.80.178.255;37.49;-121.955
63.80.179.0;63.80.179.255;37.7181;-122.398
63.80.180.0;63.80.180.255;41.6971;-73.8997
63.80.181.0;63.80.181.255;37.6486;-122.386
63.80.182.0;63.80.182.255;37.3236;-121.984
63.80.183.0;63.80.183.255;44.8054;-93.3618
63.80.184.0;63.80.191.255;38.5764;-121.307
63.80.192.0;63.80.192.255;38.2306;-122.613
63.80.193.0;63.80.193.255;36.9102;-121.783
63.80.194.0;63.80.195.255;37.3327;-121.892
63.80.196.0;63.80.196.255;37.2538;-121.932
63.80.197.0;63.80.197.255;34.0549;-118.243
63.80.198.0;63.80.198.255;37.2415;-121.783
63.80.199.0;63.80.199.255;40.7504;-73.9785
63.80.200.0;63.80.200.255;34.0483;-118.259
63.80.201.0;63.80.201.255;21.6797;-158.034
63.80.202.0;63.80.202.255;38.557;-121.374
63.80.203.0;63.80.203.255;37.3081;-121.852
63.80.204.0;63.80.204.255;39.1138;-76.6861
63.80.205.0;63.80.205.255;33.945;-118.371
63.80.206.0;63.80.206.255;37.7952;-122.401
63.80.207.0;63.80.207.255;37.847;-121.283
63.80.208.0;63.80.209.255;42.3601;-71.0589
63.80.210.0;63.80.210.255;37.5253;-121.949
63.80.211.0;63.80.213.255;32.9943;-96.711
63.80.214.0;63.80.214.255;40.5422;-74.2918
63.80.215.0;63.80.215.255;37.4213;-122.212
63.80.216.0;63.80.216.255;14.587;121.063
63.80.217.0;63.80.217.255;41.0514;-73.688
63.80.218.0;63.80.218.255;37.7878;-122.397
63.80.219.0;63.80.219.255;41.8462;-87.9047
63.80.220.0;63.80.223.255;42.3601;-71.0589
63.80.224.0;63.80.224.255;37.393;-122.035
63.80.225.0;63.80.225.127;25.7668;-80.1887
63.80.225.128;63.80.226.255;42.3601;-71.0589
63.80.227.0;63.80.227.255;43.122;-88.037
63.80.228.0;63.80.231.255;26.2339;-80.255
63.80.232.0;63.80.232.255;33.9014;-118.392
63.80.233.0;63.80.234.255;37.7872;-122.404
63.80.235.0;63.80.235.255;37.3888;-121.971
63.80.236.0;63.80.236.255;37.7872;-122.404
63.80.237.0;63.80.237.255;37.3976;-121.979
63.80.238.0;63.80.238.255;40.7202;-73.9986
63.80.239.0;63.80.239.255;41.9961;-87.8822
63.80.240.0;63.80.240.255;37.3404;-77.0754
63.80.241.0;63.80.241.255;42.4892;-83.1439
63.80.242.0;63.80.242.255;42.3649;-71.0888
63.80.243.0;63.80.243.255;37.375;-121.991
63.80.244.0;63.80.246.255;39.1127;-77.563
63.80.247.0;63.80.247.255;38.5811;-121.495
63.80.248.0;63.80.248.255;40.0877;-88.2489
63.80.249.0;63.80.249.255;32.813;-96.7545
63.80.250.0;63.80.250.255;36.8075;-119.712
63.80.251.0;63.80.251.255;41.0064;-73.6902
63.80.252.0;63.80.252.255;38.8233;-121.305
63.80.253.0;63.80.253.255;37.6652;-122.39
63.80.254.0;63.80.254.255;45.0498;-93.1448
63.80.255.0;63.80.255.255;42.5622;-71.1372
63.81.0.0;63.81.0.255;38.8233;-121.305
63.81.1.0;63.81.1.255;39.0105;-77.471
63.81.2.0;63.81.2.191;41.8762;-85.2041
63.81.2.192;63.81.3.255;42.3601;-71.0589
63.81.4.0;63.81.4.255;33.6234;-117.734
63.81.5.0;63.81.5.255;38.8781;-77.0549
63.81.6.0;63.81.6.255;37.7818;-122.404
63.81.7.0;63.81.7.255;31.8585;-102.36
63.81.8.0;63.81.8.255;40.7128;-74.006
63.81.9.0;63.81.9.255;42.3601;-71.0589
63.81.10.0;63.81.10.255;40.7311;-122.941
63.81.11.0;63.81.11.255;41.7354;-72.7977
63.81.12.0;63.81.13.255;37.5527;-122.292
63.81.14.0;63.81.14.255;42.6526;-73.7562
63.81.15.0;63.81.15.255;42.3601;-71.0589
63.81.16.0;63.81.16.255;39.7612;-105.008
63.81.17.0;63.81.17.255;37.4029;-122.117
63.81.18.0;63.81.19.255;39.6207;-77.8041
63.81.20.0;63.81.20.255;34.2076;-118.424
63.81.21.0;63.81.21.255;37.3697;-121.917
63.81.22.0;63.81.22.255;42.0911;-71.423
63.81.23.0;63.81.23.255;38.8293;-77.4342
63.81.24.0;63.81.24.255;37.6396;-118.968
63.81.25.0;63.81.25.255;37.4426;-122.162
63.81.26.0;63.81.26.255;40.7565;-73.9825
63.81.27.0;63.81.27.255;42.3601;-71.0589
63.81.28.0;63.81.28.255;37.3889;-121.931
63.81.29.0;63.81.29.255;42.6526;-73.7562
63.81.30.0;63.81.30.255;42.3601;-71.0589
63.81.31.0;63.81.31.255;40.9312;-74.2283
63.81.32.0;63.81.32.255;37.7872;-122.404
63.81.33.0;63.81.33.255;40.7128;-74.006
63.81.34.0;63.81.34.207;37.252;-121.966
63.81.34.208;63.81.35.255;32.9226;-96.7777
63.81.36.0;63.81.36.255;39.521;-119.81
63.81.37.0;63.81.37.255;36.0337;-115.14
63.81.38.0;63.81.39.127;39.5563;-119.721
63.81.39.128;63.81.39.255;28.0222;-81.7329
63.81.40.0;63.81.40.255;37.7886;-122.403
63.81.41.0;63.81.41.255;40.908;-74.1099
63.81.42.0;63.81.42.255;38.8668;-77.2382
63.81.43.0;63.81.43.255;42.6526;-73.7562
63.81.44.0;63.81.44.255;38.2306;-122.613
63.81.45.0;63.81.45.255;40.3342;-74.096
63.81.46.0;63.81.46.255;37.9274;-122.025
63.81.47.0;63.81.47.255;40.7063;-74.0131
63.81.48.0;63.81.48.255;25.7526;-80.2612
63.81.49.0;63.81.49.255;37.3387;-121.885
63.81.50.0;63.81.50.255;38.9682;-119.928
63.81.51.0;63.81.51.255;37.4743;-121.942
63.81.52.0;63.81.52.255;32.993;-96.7081
63.81.53.0;63.81.53.255;37.9261;-122.512
63.81.54.0;63.81.54.255;29.4282;-98.4925
63.81.55.0;63.81.55.255;39.0394;-77.0528
63.81.56.0;63.81.56.255;40.7128;-74.006
63.81.57.0;63.81.57.255;42.6526;-73.7562
63.81.58.0;63.81.59.255;40.7128;-74.006
63.81.60.0;63.81.61.255;42.3601;-71.0589
63.81.62.0;63.81.63.255;40.7128;-74.006
63.81.64.0;63.81.65.255;37.7816;-122.407
63.81.66.0;63.81.66.255;40.7128;-74.006
63.81.67.0;63.81.67.255;39.6501;-119.183
63.81.68.0;63.81.71.255;39.6;-104.846
63.81.72.0;63.81.72.255;37.3926;-122.081
63.81.73.0;63.81.75.255;42.3601;-71.0589
63.81.76.0;63.81.76.255;38.5438;-121.727
63.81.77.0;63.81.77.255;40.758;-73.986
63.81.78.0;63.81.78.255;41.851;-87.9714
63.81.79.0;63.81.79.255;39.0814;-76.8664
63.81.80.0;63.81.95.255;38.5764;-121.307
63.81.96.0;63.81.96.255;37.7952;-122.396
63.81.97.0;63.81.97.255;40.304;-121
63.81.98.0;63.81.98.255;42.3601;-71.0589
63.81.99.0;63.81.99.255;34.1549;-118.467
63.81.100.0;63.81.100.255;37.5212;-122.259
63.81.101.0;63.81.101.255;37.3992;-121.937
63.81.102.0;63.81.103.255;40.8275;-74.0567
63.81.104.0;63.81.104.255;41.04;-83.6692
63.81.105.0;63.81.105.255;32.3111;-86.836
63.81.106.0;63.81.106.255;37.3235;-122.021
63.81.107.0;63.81.107.255;40.7128;-74.006
63.81.108.0;63.81.109.255;45.0041;-93.4557
63.81.110.0;63.81.110.255;42.3601;-71.0589
63.81.111.0;63.81.111.255;38.8886;-77.0837
63.81.112.0;63.81.112.255;37.4122;-121.978
63.81.113.0;63.81.113.255;38.6092;-121.507
63.81.114.0;63.81.114.255;40.7981;-74.3516
63.81.115.0;63.81.115.255;40.3026;-74.5112
63.81.116.0;63.81.116.255;37.4001;-121.895
63.81.117.0;63.81.117.255;40.7128;-74.006
63.81.118.0;63.81.119.255;35.4685;-93.8383
63.81.120.0;63.81.121.255;42.3601;-71.0589
63.81.122.0;63.81.122.255;40.7128;-74.006
63.81.123.0;63.81.123.255;37.7887;-122.39
63.81.124.0;63.81.124.255;25.7533;-80.2591
63.81.125.0;63.81.125.255;40.7128;-74.006
63.81.126.0;63.81.126.255;35.0401;-89.8863
63.81.127.0;63.81.127.255;42.2785;-71.4171
63.81.128.0;63.81.128.255;42.3601;-71.0589
63.81.129.0;63.81.129.255;42.6526;-73.7562
63.81.130.0;63.81.130.255;39.3247;-76.63
63.81.131.0;63.81.131.255;36.1133;-115.207
63.81.132.0;63.81.132.255;37.6305;-120.913
63.81.133.0;63.81.133.255;38.5816;-121.494
63.81.134.0;63.81.134.255;37.3899;-122.068
63.81.135.0;63.81.135.255;38.901;-77.037
63.81.136.0;63.81.136.255;40.7128;-74.006
63.81.137.0;63.81.137.255;38.9072;-77.0369
63.81.138.0;63.81.138.255;42.3601;-71.0589
63.81.139.0;63.81.139.255;39.5251;-119.822
63.81.140.0;63.81.140.255;37.3886;-121.98
63.81.141.0;63.81.142.255;42.3601;-71.0589
63.81.143.0;63.81.143.255;33.8664;-84.476
63.81.144.0;63.81.144.255;42.6526;-73.7562
63.81.145.0;63.81.145.255;42.3601;-71.0589
63.81.146.0;63.81.146.255;39.0438;-77.4874
63.81.147.0;63.81.147.255;42.3601;-71.0589
63.81.148.0;63.81.151.255;33.6602;-117.755
63.81.152.0;63.81.152.255;32.9435;-97.1312
63.81.153.0;63.81.153.255;38.8954;-77.0123
63.81.154.0;63.81.155.255;42.3601;-71.0589
63.81.156.0;63.81.156.255;26.0865;-80.144
63.81.157.0;63.81.157.255;36.6741;-121.66
63.81.158.0;63.81.158.255;39.5222;-119.811
63.81.159.0;63.81.159.255;40.7128;-74.006
63.81.160.0;63.81.160.255;36.3877;-105.588
63.81.161.0;63.81.161.255;39.9484;-75.1434
63.81.162.0;63.81.162.255;34.0509;-118.438
63.81.163.0;63.81.163.255;37.4954;-121.955
63.81.164.0;63.81.167.255;35.089;-89.8124
63.81.168.0;63.81.168.255;42.6526;-73.7562
63.81.169.0;63.81.169.255;42.3601;-71.0589
63.81.170.0;63.81.170.255;37.257;-121.964
63.81.171.0;63.81.171.255;37.3861;-122.084
63.81.172.0;63.81.172.191;39.1082;-94.5817
63.81.172.192;63.81.173.255;42.3601;-71.0589
63.81.174.0;63.81.174.255;40.7128;-74.006
63.81.175.0;63.81.175.255;42.3601;-71.0589
63.81.176.0;63.81.176.255;33.9501;-83.4084
63.81.177.0;63.81.177.255;37.3749;-121.914
63.81.178.0;63.81.178.255;37.3387;-121.885
63.81.179.0;63.81.179.255;25.7837;-80.2967
63.81.180.0;63.81.180.255;41.8801;-87.6247
63.81.181.0;63.81.181.255;42.3601;-71.0589
63.81.182.0;63.81.182.255;42.6526;-73.7562
63.81.183.0;63.81.184.255;42.3601;-71.0589
63.81.185.0;63.81.185.255;34.1454;-118.362
63.81.186.0;63.81.186.255;38.5292;-121.387
63.81.187.0;63.81.187.255;42.3601;-71.0589
63.81.188.0;63.81.188.255;42.6526;-73.7562
63.81.189.0;63.81.193.255;42.3601;-71.0589
63.81.194.0;63.81.194.255;36.6606;-119.591
63.81.195.0;63.81.195.255;40.3491;-75.9705
63.81.196.0;63.81.197.255;42.3601;-71.0589
63.81.198.0;63.81.198.255;42.6526;-73.7562
63.81.199.0;63.81.199.255;40.7128;-74.006
63.81.200.0;63.81.200.255;42.3601;-71.0589
63.81.201.0;63.81.201.255;42.6526;-73.7562
63.81.202.0;63.81.202.255;40.7128;-74.006
63.81.203.0;63.81.203.255;42.3601;-71.0589
63.81.204.0;63.81.204.255;42.6526;-73.7562
63.81.205.0;63.81.205.255;37.5104;-121.996
63.81.206.0;63.81.206.255;33.6189;-117.9
63.81.207.0;63.81.207.255;37.9046;-122.316
63.81.208.0;63.81.209.255;35.2;-80.8442
63.81.210.0;63.81.210.255;32.7559;-97.3305
63.81.211.0;63.81.212.255;40.7128;-74.006
63.81.213.0;63.81.213.255;38.908;-77.1809
63.81.214.0;63.81.215.255;47.6454;-122.326
63.81.216.0;63.81.217.255;42.3601;-71.0589
63.81.218.0;63.81.218.255;38.6443;-121.176
63.81.219.0;63.81.221.255;42.3601;-71.0589
63.81.222.0;63.81.222.255;40.7128;-74.006
63.81.223.0;63.81.223.255;42.6526;-73.7562
63.81.224.0;63.81.224.255;40.7128;-74.006
63.81.225.0;63.81.225.255;42.3601;-71.0589
63.81.226.0;63.81.226.255;40.7128;-74.006
63.81.227.0;63.81.229.255;42.3601;-71.0589
63.81.230.0;63.81.232.255;42.6526;-73.7562
63.81.233.0;63.81.235.255;42.3601;-71.0589
63.81.236.0;63.81.236.255;40.7128;-74.006
63.81.237.0;63.81.237.255;42.3601;-71.0589
63.81.238.0;63.81.238.255;40.7128;-74.006
63.81.239.0;63.81.239.255;42.3601;-71.0589
63.81.240.0;63.81.241.255;40.7128;-74.006
63.81.242.0;63.81.242.255;29.5659;-98.592
63.81.243.0;63.81.243.255;42.6526;-73.7562
63.81.244.0;63.81.247.255;29.7795;-95.3875
63.81.248.0;63.81.248.255;39.9414;-74.9451
63.81.249.0;63.81.249.255;37.7872;-122.404
63.81.250.0;63.81.250.255;37.9629;-122.573
63.81.251.0;63.81.251.255;34.9501;-81.9327
63.81.252.0;63.81.252.255;42.3601;-71.0589
63.81.253.0;63.81.253.255;37.4098;-121.942
63.81.254.0;63.81.254.255;37.3648;-121.911
63.81.255.0;63.81.255.255;37.3877;-122.04
63.82.0.0;63.82.7.255;37.5589;-122.304
63.82.8.0;63.82.8.255;37.3235;-122.021
63.82.9.0;63.82.9.255;40.7601;-73.9818
63.82.10.0;63.82.10.255;42.3601;-71.0589
63.82.11.0;63.82.11.255;37.3387;-121.885
63.82.12.0;63.82.15.255;40.6221;-111.857
63.82.16.0;63.82.16.255;42.3601;-71.0589
63.82.17.0;63.82.17.255;40.7128;-74.006
63.82.18.0;63.82.18.255;34.9499;-81.933
63.82.19.0;63.82.19.255;40.7128;-74.006
63.82.20.0;63.82.20.255;42.3601;-71.0589
63.82.21.0;63.82.21.255;42.6526;-73.7562
63.82.22.0;63.82.22.255;30.3343;-97.7568
63.82.23.0;63.82.23.255;37.2536;-121.783
63.82.24.0;63.82.24.255;42.3601;-71.0589
63.82.25.0;63.82.25.255;38.8714;-77.4355
63.82.26.0;63.82.26.255;41.4782;-73.0551
63.82.27.0;63.82.27.255;42.6526;-73.7562
63.82.28.0;63.82.31.255;30.381;-88.5241
63.82.32.0;63.82.33.255;29.5842;-95.5026
63.82.34.0;63.82.34.255;39.5873;-104.878
63.82.35.0;63.82.35.255;40.7538;-73.9746
63.82.36.0;63.82.36.255;37.3982;-121.898
63.82.37.0;63.82.38.0;37.3969;-121.911
63.82.38.1;63.82.38.255;37.3864;-121.991
63.82.39.0;63.82.39.255;37.3343;-121.896
63.82.40.0;63.82.41.255;42.3601;-71.0589
63.82.42.0;63.82.42.255;42.6526;-73.7562
63.82.43.0;63.82.43.255;42.3601;-71.0589
63.82.44.0;63.82.44.255;42.6526;-73.7562
63.82.45.0;63.82.45.255;42.3601;-71.0589
63.82.46.0;63.82.47.255;40.7128;-74.006
63.82.48.0;63.82.55.255;38.5764;-121.307
63.82.56.0;63.82.56.255;40.7128;-74.006
63.82.57.0;63.82.57.255;42.6526;-73.7562
63.82.58.0;63.82.59.255;42.3601;-71.0589
63.82.60.0;63.82.60.255;42.6526;-73.7562
63.82.61.0;63.82.63.255;42.3601;-71.0589
63.82.64.0;63.82.64.191;40.3853;-80.0717
63.82.64.192;63.82.65.255;42.3601;-71.0589
63.82.66.0;63.82.66.255;40.7128;-74.006
63.82.67.0;63.82.67.255;42.6526;-73.7562
63.82.68.0;63.82.68.255;41.7846;-88.1041
63.82.69.0;63.82.69.255;42.5864;-70.8946
63.82.70.0;63.82.70.255;37.4228;-122.105
63.82.71.0;63.82.71.143;42.4321;-82.9097
63.82.71.144;63.82.75.255;42.3601;-71.0589
63.82.76.0;63.82.76.255;44.2979;-69.783
63.82.77.0;63.82.77.255;42.3601;-71.0589
63.82.78.0;63.82.78.255;33.5818;-117.725
63.82.79.0;63.82.79.255;30.097;-95.6792
63.82.80.0;63.82.81.255;40.7191;-74.0422
63.82.82.0;63.82.82.255;37.411;-121.982
63.82.83.0;63.82.83.255;42.3601;-71.0589
63.82.84.0;63.82.84.255;32.8954;-117.196
63.82.85.0;63.82.85.255;42.3601;-71.0589
63.82.86.0;63.82.87.255;42.6526;-73.7562
63.82.88.0;63.82.95.255;29.8781;-97.9359
63.82.96.0;63.82.96.255;40.7128;-74.006
63.82.97.0;63.82.97.255;32.935;-97.1074
63.82.98.0;63.82.98.255;42.3601;-71.0589
63.82.99.0;63.82.99.255;37.7913;-122.395
63.82.100.0;63.82.100.255;37.3971;-121.923
63.82.101.0;63.82.101.255;40.8469;-74.1192
63.82.102.0;63.82.103.255;33.095;-96.1131
63.82.104.0;63.82.104.255;40.8233;-74.0889
63.82.105.0;63.82.105.255;37.7915;-122.4
63.82.106.0;63.82.106.255;42.3601;-71.0589
63.82.107.0;63.82.107.255;37.8107;-122.264
63.82.108.0;63.82.108.255;33.088;-96.8148
63.82.109.0;63.82.109.255;32.4609;-97.3361
63.82.110.0;63.82.110.255;38.8665;-77.2341
63.82.111.0;63.82.111.255;32.9226;-96.7777
63.82.112.0;63.82.119.255;38.8943;-77.0484
63.82.120.0;63.82.121.255;35.1034;-89.8766
63.82.122.0;63.82.122.255;33.6189;-117.9
63.82.123.0;63.82.123.255;40.7128;-74.006
63.82.124.0;63.82.124.255;37.5639;-122.269
63.82.125.0;63.82.125.255;42.6526;-73.7562
63.82.126.0;63.82.126.255;37.3843;-121.925
63.82.127.0;63.82.127.255;39.053;-76.916
63.82.128.0;63.82.129.255;42.3601;-71.0589
63.82.130.0;63.82.130.255;37.567;-122.282
63.82.131.0;63.82.131.255;37.3235;-122.021
63.82.132.0;63.82.132.255;42.3601;-71.0589
63.82.133.0;63.82.133.255;40.7128;-74.006
63.82.134.0;63.82.134.255;42.6526;-73.7562
63.82.135.0;63.82.135.255;47.5308;-121.937
63.82.136.0;63.82.138.255;42.3601;-71.0589
63.82.139.0;63.82.139.255;37.2344;-121.775
63.82.140.0;63.82.140.255;40.7128;-74.006
63.82.141.0;63.82.141.255;42.6526;-73.7562
63.82.142.0;63.82.142.255;34.052;-118.253
63.82.143.0;63.82.143.255;41.47;-81.4586
63.82.144.0;63.82.144.255;37.7889;-122.39
63.82.145.0;63.82.145.255;36.0493;-79.8417
63.82.146.0;63.82.146.255;40.736;-73.3493
63.82.147.0;63.82.147.255;37.9128;-122.355
63.82.148.0;63.82.148.255;42.3601;-71.0589
63.82.149.0;63.82.149.255;37.3895;-121.883
63.82.150.0;63.82.150.255;40.7128;-74.006
63.82.151.0;63.82.151.255;21.2841;-157.838
63.82.152.0;63.82.152.255;42.3601;-71.0589
63.82.153.0;63.82.153.255;41.0464;-74.0619
63.82.154.0;63.82.154.255;42.6738;-71.1456
63.82.155.0;63.82.155.255;38.5816;-121.494
63.82.156.0;63.82.156.255;40.7128;-74.006
63.82.157.0;63.82.157.255;37.5094;-121.994
63.82.158.0;63.82.159.255;44.8744;-93.3523
63.82.160.0;63.82.160.255;42.6526;-73.7562
63.82.161.0;63.82.165.255;42.3601;-71.0589
63.82.166.0;63.82.166.255;40.7128;-74.006
63.82.167.0;63.82.167.255;42.3601;-71.0589
63.82.168.0;63.82.168.255;42.6526;-73.7562
63.82.169.0;63.82.169.255;42.3601;-71.0589
63.82.170.0;63.82.170.255;40.7128;-74.006
63.82.171.0;63.82.172.255;42.6526;-73.7562
63.82.173.0;63.82.175.255;42.3601;-71.0589
63.82.176.0;63.82.176.255;42.6526;-73.7562
63.82.177.0;63.82.178.255;42.3601;-71.0589
63.82.179.0;63.82.179.255;40.7128;-74.006
63.82.180.0;63.82.183.255;42.3601;-71.0589
63.82.184.0;63.82.184.255;40.7128;-74.006
63.82.185.0;63.82.186.255;42.3601;-71.0589
63.82.187.0;63.82.187.255;42.6526;-73.7562
63.82.188.0;63.82.190.255;42.3601;-71.0589
63.82.191.0;63.82.191.255;42.6526;-73.7562
63.82.192.0;63.82.192.255;38.4337;-78.9071
63.82.193.0;63.82.193.255;33.9914;-84.0793
63.82.194.0;63.82.194.255;37.9103;-122.379
63.82.195.0;63.82.195.255;42.3601;-71.0589
63.82.196.0;63.82.196.255;42.6526;-73.7562
63.82.197.0;63.82.198.255;42.3601;-71.0589
63.82.199.0;63.82.199.255;40.7128;-74.006
63.82.200.0;63.82.202.255;42.3601;-71.0589
63.82.203.0;63.82.203.255;39.9625;-105.123
63.82.204.0;63.82.204.255;42.6526;-73.7562
63.82.205.0;63.82.206.255;42.3601;-71.0589
63.82.207.0;63.82.207.255;42.6526;-73.7562
63.82.208.0;63.82.209.255;42.3601;-71.0589
63.82.210.0;63.82.210.255;40.7128;-74.006
63.82.211.0;63.82.211.255;42.6526;-73.7562
63.82.212.0;63.82.212.255;40.7128;-74.006
63.82.213.0;63.82.213.255;37.7798;-122.391
63.82.214.0;63.82.214.255;39.0307;-77.4101
63.82.215.0;63.82.215.255;38.8002;-77.1642
63.82.216.0;63.82.217.255;32.5451;-88.7796
63.82.218.0;63.82.218.255;42.3601;-71.0589
63.82.219.0;63.82.219.255;41.885;-87.6169
63.82.220.0;63.82.220.255;42.3518;-71.0722
63.82.221.0;63.82.221.255;38.8786;-77.059
63.82.222.0;63.82.222.255;40.7311;-122.941
63.82.223.0;63.82.223.255;37.8909;-122.283
63.82.224.0;63.82.224.255;40.7128;-74.006
63.82.225.0;63.82.225.255;42.6526;-73.7562
63.82.226.0;63.82.227.255;42.3601;-71.0589
63.82.228.0;63.82.228.255;37.794;-122.397
63.82.229.0;63.82.229.255;42.3601;-71.0589
63.82.230.0;63.82.230.255;40.7128;-74.006
63.82.231.0;63.82.234.255;42.3601;-71.0589
63.82.235.0;63.82.235.255;40.7128;-74.006
63.82.236.0;63.82.236.255;41.8688;-88.0908
63.82.237.0;63.82.237.255;40.4387;-79.9945
63.82.238.0;63.82.238.255;42.6526;-73.7562
63.82.239.0;63.82.239.255;42.3601;-71.0589
63.82.240.0;63.82.240.255;37.8631;-122.491
63.82.241.0;63.82.241.255;37.4003;-121.894
63.82.242.0;63.82.242.255;42.6526;-73.7562
63.82.243.0;63.82.243.255;42.3601;-71.0589
63.82.244.0;63.82.247.255;25.7546;-80.1993
63.82.248.0;63.82.249.255;42.3601;-71.0589
63.82.250.0;63.82.250.255;40.7128;-74.006
63.82.251.0;63.82.251.255;37.8347;-122.287
63.82.252.0;63.82.252.255;42.3601;-71.0589
63.82.253.0;63.82.253.255;40.7128;-74.006
63.82.254.0;63.82.255.255;42.3601;-71.0589
63.83.0.0;63.83.0.255;37.1495;-121.653
63.83.1.0;63.83.1.255;42.3601;-71.0589
63.83.2.0;63.83.3.255;41.3123;-72.9491
63.83.4.0;63.83.4.255;42.3601;-71.0589
63.83.5.0;63.83.5.255;37.6702;-122.389
63.83.6.0;63.83.6.255;40.7128;-74.006
63.83.7.0;63.83.7.255;33.6728;-117.82
63.83.8.0;63.83.8.255;42.3601;-71.0589
63.83.9.0;63.83.9.255;38.8718;-77.2377
63.83.10.0;63.83.10.255;38.3323;-123.061
63.83.11.0;63.83.11.255;42.6526;-73.7562
63.83.12.0;63.83.12.255;41.0999;-74.0191
63.83.13.0;63.83.13.255;40.7128;-74.006
63.83.14.0;63.83.14.255;37.6963;-121.726
63.83.15.0;63.83.15.255;40.7128;-74.006
63.83.16.0;63.83.17.255;42.3601;-71.0589
63.83.18.0;63.83.18.255;37.3235;-122.021
63.83.19.0;63.83.19.255;26.3969;-80.0769
63.83.20.0;63.83.20.255;42.3601;-71.0589
63.83.21.0;63.83.21.255;47.2426;-122.391
63.83.22.0;63.83.23.255;39.5693;-105.128
63.83.24.0;63.83.24.255;37.9256;-122.058
63.83.25.0;63.83.25.255;40.7128;-74.006
63.83.26.0;63.83.26.255;32.8483;-96.7712
63.83.27.0;63.83.27.255;42.3601;-71.0589
63.83.28.0;63.83.28.255;40.7128;-74.006
63.83.29.0;63.83.29.255;27.9445;-82.5253
63.83.30.0;63.83.30.255;42.023;-87.8752
63.83.31.0;63.83.31.255;41.8174;-72.8643
63.83.32.0;63.83.32.255;42.3601;-71.0589
63.83.33.0;63.83.33.255;42.6526;-73.7562
63.83.34.0;63.83.34.255;42.3601;-71.0589
63.83.35.0;63.83.35.255;37.235;-121.775
63.83.36.0;63.83.37.255;40.085;-105.208
63.83.38.0;63.83.38.255;40.8958;-74.0343
63.83.39.0;63.83.39.255;42.3601;-71.0589
63.83.40.0;63.83.47.255;40.7177;-74.0083
63.83.48.0;63.83.48.255;37.5221;-122.257
63.83.49.0;63.83.49.255;38.6175;-121.055
63.83.50.0;63.83.50.255;40.7128;-74.006
63.83.51.0;63.83.51.255;42.3601;-71.0589
63.83.52.0;63.83.52.255;37.4194;-121.971
63.83.53.0;63.83.53.191;37.5078;-121.956
63.83.53.192;63.83.54.255;42.3601;-71.0589
63.83.55.0;63.83.55.255;40.7128;-74.006
63.83.56.0;63.83.58.255;42.3601;-71.0589
63.83.59.0;63.83.59.255;40.7128;-74.006
63.83.60.0;63.83.60.255;42.6526;-73.7562
63.83.61.0;63.83.61.255;42.3601;-71.0589
63.83.62.0;63.83.62.255;37.9778;-122.322
63.83.63.0;63.83.63.255;40.7128;-74.006
63.83.64.0;63.83.64.255;42.3601;-71.0589
63.83.65.0;63.83.65.255;42.6526;-73.7562
63.83.66.0;63.83.66.255;32.8836;-96.9779
63.83.67.0;63.83.67.255;42.3601;-71.0589
63.83.68.0;63.83.68.255;33.9896;-118.473
63.83.69.0;63.83.69.255;40.7128;-74.006
63.83.70.0;63.83.71.63;42.3601;-71.0589
63.83.71.64;63.83.71.255;42.4246;-71.2465
63.83.72.0;63.83.79.255;38.5764;-121.307
63.83.80.0;63.83.84.255;42.3601;-71.0589
63.83.85.0;63.83.85.255;40.7128;-74.006
63.83.86.0;63.83.88.255;42.3601;-71.0589
63.83.89.0;63.83.89.255;42.6526;-73.7562
63.83.90.0;63.83.90.255;42.3601;-71.0589
63.83.91.0;63.83.91.255;42.6526;-73.7562
63.83.92.0;63.83.92.255;38.8821;-76.9942
63.83.93.0;63.83.93.255;42.3601;-71.0589
63.83.94.0;63.83.94.255;40.7128;-74.006
63.83.95.0;63.83.95.255;42.3601;-71.0589
63.83.96.0;63.83.97.63;42.6526;-73.7562
63.83.97.64;63.83.97.255;37.7408;-121.412
63.83.98.0;63.83.98.255;42.3601;-71.0589
63.83.99.0;63.83.99.255;40.7128;-74.006
63.83.100.0;63.83.101.255;18.3607;-66.0776
63.83.102.0;63.83.102.255;42.3601;-71.0589
63.83.103.0;63.83.103.255;40.1544;-82.9233
63.83.104.0;63.83.104.255;37.6943;-121.748
63.83.105.0;63.83.106.63;42.3601;-71.0589
63.83.106.64;63.83.106.127;38.9168;-77.042
63.83.106.128;63.83.107.255;42.3601;-71.0589
63.83.108.0;63.83.108.255;38.8901;-77.0867
63.83.109.0;63.83.110.255;42.3601;-71.0589
63.83.111.0;63.83.111.255;40.7128;-74.006
63.83.112.0;63.83.112.255;42.6526;-73.7562
63.83.113.0;63.83.113.255;42.3601;-71.0589
63.83.114.0;63.83.114.255;35.2486;-120.672
63.83.115.0;63.83.115.255;34.1105;-117.827
63.83.116.0;63.83.116.255;34.6036;-98.3959
63.83.117.0;63.83.124.127;37.5399;-77.4371
63.83.124.128;63.83.124.255;42.3601;-71.0589
63.83.125.0;63.83.125.255;33.1026;-96.6999
63.83.126.0;63.83.126.255;34.101;-84.4366
63.83.127.0;63.83.127.255;42.3601;-71.0589
63.83.128.0;63.83.128.255;34.0374;-118.441
63.83.129.0;63.83.129.255;41.321;-72.929
63.83.130.0;63.83.130.255;42.3601;-71.0589
63.83.131.0;63.83.132.255;33.1026;-96.6999
63.83.133.0;63.83.133.255;40.7128;-74.006
63.83.134.0;63.83.134.255;42.6526;-73.7562
63.83.135.0;63.83.135.255;39.1589;-84.2458
63.83.136.0;63.83.136.255;33.7488;-117.825
63.83.137.0;63.83.137.255;37.7977;-122.402
63.83.138.0;63.83.141.255;42.3601;-71.0589
63.83.142.0;63.83.142.255;40.7128;-74.006
63.83.143.0;63.83.144.255;42.3601;-71.0589
63.83.145.0;63.83.145.255;40.7128;-74.006
63.83.146.0;63.83.146.255;42.6526;-73.7562
63.83.147.0;63.83.147.255;40.7128;-74.006
63.83.148.0;63.83.150.255;42.3601;-71.0589
63.83.151.0;63.83.151.255;42.6526;-73.7562
63.83.152.0;63.83.152.255;37.5111;-121.977
63.83.153.0;63.83.153.255;38.2441;-77.4767
63.83.154.0;63.83.154.255;38.0075;-122.545
63.83.155.0;63.83.155.255;42.3601;-71.0589
63.83.156.0;63.83.156.255;42.6526;-73.7562
63.83.157.0;63.83.157.255;42.3601;-71.0589
63.83.158.0;63.83.158.255;32.9541;-96.7148
63.83.159.0;63.83.159.255;40.5008;-74.5027
63.83.160.0;63.83.183.255;26.8356;-80.0967
63.83.184.0;63.83.184.255;42.6526;-73.7562
63.83.185.0;63.83.185.255;38.6717;-90.4574
63.83.186.0;63.83.187.255;42.3601;-71.0589
63.83.188.0;63.83.188.255;41.5433;-87.8023
63.83.189.0;63.83.189.255;33.9663;-80.9973
63.83.190.0;63.83.191.71;42.3601;-71.0589
63.83.191.72;63.83.191.255;37.3784;-121.903
63.83.192.0;63.83.192.255;30.2796;-81.5289
63.83.193.0;63.83.193.255;42.3601;-71.0589
63.83.194.0;63.83.195.255;40.7128;-74.006
63.83.196.0;63.83.197.255;45.7112;-121.517
63.83.198.0;63.83.198.191;41.8852;-87.6317
63.83.198.192;63.83.200.255;42.3601;-71.0589
63.83.201.0;63.83.201.255;40.7128;-74.006
63.83.202.0;63.83.202.255;40.7825;-74.0728
63.83.203.0;63.83.203.255;38.9008;-104.853
63.83.204.0;63.83.204.255;39.0814;-94.5948
63.83.205.0;63.83.205.255;34.0517;-118.412
63.83.206.0;63.83.206.255;38.5902;-89.9302
63.83.207.0;63.83.207.255;39.9689;-105.168
63.83.208.0;63.83.208.255;42.3601;-71.0589
63.83.209.0;63.83.209.255;40.7128;-74.006
63.83.210.0;63.83.214.255;42.3601;-71.0589
63.83.215.0;63.83.215.255;42.6526;-73.7562
63.83.216.0;63.83.217.255;40.7128;-74.006
63.83.218.0;63.83.218.255;42.6526;-73.7562
63.83.219.0;63.83.219.255;42.3601;-71.0589
63.83.220.0;63.83.220.255;40.7128;-74.006
63.83.221.0;63.83.222.255;42.3601;-71.0589
63.83.223.0;63.83.223.255;40.7128;-74.006
63.83.224.0;63.83.225.255;39.9689;-105.168
63.83.226.0;63.83.227.255;42.3601;-71.0589
63.83.228.0;63.83.228.255;32.324;-90.1638
63.83.229.0;63.83.229.255;40.7128;-74.006
63.83.230.0;63.83.231.255;42.3601;-71.0589
63.83.232.0;63.83.232.255;41.8484;-88.0871
63.83.233.0;63.83.233.255;42.6526;-73.7562
63.83.234.0;63.83.234.175;34.0635;-117.641
63.83.234.176;63.83.235.255;40.7128;-74.006
63.83.236.0;63.83.236.255;42.3601;-71.0589
63.83.237.0;63.83.237.255;42.6526;-73.7562
63.83.238.0;63.83.238.255;42.3601;-71.0589
63.83.239.0;63.83.239.255;43.4847;-70.4354
63.83.240.0;63.83.243.255;37.7568;-84.3063
63.83.244.0;63.83.244.15;39.0113;-77.4713
63.83.244.16;63.83.247.255;39.0105;-77.471
63.83.248.0;63.83.249.255;42.3601;-71.0589
63.83.250.0;63.83.250.255;34.9499;-81.933
63.83.251.0;63.83.251.255;42.3601;-71.0589
63.83.252.0;63.83.252.255;33.5143;-86.7576
63.83.253.0;63.83.253.127;39.9109;-86.1906
63.83.253.128;63.83.254.255;42.3601;-71.0589
63.83.255.0;63.83.255.255;39.6104;-77.6879
63.84.0.0;63.84.0.255;36.1625;-86.8442
63.84.1.0;63.84.1.255;39.9455;-74.952
63.84.2.0;63.84.2.255;42.0011;-87.9549
63.84.3.0;63.84.3.255;39.0107;-77.469
63.84.4.0;63.84.4.255;41.8914;-87.6273
63.84.5.0;63.84.5.255;41.0325;-73.7705
63.84.6.0;63.84.7.255;38.9586;-77.357
63.84.8.0;63.84.8.255;41.9656;-88.0275
63.84.9.0;63.84.9.255;43.2695;-89.7355
63.84.10.0;63.84.11.255;37.4419;-122.143
63.84.12.0;63.84.12.255;39.3439;-84.514
63.84.13.0;63.84.13.255;41.8896;-87.6228
63.84.14.0;63.84.14.255;40.7426;-74.0029
63.84.15.0;63.84.15.255;42.0011;-87.9549
63.84.16.0;63.84.16.255;42.9086;-87.9503
63.84.17.0;63.84.17.255;32.9943;-96.711
63.84.18.0;63.84.18.255;40.0515;-83.0649
63.84.19.0;63.84.19.255;41.5636;-83.3661
63.84.20.0;63.84.20.255;41.3777;-82.0714
63.84.21.0;63.84.21.255;42.3601;-71.0589
63.84.22.0;63.84.22.255;39.5995;-82.9456
63.84.23.0;63.84.23.255;43.0295;-88.1855
63.84.24.0;63.84.24.255;42.3601;-71.0589
63.84.25.0;63.84.25.255;32.9588;-96.8221
63.84.26.0;63.84.26.255;43.0546;-76.1431
63.84.27.0;63.84.27.255;32.9588;-96.8221
63.84.28.0;63.84.29.255;41.4186;-82.1491
63.84.30.0;63.84.31.255;26.3483;-80.1712
63.84.32.0;63.84.32.255;41.3234;-81.74
63.84.33.0;63.84.33.255;42.3263;-83.077
63.84.34.0;63.84.34.255;38.8974;-77.0693
63.84.35.0;63.84.35.255;32.9226;-96.7777
63.84.36.0;63.84.36.255;40.7128;-74.006
63.84.37.0;63.84.37.255;42.2854;-73.2482
63.84.38.0;63.84.38.255;39.9303;-82.8148
63.84.39.0;63.84.39.255;42.0993;-87.8709
63.84.40.0;63.84.47.255;37.9965;-87.4765
63.84.48.0;63.84.48.255;44.9776;-93.2685
63.84.49.0;63.84.49.255;25.7908;-80.1319
63.84.50.0;63.84.50.255;29.7371;-95.4622
63.84.51.0;63.84.51.255;39.7782;-86.3257
63.84.52.0;63.84.55.255;40.1003;-82.9167
63.84.56.0;63.84.56.255;38.7743;-77.1744
63.84.57.0;63.84.57.255;41.9277;-87.8593
63.84.58.0;63.84.58.255;42.6526;-73.7562
63.84.59.0;63.84.59.255;40.7128;-74.006
63.84.60.0;63.84.60.255;42.3601;-71.0589
63.84.61.0;63.84.61.255;41.4473;-91.0246
63.84.62.0;63.84.63.255;43.67;-86.4736
63.84.64.0;63.84.64.255;32.5675;-116.976
63.84.65.0;63.84.65.255;32.5176;-117.015
63.84.66.0;63.84.66.255;19.4326;-99.1332
63.84.67.0;63.84.67.255;32.5675;-116.976
63.84.68.0;63.84.71.255;42.3601;-71.0589
63.84.72.0;63.84.75.255;41.8781;-87.6298
63.84.76.0;63.84.76.255;33.6099;-117.686
63.84.77.0;63.84.77.255;40.4977;-88.9566
63.84.78.0;63.84.78.255;40.4484;-74.4146
63.84.79.0;63.84.79.255;41.8765;-87.6321
63.84.80.0;63.84.80.255;42.3263;-83.077
63.84.81.0;63.84.81.255;33.4372;-86.7311
63.84.82.0;63.84.83.255;44.8605;-93.3375
63.84.84.0;63.84.84.255;42.1469;-87.862
63.84.85.0;63.84.85.255;39.3332;-84.3147
63.84.86.0;63.84.86.255;41.9573;-70.6967
63.84.87.0;63.84.87.255;40.7533;-73.9767
63.84.88.0;63.84.89.255;42.6326;-71.3409
63.84.90.0;63.84.90.255;41.8796;-87.6347
63.84.91.0;63.84.91.255;41.8789;-87.6358
63.84.92.0;63.84.93.255;40.7128;-74.006
63.84.94.0;63.84.94.255;32.9047;-96.7354
63.84.95.0;63.84.95.255;42.3649;-71.0888
63.84.96.0;63.84.99.11;42.3601;-71.0589
63.84.99.12;63.84.99.255;39.7684;-86.1581
63.84.100.0;63.84.100.255;40.7128;-74.006
63.84.101.0;63.84.103.255;42.3601;-71.0589
63.84.104.0;63.84.104.255;41.6334;-87.6331
63.84.105.0;63.84.105.255;42.3601;-71.0589
63.84.106.0;63.84.106.255;42.6526;-73.7562
63.84.107.0;63.84.107.255;42.3601;-71.0589
63.84.108.0;63.84.109.255;30.3543;-97.7994
63.84.110.0;63.84.111.255;6.96417;158.208
63.84.112.0;63.84.112.255;41.5078;-81.4574
63.84.113.0;63.84.113.255;42.3601;-71.0589
63.84.114.0;63.84.114.255;41.4004;-81.5601
63.84.115.0;63.84.115.255;39.1143;-77.1587
63.84.116.0;63.84.119.255;42.3601;-71.0589
63.84.120.0;63.84.120.255;41.2286;-89.952
63.84.121.0;63.84.121.255;40.0177;-105.251
63.84.122.0;63.84.122.255;33.7615;-84.3914
63.84.123.0;63.84.123.255;41.8089;-88.0112
63.84.124.0;63.84.124.255;41.3496;-81.7575
63.84.125.0;63.84.125.255;42.3601;-71.0589
63.84.126.0;63.84.126.255;41.9961;-87.8822
63.84.127.0;63.84.127.255;40.7128;-74.006
63.84.128.0;63.84.131.255;42.3601;-71.0589
63.84.132.0;63.84.132.255;38.9366;-77.1814
63.84.133.0;63.84.133.255;38.5792;-90.1834
63.84.134.0;63.84.134.255;41.8822;-87.6301
63.84.135.0;63.84.135.255;41.7293;-90.2821
63.84.136.0;63.84.136.255;40.8799;-73.8319
63.84.137.0;63.84.137.255;39.066;-94.5908
63.84.138.0;63.84.138.255;40.7594;-73.98
63.84.139.0;63.84.139.255;38.1891;-85.6589
63.84.140.0;63.84.143.255;43.0722;-89.4007
63.84.144.0;63.84.144.255;41.4594;-81.6397
63.84.145.0;63.84.145.255;42.3263;-83.077
63.84.146.0;63.84.146.255;41.8861;-87.636
63.84.147.0;63.84.147.175;47.6686;-122.291
63.84.147.176;63.84.149.255;42.3601;-71.0589
63.84.150.0;63.84.150.255;34.046;-117.805
63.84.151.0;63.84.151.255;41.88;-88.0078
63.84.152.0;63.84.153.255;44.9464;-90.316
63.84.154.0;63.84.154.255;42.0349;-87.9835
63.84.155.0;63.84.155.255;41.8884;-87.6355
63.84.156.0;63.84.156.255;42.5378;-83.481
63.84.157.0;63.84.157.255;42.3601;-71.0589
63.84.158.0;63.84.158.255;42.6526;-73.7562
63.84.159.0;63.84.159.255;32.7767;-96.797
63.84.160.0;63.84.160.255;41.6552;-85.9838
63.84.161.0;63.84.161.255;41.9105;-87.6625
63.84.162.0;63.84.162.255;41.2886;-81.339
63.84.163.0;63.84.163.255;27.8627;-82.6779
63.84.164.0;63.84.166.255;42.3601;-71.0589
63.84.167.0;63.84.167.255;41.4136;-81.8108
63.84.168.0;63.84.175.255;32.9995;-96.8283
63.84.176.0;63.84.176.255;41.8816;-87.6333
63.84.177.0;63.84.177.255;39.2861;-76.6098
63.84.178.0;63.84.178.255;39.3039;-84.3116
63.84.179.0;63.84.179.255;42.9155;-78.7573
63.84.180.0;63.84.181.255;39.9896;-75.5618
63.84.182.0;63.84.183.255;42.3601;-71.0589
63.84.184.0;63.84.184.255;40.7967;-81.4038
63.84.185.0;63.84.185.255;42.3601;-71.0589
63.84.186.0;63.84.187.255;40.7426;-88.8807
63.84.188.0;63.84.188.255;39.0982;-84.5175
63.84.189.0;63.84.189.255;26.3957;-80.0795
63.84.190.0;63.84.190.255;40.7408;-73.9946
63.84.191.0;63.84.191.255;38.7917;-77.1229
63.84.192.0;63.84.192.255;42.0888;-87.8453
63.84.193.0;63.84.193.255;42.1423;-87.7977
63.84.194.0;63.84.194.255;41.3361;-73.815
63.84.195.0;63.84.195.255;33.7206;-116.216
63.84.196.0;63.84.196.255;40.7612;-111.826
63.84.197.0;63.84.197.255;42.3953;-71.2563
63.84.198.0;63.84.199.255;41.0968;-85.1744
63.84.200.0;63.84.200.255;39.0983;-84.517
63.84.201.0;63.84.201.255;42.3601;-71.0589
63.84.202.0;63.84.202.255;41.8537;-87.6183
63.84.203.0;63.84.203.255;41.1093;-81.5828
63.84.204.0;63.84.204.255;47.7007;-122.181
63.84.205.0;63.84.205.255;42.5448;-83.1259
63.84.206.0;63.84.207.255;41.8863;-87.6351
63.84.208.0;63.84.208.255;44.8343;-93.1418
63.84.209.0;63.84.209.255;41.3734;-81.8331
63.84.210.0;63.84.210.255;42.6526;-73.7562
63.84.211.0;63.84.211.255;41.955;-87.9401
63.84.212.0;63.84.212.255;42.2166;-83.7323
63.84.213.0;63.84.213.255;42.0406;-87.7816
63.84.214.0;63.84.214.255;40.8554;-81.4314
63.84.215.0;63.84.215.255;41.5042;-81.6681
63.84.216.0;63.84.216.255;37.6944;-85.9122
63.84.217.0;63.84.217.255;41.975;-88.0268
63.84.218.0;63.84.218.255;40.8799;-73.8319
63.84.219.0;63.84.219.255;41.8907;-87.6318
63.84.220.0;63.84.223.255;38.9081;-77.04
63.84.224.0;63.84.224.255;41.9898;-87.9907
63.84.225.0;63.84.225.255;40.7537;-73.9956
63.84.226.0;63.84.226.255;38.783;-77.311
63.84.227.0;63.84.227.255;40.7128;-74.006
63.84.228.0;63.84.228.255;40.1091;-83.1209
63.84.229.0;63.84.229.255;42.0229;-87.8753
63.84.230.0;63.84.230.255;45.0105;-93.4555
63.84.231.0;63.84.231.255;41.8014;-88.123
63.84.232.0;63.84.232.255;42.3601;-71.0589
63.84.233.0;63.84.233.255;41.8798;-87.6341
63.84.234.0;63.84.234.255;41.4402;-81.729
63.84.235.0;63.84.235.255;41.8849;-87.6307
63.84.236.0;63.84.239.255;-0.202392;-78.4935
63.84.240.0;63.84.240.255;41.5969;-93.743
63.84.241.0;63.84.241.255;33.9623;-84.2228
63.84.242.0;63.84.242.255;39.2826;-76.6144
63.84.243.0;63.84.243.255;42.3601;-71.0589
63.84.244.0;63.84.245.255;43.0335;-88.1408
63.84.246.0;63.84.246.255;38.9137;-77.2259
63.84.247.0;63.84.247.255;34.0138;-117.945
63.84.248.0;63.84.248.255;41.3496;-81.7575
63.84.249.0;63.84.249.255;41.5205;-71.2901
63.84.250.0;63.84.251.255;38.0406;-84.5037
63.84.252.0;63.84.253.255;40.7128;-74.006
63.84.254.0;63.84.254.255;42.3601;-71.0589
63.84.255.0;63.84.255.255;40.7128;-74.006
63.85.0.0;63.85.2.255;42.3601;-71.0589
63.85.3.0;63.85.3.255;42.6526;-73.7562
63.85.4.0;63.85.7.255;36.254;-115.295
63.85.8.0;63.85.8.255;39.1018;-84.5059
63.85.9.0;63.85.9.255;41.4731;-87.0611
63.85.10.0;63.85.10.255;35.59;-80.8394
63.85.11.0;63.85.11.255;42.3562;-71.0564
63.85.12.0;63.85.12.255;41.3908;-73.4667
63.85.13.0;63.85.13.255;42.3601;-71.0589
63.85.14.0;63.85.14.255;40.0694;-74.9524
63.85.15.0;63.85.15.255;39.8287;-86.0356
63.85.16.0;63.85.16.255;42.9058;-85.5302
63.85.17.0;63.85.17.255;39.0983;-84.517
63.85.18.0;63.85.18.255;36.0413;-115.035
63.85.19.0;63.85.19.255;42.5499;-83.03
63.85.20.0;63.85.20.255;42.0539;-87.871
63.85.21.0;63.85.21.255;43.1322;-89.2881
63.85.22.0;63.85.22.255;38.0722;-97.3456
63.85.23.0;63.85.23.255;38.9137;-77.2259
63.85.24.0;63.85.25.255;33.817;-116.502
63.85.26.0;63.85.26.255;42.8253;-85.6727
63.85.27.0;63.85.27.255;40.796;-81.4036
63.85.28.0;63.85.28.255;42.2485;-70.9132
63.85.29.0;63.85.29.255;38.9072;-77.0369
63.85.30.0;63.85.30.255;41.8462;-87.9047
63.85.31.0;63.85.31.255;42.3601;-71.0589
63.85.32.0;63.85.32.255;42.671;-83.2248
63.85.33.0;63.85.33.255;40.2308;-74.7237
63.85.34.0;63.85.34.255;40.7128;-74.006
63.85.35.0;63.85.35.255;42.3601;-71.0589
63.85.36.0;63.85.36.255;42.3644;-71.0891
63.85.37.0;63.85.37.255;42.65;-83.2352
63.85.38.0;63.85.39.255;42.3601;-71.0589
63.85.40.0;63.85.40.255;38.9072;-77.0369
63.85.41.0;63.85.41.255;42.1034;-87.7698
63.85.42.0;63.85.43.255;32.2948;-64.7814
63.85.44.0;63.85.44.255;42.3601;-71.0589
63.85.45.0;63.85.45.255;40.1083;-83.0983
63.85.46.0;63.85.46.255;42.5103;-87.9089
63.85.47.0;63.85.47.255;40.8023;-82.5171
63.85.48.0;63.85.48.255;40.4119;-80.0691
63.85.49.0;63.85.49.255;42.5937;-83.1762
63.85.50.0;63.85.50.255;39.8885;-83.9286
63.85.51.0;63.85.51.255;41.4038;-81.6644
63.85.52.0;63.85.52.255;42.0539;-87.871
63.85.53.0;63.85.53.255;41.8866;-87.6268
63.85.54.0;63.85.54.255;42.3601;-71.0589
63.85.55.0;63.85.55.255;42.3628;-71.0835
63.85.56.0;63.85.56.255;34.1112;-84.2044
63.85.57.0;63.85.57.255;39.9886;-82.8951
63.85.58.0;63.85.58.255;38.2236;-86.8622
63.85.59.0;63.85.59.255;40.7128;-74.006
63.85.60.0;63.85.63.255;40.7426;-88.8807
63.85.64.0;63.85.64.255;42.3601;-71.0589
63.85.65.0;63.85.65.255;40.7128;-74.006
63.85.66.0;63.85.67.255;42.6526;-73.7562
63.85.68.0;63.85.68.255;41.9809;-87.8656
63.85.69.0;63.85.69.255;41.8538;-87.921
63.85.70.0;63.85.70.255;40.7128;-74.006
63.85.71.0;63.85.71.255;42.3601;-71.0589
63.85.72.0;63.85.72.255;41.885;-87.6231
63.85.73.0;63.85.73.255;41.8538;-87.921
63.85.74.0;63.85.74.255;42.2977;-83.6693
63.85.75.0;63.85.75.255;38.0746;-84.4876
63.85.76.0;63.85.76.255;42.404;-96.3586
63.85.77.0;63.85.77.255;33.9862;-118.385
63.85.78.0;63.85.78.255;40.8618;-74.4237
63.85.79.0;63.85.79.255;42.7348;-84.5518
63.85.80.0;63.85.80.255;41.8537;-87.6183
63.85.81.0;63.85.81.255;43.1168;-88.0838
63.85.82.0;63.85.82.255;30.4377;-87.2411
63.85.83.0;63.85.83.255;40.7128;-74.006
63.85.84.0;63.85.84.255;42.3031;-83.7028
63.85.85.0;63.85.85.255;42.3601;-71.0589
63.85.86.0;63.85.86.255;42.0036;-88.1063
63.85.87.0;63.85.87.255;40.085;-105.208
63.85.88.0;63.85.91.255;41.6606;-93.7721
63.85.92.0;63.85.92.255;43.2564;-86.1436
63.85.93.0;63.85.93.255;38.7293;-77.486
63.85.94.0;63.85.95.255;38.9155;-77.2311
63.85.96.0;63.85.96.255;40.8129;-96.7061
63.85.97.0;63.85.97.255;45.6091;-94.4517
63.85.98.0;63.85.98.255;29.7601;-95.3657
63.85.99.0;63.85.99.255;39.0576;-84.5429
63.85.100.0;63.85.100.255;42.3601;-71.0589
63.85.101.0;63.85.101.255;40.7128;-74.006
63.85.102.0;63.85.102.255;41.8451;-87.9277
63.85.103.0;63.85.103.255;37.3853;-121.925
63.85.104.0;63.85.104.255;39.2019;-85.9163
63.85.105.0;63.85.105.255;42.3601;-71.0589
63.85.106.0;63.85.106.255;38.9858;-77.4458
63.85.107.0;63.85.107.255;44.977;-93.2679
63.85.108.0;63.85.108.255;41.8583;-87.9546
63.85.109.0;63.85.109.255;40.8475;-74.4636
63.85.110.0;63.85.110.255;38.9858;-77.4458
63.85.111.0;63.85.111.255;39.9283;-86.162
63.85.112.0;63.85.112.255;25.9291;-80.2199
63.85.113.0;63.85.113.255;42.3601;-71.0589
63.85.114.0;63.85.114.255;42.2461;-87.8995
63.85.115.0;63.85.115.255;40.7815;-77.8966
63.85.116.0;63.85.119.255;44.9465;-95.7246
63.85.120.0;63.85.120.255;40.7128;-74.006
63.85.121.0;63.85.122.255;42.3601;-71.0589
63.85.123.0;63.85.124.255;42.6526;-73.7562
63.85.125.0;63.85.125.255;40.7128;-74.006
63.85.126.0;63.85.126.255;42.3601;-71.0589
63.85.127.0;63.85.127.255;42.6526;-73.7562
63.85.128.0;63.85.128.255;41.0248;-74.1668
63.85.129.0;63.85.129.255;38.9448;-95.1805
63.85.130.0;63.85.130.255;42.3573;-71.0582
63.85.131.0;63.85.131.255;42.5126;-83.3309
63.85.132.0;63.85.133.255;42.3601;-71.0589
63.85.134.0;63.85.134.255;42.6526;-73.7562
63.85.135.0;63.85.135.255;40.7128;-74.006
63.85.136.0;63.85.136.255;42.3601;-71.0589
63.85.137.0;63.85.137.255;38.587;-121.282
63.85.138.0;63.85.138.255;40.0544;-82.8969
63.85.139.0;63.85.139.255;37.7734;-121.96
63.85.140.0;63.85.141.255;42.3601;-71.0589
63.85.142.0;63.85.142.255;40.7128;-74.006
63.85.143.0;63.85.143.255;42.3601;-71.0589
63.85.144.0;63.85.144.255;26.2091;-80.1422
63.85.145.0;63.85.145.255;45.0098;-93.4722
63.85.146.0;63.85.146.255;34.4342;-119.92
63.85.147.0;63.85.147.255;42.6526;-73.7562
63.85.148.0;63.85.148.255;42.5208;-83.0021
63.85.149.0;63.85.149.255;42.0888;-87.8453
63.85.150.0;63.85.150.255;42.2249;-87.9421
63.85.151.0;63.85.151.255;39.9115;-86.1055
63.85.152.0;63.85.152.255;42.6526;-73.7562
63.85.153.0;63.85.153.255;43.0874;-88.8936
63.85.154.0;63.85.154.255;38.0368;-89.0129
63.85.155.0;63.85.155.255;42.1404;-87.8564
63.85.156.0;63.85.157.255;44.1796;-93.9477
63.85.158.0;63.85.158.255;41.8786;-87.6274
63.85.159.0;63.85.159.255;32.8686;-96.8784
63.85.160.0;63.85.160.255;44.7925;-89.6713
63.85.161.0;63.85.161.255;42.1832;-88.1024
63.85.162.0;63.85.162.255;41.8841;-87.6365
63.85.163.0;63.85.163.255;42.6526;-73.7562
63.85.164.0;63.85.164.255;28.4144;-81.4428
63.85.165.0;63.85.165.255;42.134;-87.9915
63.85.166.0;63.85.166.255;36.254;-115.295
63.85.167.0;63.85.167.255;36.3732;-84.7839
63.85.168.0;63.85.168.255;36.254;-115.295
63.85.169.0;63.85.169.255;36.1582;-115.245
63.85.170.0;63.85.170.255;42.3601;-71.0589
63.85.171.0;63.85.171.255;41.8999;-87.6215
63.85.172.0;63.85.172.255;38.9786;-77.4488
63.85.173.0;63.85.173.255;39.3315;-84.4931
63.85.174.0;63.85.174.255;39.2899;-76.6128
63.85.175.0;63.85.176.255;42.3601;-71.0589
63.85.177.0;63.85.177.255;42.6526;-73.7562
63.85.178.0;63.85.179.255;42.3601;-71.0589
63.85.180.0;63.85.180.255;45.0273;-87.2888
63.85.181.0;63.85.181.255;41.8863;-87.6351
63.85.182.0;63.85.182.255;34.1383;-118.47
63.85.183.0;63.85.183.255;40.8471;-74.455
63.85.184.0;63.85.186.255;34.0581;-117.181
63.85.187.0;63.85.187.255;36.1582;-115.245
63.85.188.0;63.85.188.255;38.7135;-77.7953
63.85.189.0;63.85.189.255;42.1541;-87.8395
63.85.190.0;63.85.190.255;42.2541;-83.7393
63.85.191.0;63.85.191.255;40.7128;-74.006
63.85.192.0;63.85.192.255;38.872;-77.3108
63.85.193.0;63.85.193.255;42.4722;-71.2481
63.85.194.0;63.85.194.255;32.9847;-96.7035
63.85.195.0;63.85.195.255;40.2879;-76.8787
63.85.196.0;63.85.196.255;42.0611;-87.7601
63.85.197.0;63.85.197.255;42.1534;-87.8934
63.85.198.0;63.85.198.255;41.847;-87.964
63.85.199.0;63.85.199.255;32.9771;-96.968
63.85.200.0;63.85.200.255;43.0205;-85.7178
63.85.201.0;63.85.201.255;42.3601;-71.0589
63.85.202.0;63.85.202.255;41.8537;-87.6184
63.85.203.0;63.85.203.255;41.6707;-87.7602
63.85.204.0;63.85.204.255;38.717;-87.8614
63.85.205.0;63.85.205.255;37.3235;-122.021
63.85.206.0;63.85.206.255;39.8893;-82.9387
63.85.207.0;63.85.207.255;42.6526;-73.7562
63.85.208.0;63.85.209.255;42.3601;-71.0589
63.85.210.0;63.85.210.255;35.1589;-89.86
63.85.211.0;63.85.211.255;41.4993;-81.6944
63.85.212.0;63.85.212.255;42.3601;-71.0589
63.85.213.0;63.85.213.255;42.6526;-73.7562
63.85.214.0;63.85.214.255;44.307;-96.7517
63.85.215.0;63.85.215.255;40.8769;-74.2171
63.85.216.0;63.85.216.255;38.9851;-94.7216
63.85.217.0;63.85.217.255;41.0849;-85.1491
63.85.218.0;63.85.218.255;42.49;-83.2783
63.85.219.0;63.85.219.255;42.2021;-88.0383
63.85.220.0;63.85.221.127;42.3601;-71.0589
63.85.221.128;63.85.221.255;39.0113;-77.4713
63.85.222.0;63.85.222.255;39.2789;-76.4789
63.85.223.0;63.85.223.255;42.5191;-83.3371
63.85.224.0;63.85.224.255;40.7551;-73.9793
63.85.225.0;63.85.225.255;41.88;-87.6391
63.85.226.0;63.85.226.255;35.8735;-78.6808
63.85.227.0;63.85.227.255;41.8886;-87.6275
63.85.228.0;63.85.228.255;30.2396;-91.7539
63.85.229.0;63.85.229.255;42.4713;-82.9992
63.85.230.0;63.85.230.255;42.6526;-73.7562
63.85.231.0;63.85.231.255;42.3601;-71.0589
63.85.232.0;63.85.232.255;38.9943;-77.0765
63.85.233.0;63.85.233.255;40.7422;-73.9907
63.85.234.0;63.85.234.255;41.9858;-88.0046
63.85.235.0;63.85.235.255;40.7128;-74.006
63.85.236.0;63.85.236.255;42.3601;-71.0589
63.85.237.0;63.85.237.255;42.6526;-73.7562
63.85.238.0;63.85.239.255;41.8863;-87.6351
63.85.240.0;63.85.240.255;41.8894;-87.6372
63.85.241.0;63.85.241.255;38.2972;-85.9559
63.85.242.0;63.85.242.255;43.0335;-88.1408
63.85.243.0;63.85.243.255;18.4655;-66.1057
63.85.244.0;63.85.245.255;42.3601;-71.0589
63.85.246.0;63.85.246.255;40.7128;-74.006
63.85.247.0;63.85.247.255;42.3601;-71.0589
63.85.248.0;63.85.248.255;42.6526;-73.7562
63.85.249.0;63.85.249.255;43.0387;-87.9004
63.85.250.0;63.85.251.255;42.3031;-83.7028
63.85.252.0;63.85.252.255;42.3601;-71.0589
63.85.253.0;63.85.253.255;42.0724;-80.115
63.85.254.0;63.85.254.255;37.7527;-87.1
63.85.255.0;63.85.255.255;40.7121;-74.0134
63.86.0.0;63.86.0.255;38.0498;-84.4585
63.86.1.0;63.86.1.255;26.7272;-80.0798
63.86.2.0;63.86.2.255;38.1075;-122.578
63.86.3.0;63.86.3.255;41.036;-83.6493
63.86.4.0;63.86.4.255;44.8419;-93.1744
63.86.5.0;63.86.5.255;44.4452;-95.7896
63.86.6.0;63.86.6.255;41.5909;-93.7185
63.86.7.0;63.86.7.255;40.7128;-74.006
63.86.8.0;63.86.9.255;41.6606;-93.7721
63.86.10.0;63.86.10.255;41.5868;-93.6228
63.86.11.0;63.86.11.255;41.6606;-93.7721
63.86.12.0;63.86.12.255;39.6776;-86.3532
63.86.13.0;63.86.13.255;40.8236;-77.8866
63.86.14.0;63.86.15.255;41.0552;-81.5278
63.86.16.0;63.86.17.255;40.3491;-75.9705
63.86.18.0;63.86.18.255;42.0411;-87.6834
63.86.19.0;63.86.19.255;39.9641;-82.9869
63.86.20.0;63.86.20.255;33.6178;-111.907
63.86.21.0;63.86.21.255;25.9352;-97.4828
63.86.22.0;63.86.22.255;43.3653;-92.2984
63.86.23.0;63.86.23.255;38.9072;-77.0369
63.86.24.0;63.86.24.255;42.3781;-83.2398
63.86.25.0;63.86.25.255;40.5881;-73.6654
63.86.26.0;63.86.27.7;42.3601;-71.0589
63.86.27.8;63.86.27.255;39.7211;-84.1088
63.86.28.0;63.86.28.255;38.1075;-122.578
63.86.29.0;63.86.29.255;42.3601;-71.0589
63.86.30.0;63.86.30.255;37.7739;-87.1139
63.86.31.0;63.86.31.255;36.1121;-115.208
63.86.32.0;63.86.37.255;37.9716;-87.5711
63.86.38.0;63.86.38.255;37.9445;-87.4053
63.86.39.0;63.86.39.255;37.9716;-87.5711
63.86.40.0;63.86.40.255;36.1121;-115.208
63.86.41.0;63.86.41.255;41.8498;-88.308
63.86.42.0;63.86.42.255;41.8217;-87.9578
63.86.43.0;63.86.43.255;41.9052;-87.6572
63.86.44.0;63.86.44.255;41.879;-87.6415
63.86.45.0;63.86.45.255;44.082;-93.5406
63.86.46.0;63.86.46.255;41.8812;-87.6316
63.86.47.0;63.86.47.255;41.8827;-87.6375
63.86.48.0;63.86.48.255;42.6526;-73.7562
63.86.49.0;63.86.49.255;40.7128;-74.006
63.86.50.0;63.86.52.255;42.3601;-71.0589
63.86.53.0;63.86.54.255;42.6526;-73.7562
63.86.55.0;63.86.56.255;42.3601;-71.0589
63.86.57.0;63.86.57.255;40.7128;-74.006
63.86.58.0;63.86.59.255;39.2019;-85.9163
63.86.60.0;63.86.61.255;30.7626;-86.528
63.86.62.0;63.86.62.255;39.0983;-84.517
63.86.63.0;63.86.63.255;34.0544;-84.3353
63.86.64.0;63.86.64.255;45.0627;-93.1508
63.86.65.0;63.86.65.255;41.5411;-88.1623
63.86.66.0;63.86.66.255;42.0691;-88.2001
63.86.67.0;63.86.67.255;43.4687;-89.7446
63.86.68.0;63.86.68.255;41.0213;-73.7239
63.86.69.0;63.86.69.255;39.0983;-84.517
63.86.70.0;63.86.70.255;42.561;-83.5737
63.86.71.0;63.86.71.255;40.7128;-74.006
63.86.72.0;63.86.72.255;39.0515;-94.5967
63.86.73.0;63.86.73.255;42.1934;-87.8554
63.86.74.0;63.86.75.255;41.9097;-83.416
63.86.76.0;63.86.76.255;41.1415;-81.6409
63.86.77.0;63.86.77.255;38.8834;-77.118
63.86.78.0;63.86.78.255;44.847;-93.1266
63.86.79.0;63.86.79.255;42.3601;-71.0589
63.86.80.0;63.86.80.255;32.2406;-110.871
63.86.81.0;63.86.81.255;41.1395;-85.1434
63.86.82.0;63.86.82.255;42.3601;-71.0589
63.86.83.0;63.86.83.255;27.1041;-82.4275
63.86.84.0;63.86.84.255;42.3601;-71.0589
63.86.85.0;63.86.85.255;40.7128;-74.006
63.86.86.0;63.86.86.255;42.6526;-73.7562
63.86.87.0;63.86.87.255;40.7128;-74.006
63.86.88.0;63.86.88.255;42.2462;-87.8996
63.86.89.0;63.86.89.255;29.9403;-95.3326
63.86.90.0;63.86.91.255;40.7128;-74.006
63.86.92.0;63.86.92.255;42.3601;-71.0589
63.86.93.0;63.86.93.255;42.8989;-88.8581
63.86.94.0;63.86.94.255;32.8738;-117.216
63.86.95.0;63.86.95.255;35.964;-83.9096
63.86.96.0;63.86.96.255;41.8479;-87.9449
63.86.97.0;63.86.97.255;40.0497;-101.533
63.86.98.0;63.86.98.255;42.6025;-83.288
63.86.99.0;63.86.99.255;32.6003;-85.4813
63.86.100.0;63.86.100.255;40.7128;-74.006
63.86.101.0;63.86.101.255;41.5507;-87.5067
63.86.102.0;63.86.102.255;42.3601;-71.0589
63.86.103.0;63.86.103.255;42.1619;-88.1531
63.86.104.0;63.86.104.255;38.9676;-77.4154
63.86.105.0;63.86.105.255;38.9506;-77.3646
63.86.106.0;63.86.106.255;44.8632;-93.514
63.86.107.0;63.86.107.255;42.3666;-71.0928
63.86.108.0;63.86.108.255;40.7128;-74.006
63.86.109.0;63.86.109.255;41.5014;-81.6896
63.86.110.0;63.86.111.255;41.8434;-87.9879
63.86.112.0;63.86.112.255;42.2977;-83.6693
63.86.113.0;63.86.113.255;42.3601;-71.0589
63.86.114.0;63.86.115.255;43.5728;-116.221
63.86.116.0;63.86.117.255;34.4345;-118.59
63.86.118.0;63.86.119.255;42.2447;-83.7373
63.86.120.0;63.86.123.255;44.9866;-93.3978
63.86.124.0;63.86.124.255;42.3254;-87.8901
63.86.125.0;63.86.125.255;42.2525;-87.8409
63.86.126.0;63.86.126.255;37.8823;-122.189
63.86.127.0;63.86.127.255;36.6784;-76.9235
63.86.128.0;63.86.128.255;42.3601;-71.0589
63.86.129.0;63.86.129.255;40.4519;-81.4041
63.86.130.0;63.86.131.255;40.1003;-82.9167
63.86.132.0;63.86.133.255;38.0722;-97.3456
63.86.134.0;63.86.134.255;41.5008;-81.6837
63.86.135.0;63.86.135.255;40.7128;-74.006
63.86.136.0;63.86.136.255;42.3601;-71.0589
63.86.137.0;63.86.137.255;40.4609;-88.9655
63.86.138.0;63.86.138.255;42.0614;-88.0259
63.86.139.0;63.86.139.255;51.513;-0.09033
63.86.140.0;63.86.140.255;42.152;-87.8022
63.86.141.0;63.86.141.255;40.0782;-75.4132
63.86.142.0;63.86.142.255;43.059;-88.2239
63.86.143.0;63.86.143.255;40.7426;-88.8807
63.86.144.0;63.86.144.255;36.1582;-115.245
63.86.145.0;63.86.145.255;39.1729;-86.5983
63.86.146.0;63.86.146.255;41.9879;-88.0168
63.86.147.0;63.86.147.255;40.8713;-74.1955
63.86.148.0;63.86.148.255;39.6332;-84.196
63.86.149.0;63.86.149.255;42.3601;-71.0589
63.86.150.0;63.86.150.255;44.5174;-88.0451
63.86.151.0;63.86.151.255;41.9464;-88.769
63.86.152.0;63.86.152.255;35.9106;-78.8766
63.86.153.0;63.86.153.255;44.9754;-89.6392
63.86.154.0;63.86.154.255;42.3601;-71.0589
63.86.155.0;63.86.155.255;40.7128;-74.006
63.86.156.0;63.86.156.255;41.8816;-87.6334
63.86.157.0;63.86.157.255;42.1047;-87.8247
63.86.158.0;63.86.158.255;37.4484;-122.208
63.86.159.0;63.86.159.255;43.045;-89.3455
63.86.160.0;63.86.160.255;41.8785;-87.6393
63.86.161.0;63.86.161.255;27.9875;-82.5473
63.86.162.0;63.86.162.255;42.3601;-71.0589
63.86.163.0;63.86.163.255;41.4589;-81.4874
63.86.164.0;63.86.164.255;42.6526;-73.7562
63.86.165.0;63.86.165.255;42.0201;-87.7722
63.86.166.0;63.86.166.255;42.0421;-88.0432
63.86.167.0;63.86.168.255;42.3601;-71.0589
63.86.169.0;63.86.169.255;25.7619;-80.1912
63.86.170.0;63.86.170.255;41.8761;-87.6318
63.86.171.0;63.86.171.255;42.1539;-87.975
63.86.172.0;63.86.172.255;32.337;-97.4182
63.86.173.0;63.86.173.255;42.3601;-71.0589
63.86.174.0;63.86.175.255;42.023;-87.8752
63.86.176.0;63.86.179.255;42.3601;-71.0589
63.86.180.0;63.86.180.255;42.6526;-73.7562
63.86.181.0;63.86.181.255;40.7128;-74.006
63.86.182.0;63.86.182.255;42.3601;-71.0589
63.86.183.0;63.86.183.255;42.6526;-73.7562
63.86.184.0;63.86.184.255;39.7599;-86.1723
63.86.185.0;63.86.185.255;41.878;-87.6349
63.86.186.0;63.86.186.255;42.3601;-71.0589
63.86.187.0;63.86.187.255;41.8492;-88.0298
63.86.188.0;63.86.189.95;39.6292;-79.9566
63.86.189.96;63.86.189.255;40.0618;-80.716
63.86.190.0;63.86.190.255;40.5599;-74.3145
63.86.191.0;63.86.192.127;42.3601;-71.0589
63.86.192.128;63.86.192.255;39.0099;-94.481
63.86.193.0;63.86.193.255;42.2489;-83.414
63.86.194.0;63.86.194.255;40.7128;-74.006
63.86.195.0;63.86.195.255;42.9861;-85.0298
63.86.196.0;63.86.197.255;42.3601;-71.0589
63.86.198.0;63.86.198.255;38.8034;-77.0558
63.86.199.0;63.86.199.255;41.8543;-87.8597
63.86.200.0;63.86.200.255;40.7547;-73.9806
63.86.201.0;63.86.201.255;42.0488;-87.6864
63.86.202.0;63.86.202.255;44.9805;-93.2668
63.86.203.0;63.86.203.255;36.254;-115.295
63.86.204.0;63.86.204.255;42.3601;-71.0589
63.86.205.0;63.86.205.255;43.0981;-87.9302
63.86.206.0;63.86.206.255;41.8537;-87.6184
63.86.207.0;63.86.207.255;41.9199;-87.955
63.86.208.0;63.86.209.255;38.0573;-84.504
63.86.210.0;63.86.210.255;38.9366;-77.1814
63.86.211.0;63.86.211.255;42.6526;-73.7562
63.86.212.0;63.86.212.255;33.9417;-118.376
63.86.213.0;63.86.213.255;42.0757;-88.208
63.86.214.0;63.86.214.255;41.6872;-92.7261
63.86.215.0;63.86.215.255;44.8532;-93.0009
63.86.216.0;63.86.216.255;40.7128;-74.006
63.86.217.0;63.86.217.255;42.3601;-71.0589
63.86.218.0;63.86.218.255;40.7087;-74.0101
63.86.219.0;63.86.219.255;40.7128;-74.006
63.86.220.0;63.86.220.255;42.3601;-71.0589
63.86.221.0;63.86.221.255;42.6526;-73.7562
63.86.222.0;63.86.222.255;42.3601;-71.0589
63.86.223.0;63.86.223.255;42.109;-86.475
63.86.224.0;63.86.224.255;42.3601;-71.0589
63.86.225.0;63.86.229.255;40.7128;-74.006
63.86.230.0;63.86.230.255;42.6526;-73.7562
63.86.231.0;63.86.233.255;42.3601;-71.0589
63.86.234.0;63.86.234.255;40.7128;-74.006
63.86.235.0;63.86.237.255;42.3601;-71.0589
63.86.238.0;63.86.238.255;40.7128;-74.006
63.86.239.0;63.86.239.255;42.3601;-71.0589
63.86.240.0;63.86.240.255;33.5679;-112.109
63.86.241.0;63.86.241.255;33.553;-111.895
63.86.242.0;63.86.242.255;38.8978;-77.0333
63.86.243.0;63.86.243.255;33.6497;-84.0211
63.86.244.0;63.86.244.255;38.9962;-77.3303
63.86.245.0;63.86.245.255;41.2413;-85.8409
63.86.246.0;63.86.246.255;40.0875;-83.0897
63.86.247.0;63.86.247.255;38.9235;-77.2279
63.86.248.0;63.86.248.255;40.7128;-74.006
63.86.249.0;63.86.249.255;40.7583;-73.9811
63.86.250.0;63.86.250.255;37.7895;-122.404
63.86.251.0;63.86.251.255;40.1363;-75.2005
63.86.252.0;63.86.252.255;40.7625;-73.9696
63.86.253.0;63.86.253.255;42.6526;-73.7562
63.86.254.0;63.86.254.255;41.5207;-88.2049
63.86.255.0;63.86.255.255;41.2846;-81.6257
63.87.0.0;63.87.0.255;36.1582;-115.245
63.87.1.0;63.87.1.255;29.375;-98.4158
63.87.2.0;63.87.2.255;32.9009;-117.111
63.87.3.0;63.87.3.255;41.7965;-88.0974
63.87.4.0;63.87.4.255;42.3295;-83.0461
63.87.5.0;63.87.5.255;33.6621;-117.743
63.87.6.0;63.87.6.255;37.418;-77.6265
63.87.7.0;63.87.7.255;44.9778;-93.265
63.87.8.0;63.87.8.255;40.7128;-74.006
63.87.9.0;63.87.12.255;42.3601;-71.0589
63.87.13.0;63.87.13.255;42.6526;-73.7562
63.87.14.0;63.87.15.255;42.3601;-71.0589
63.87.16.0;63.87.16.255;42.6526;-73.7562
63.87.17.0;63.87.17.255;42.3601;-71.0589
63.87.18.0;63.87.18.255;40.7128;-74.006
63.87.19.0;63.87.19.255;42.6526;-73.7562
63.87.20.0;63.87.20.255;39.9535;-75.1794
63.87.21.0;63.87.21.255;37.5393;-122.256
63.87.22.0;63.87.22.255;39.9156;-75.0863
63.87.23.0;63.87.23.255;44.8591;-93.3623
63.87.24.0;63.87.25.255;39.5811;-104.856
63.87.26.0;63.87.26.255;39.4996;-87.3601
63.87.27.0;63.87.27.255;42.3601;-71.0589
63.87.28.0;63.87.28.255;41.0197;-73.649
63.87.29.0;63.87.29.255;41.3221;-81.8548
63.87.30.0;63.87.30.255;39.9592;-86.1566
63.87.31.0;63.87.31.223;42.6101;-71.1607
63.87.31.224;63.87.33.255;42.3601;-71.0589
63.87.34.0;63.87.34.255;40.7128;-74.006
63.87.35.0;63.87.35.255;42.3601;-71.0589
63.87.36.0;63.87.36.255;35.3609;-119.061
63.87.37.0;63.87.37.255;41.4993;-81.6944
63.87.38.0;63.87.38.255;35.8148;-78.7063
63.87.39.0;63.87.39.255;42.3601;-71.0589
63.87.40.0;63.87.41.255;40.7128;-74.006
63.87.42.0;63.87.43.255;42.6526;-73.7562
63.87.44.0;63.87.45.255;42.3601;-71.0589
63.87.46.0;63.87.46.255;42.6526;-73.7562
63.87.47.0;63.87.47.255;42.3601;-71.0589
63.87.48.0;63.87.48.255;26.0588;-80.1977
63.87.49.0;63.87.49.255;25.913;-80.1634
63.87.50.0;63.87.50.255;42.3601;-71.0589
63.87.51.0;63.87.51.255;40.7128;-74.006
63.87.52.0;63.87.53.31;42.3601;-71.0589
63.87.53.32;63.87.53.247;44.8431;-93.3124
63.87.53.248;63.87.54.255;42.3601;-71.0589
63.87.55.0;63.87.55.255;42.6526;-73.7562
63.87.56.0;63.87.59.255;39.0107;-77.469
63.87.60.0;63.87.60.255;41.9965;-87.8621
63.87.61.0;63.87.61.255;42.2021;-88.0383
63.87.62.0;63.87.63.255;42.3601;-71.0589
63.87.64.0;63.87.64.255;41.437;-81.5755
63.87.65.0;63.87.65.255;40.6528;-73.5866
63.87.66.0;63.87.66.255;42.3601;-71.0589
63.87.67.0;63.87.67.255;39.8995;-105.113
63.87.68.0;63.87.71.255;42.1897;-87.9319
63.87.72.0;63.87.73.255;42.3601;-71.0589
63.87.74.0;63.87.74.255;33.8568;-118.311
63.87.75.0;63.87.75.255;40.0544;-82.8969
63.87.76.0;63.87.76.255;40.7128;-74.006
63.87.77.0;63.87.77.255;40.7617;-73.9743
63.87.78.0;63.87.78.255;42.3601;-71.0589
63.87.79.0;63.87.79.255;38.8048;-77.0607
63.87.80.0;63.87.80.255;33.8448;-118.337
63.87.81.0;63.87.81.255;44.2606;-72.5786
63.87.82.0;63.87.82.255;40.7128;-74.006
63.87.83.0;63.87.83.255;42.3601;-71.0589
63.87.84.0;63.87.85.255;38.9577;-77.4479
63.87.86.0;63.87.86.255;33.6891;-117.83
63.87.87.0;63.87.87.255;33.794;-118.292
63.87.88.0;63.87.91.255;40.4603;-84.3632
63.87.92.0;63.87.92.255;33.6355;-117.714
63.87.93.0;63.87.93.255;40.7128;-74.006
63.87.94.0;63.87.94.255;29.7573;-95.454
63.87.95.0;63.87.95.255;42.3601;-71.0589
63.87.96.0;63.87.96.255;40.1882;-86.9053
63.87.97.0;63.87.97.255;38.9308;-77.2197
63.87.98.0;63.87.98.255;41.7615;-87.6051
63.87.99.0;63.87.99.255;42.3601;-71.0589
63.87.100.0;63.87.100.255;40.7128;-74.006
63.87.101.0;63.87.101.255;42.6526;-73.7562
63.87.102.0;63.87.102.255;38.8834;-77.118
63.87.103.0;63.87.103.255;46.0851;-88.6418
63.87.104.0;63.87.104.255;33.6678;-117.86
63.87.105.0;63.87.105.255;32.7806;-97.2778
63.87.106.0;63.87.107.255;42.9472;-78.8829
63.87.108.0;63.87.108.255;41.6157;-88.6203
63.87.109.0;63.87.109.255;29.6896;-95.2032
63.87.110.0;63.87.110.255;39.4412;-90.8704
63.87.111.0;63.87.111.255;28.4539;-81.4525
63.87.112.0;63.87.127.255;44.9866;-93.3978
63.87.128.0;63.87.128.255;40.7346;-84.1402
63.87.129.0;63.87.129.223;40.8349;-84.3201
63.87.129.224;63.87.131.255;40.1003;-82.9167
63.87.132.0;63.87.132.255;40.7291;-74.0078
63.87.133.0;63.87.133.255;37.6921;-97.2215
63.87.134.0;63.87.134.255;41.9825;-88.0264
63.87.135.0;63.87.135.255;39.0113;-77.4713
63.87.136.0;63.87.136.255;42.6526;-73.7562
63.87.137.0;63.87.137.255;40.7128;-74.006
63.87.138.0;63.87.138.255;37.7304;-89.1851
63.87.139.0;63.87.139.255;32.9475;-96.8396
63.87.140.0;63.87.140.255;42.3601;-71.0589
63.87.141.0;63.87.141.255;41.739;-87.9718
63.87.142.0;63.87.142.255;32.8688;-117.203
63.87.143.0;63.87.143.255;42.3601;-71.0589
63.87.144.0;63.87.144.255;42.0411;-88.0429
63.87.145.0;63.87.145.255;40.7128;-74.006
63.87.146.0;63.87.146.255;41.7704;-87.9971
63.87.147.0;63.87.147.255;38.9072;-77.0369
63.87.148.0;63.87.148.255;41.6734;-87.4785
63.87.149.0;63.87.149.255;42.3601;-71.0589
63.87.150.0;63.87.150.255;33.4108;-111.97
63.87.151.0;63.87.152.255;40.7128;-74.006
63.87.153.0;63.87.153.255;41.4976;-81.6932
63.87.154.0;63.87.154.255;42.1874;-87.9293
63.87.155.0;63.87.155.191;34.0504;-118.41
63.87.155.192;63.87.156.255;42.3601;-71.0589
63.87.157.0;63.87.157.255;38.38;-88.385
63.87.158.0;63.87.158.255;42.3601;-71.0589
63.87.159.0;63.87.159.255;44.8612;-93.2443
63.87.160.0;63.87.160.255;41.8752;-87.9621
63.87.161.0;63.87.161.255;41.7804;-88.1434
63.87.162.0;63.87.164.63;42.3601;-71.0589
63.87.164.64;63.87.164.255;42.2875;-71.047
63.87.165.0;63.87.165.255;39.0113;-77.4713
63.87.166.0;63.87.166.255;42.3601;-71.0589
63.87.167.0;63.87.167.255;40.7457;-73.9932
63.87.168.0;63.87.168.255;42.3601;-71.0589
63.87.169.0;63.87.169.255;40.7128;-74.006
63.87.170.0;63.87.171.255;32.8084;-96.7921
63.87.172.0;63.87.172.255;43.2122;-82.9897
63.87.173.0;63.87.173.255;40.7188;-82.7871
63.87.174.0;63.87.174.255;42.3601;-71.0589
63.87.175.0;63.87.175.255;41.0724;-81.5257
63.87.176.0;63.87.176.255;42.2249;-87.942
63.87.177.0;63.87.177.255;39.9277;-86.157
63.87.178.0;63.87.178.255;40.7128;-74.006
63.87.179.0;63.87.179.255;42.3601;-71.0589
63.87.180.0;63.87.180.255;42.4502;-88.2978
63.87.181.0;63.87.181.255;40.7128;-74.006
63.87.182.0;63.87.182.255;42.6526;-73.7562
63.87.183.0;63.87.183.255;44.8612;-93.2443
63.87.184.0;63.87.184.255;41.5035;-81.6584
63.87.185.0;63.87.185.255;42.3601;-71.0589
63.87.186.0;63.87.186.255;37.6731;-80.891
63.87.187.0;63.87.187.255;43.2343;-86.2402
63.87.188.0;63.87.188.255;39.0307;-77.4101
63.87.189.0;63.87.189.255;43.5666;-88.2629
63.87.190.0;63.87.191.255;42.3601;-71.0589
63.87.192.0;63.87.192.255;39.6999;-105.388
63.87.193.0;63.87.193.255;40.7128;-74.006
63.87.194.0;63.87.194.255;47.7095;-122.3
63.87.195.0;63.87.195.255;41.8987;-87.6325
63.87.196.0;63.87.196.255;42.3601;-71.0589
63.87.197.0;63.87.197.255;40.7128;-74.006
63.87.198.0;63.87.198.255;42.3601;-71.0589
63.87.199.0;63.87.199.255;42.6483;-83.2461
63.87.200.0;63.87.200.255;37.6864;-97.336
63.87.201.0;63.87.201.255;41.8781;-87.6298
63.87.202.0;63.87.202.255;42.3601;-71.0589
63.87.203.0;63.87.203.255;26.3712;-80.1262
63.87.204.0;63.87.207.255;32.6484;-97.0459
63.87.208.0;63.87.208.255;37.9716;-87.5711
63.87.209.0;63.87.209.255;37.9445;-87.4053
63.87.210.0;63.87.215.255;37.9716;-87.5711
63.87.216.0;63.87.216.255;42.3601;-71.0589
63.87.217.0;63.87.217.255;41.1238;-85.2092
63.87.218.0;63.87.218.255;32.9074;-96.9566
63.87.219.0;63.87.219.255;39.0107;-94.5015
63.87.220.0;63.87.221.223;29.7771;-95.6194
63.87.221.224;63.87.221.255;29.7767;-95.6194
63.87.222.0;63.87.222.255;42.3601;-71.0589
63.87.223.0;63.87.223.255;41.9802;-91.6643
63.87.224.0;63.87.224.255;42.3601;-71.0589
63.87.225.0;63.87.227.63;40.7128;-74.006
63.87.227.64;63.87.227.255;42.3601;-71.0589
63.87.228.0;63.87.228.255;32.9865;-96.7106
63.87.229.0;63.87.229.255;40.7128;-74.006
63.87.230.0;63.87.230.255;40.7357;-74.1724
63.87.231.0;63.87.231.255;42.6526;-73.7562
63.87.232.0;63.87.232.223;40.7538;-73.9746
63.87.232.224;63.87.233.255;42.3601;-71.0589
63.87.234.0;63.87.236.255;42.6526;-73.7562
63.87.237.0;63.87.237.255;42.3601;-71.0589
63.87.238.0;63.87.239.255;40.7262;-74.0087
63.87.240.0;63.87.240.255;32.9569;-96.7147
63.87.241.0;63.87.241.255;40.7128;-74.006
63.87.242.0;63.87.243.63;42.6526;-73.7562
63.87.243.64;63.87.243.255;40.8988;-74.6392
63.87.244.0;63.87.244.255;40.7513;-73.98
63.87.245.0;63.87.245.255;42.3601;-71.0589
63.87.246.0;63.87.246.255;40.7357;-74.1724
63.87.247.0;63.87.247.255;42.3601;-71.0589
63.87.248.0;63.87.251.255;40.816;-74.4973
63.87.252.0;63.87.252.255;40.7357;-74.1724
63.87.253.0;63.87.253.255;38.9021;-77.0401
63.87.254.0;63.87.255.255;42.3601;-71.0589
63.88.0.0;63.88.0.255;38.8631;-77.3803
63.88.1.0;63.88.1.255;38.9021;-77.0382
63.88.2.0;63.88.2.255;38.9072;-77.0369
63.88.3.0;63.88.3.255;40.7619;-73.9683
63.88.4.0;63.88.4.255;38.898;-77.021
63.88.5.0;63.88.5.255;37.7102;-76.3828
63.88.6.0;63.88.6.255;42.3601;-71.0589
63.88.7.0;63.88.7.255;25.7941;-80.3643
63.88.8.0;63.88.8.255;39.1004;-76.6264
63.88.9.0;63.88.9.255;37.6228;-77.5314
63.88.10.0;63.88.11.255;39.0063;-77.4371
63.88.12.0;63.88.12.255;40.6239;-75.3937
63.88.13.0;63.88.13.255;40.3282;-76.7835
63.88.14.0;63.88.14.255;38.9072;-77.0369
63.88.15.0;63.88.15.255;40.2537;-76.9172
63.88.16.0;63.88.19.255;39.011;-77.4711
63.88.20.0;63.88.21.255;38.12;-78.4475
63.88.22.0;63.88.23.255;40.7128;-74.006
63.88.24.0;63.88.24.255;32.8927;-96.7077
63.88.25.0;63.88.25.255;39.0165;-91.8979
63.88.26.0;63.88.26.255;40.7128;-74.006
63.88.27.0;63.88.27.255;40.3487;-74.659
63.88.28.0;63.88.28.255;42.3601;-71.0589
63.88.29.0;63.88.29.255;38.9438;-76.9916
63.88.30.0;63.88.30.255;38.3116;-76.5378
63.88.31.0;63.88.31.255;41.6595;-86.2873
63.88.32.0;63.88.33.255;38.8937;-77.0145
63.88.34.0;63.88.34.255;42.6526;-73.7562
63.88.35.0;63.88.35.255;42.3601;-71.0589
63.88.36.0;63.88.37.255;40.4406;-79.9959
63.88.38.0;63.88.39.255;40.23;-76.8206
63.88.40.0;63.88.40.255;38.8055;-77.0444
63.88.41.0;63.88.41.255;39.0728;-77.1557
63.88.42.0;63.88.43.11;38.9072;-77.0369
63.88.43.12;63.88.43.255;39.3579;-76.4536
63.88.44.0;63.88.47.255;41.5135;-82.9212
63.88.48.0;63.88.48.255;40.4396;-79.9895
63.88.49.0;63.88.49.255;40.4425;-79.9953
63.88.50.0;63.88.50.255;38.9006;-77.0405
63.88.51.0;63.88.51.255;38.9858;-77.4458
63.88.52.0;63.88.55.255;39.1556;-77.2173
63.88.56.0;63.88.56.255;39.5199;-119.815
63.88.57.0;63.88.57.255;42.3601;-71.0589
63.88.58.0;63.88.58.255;40.1173;-75.285
63.88.59.0;63.88.59.255;40.2325;-74.8861
63.88.60.0;63.88.60.255;38.8665;-77.2341
63.88.61.0;63.88.61.255;38.0306;-78.4762
63.88.62.0;63.88.63.255;39.4768;-76.6538
63.88.64.0;63.88.64.255;42.6526;-73.7562
63.88.65.0;63.88.65.255;39.3809;-76.659
63.88.66.0;63.88.66.255;38.906;-77.452
63.88.67.0;63.88.67.255;42.9472;-78.8829
63.88.68.0;63.88.68.255;38.9146;-77.0452
63.88.69.0;63.88.69.255;39.9501;-75.1468
63.88.70.0;63.88.70.255;39.0632;-77.8879
63.88.71.0;63.88.71.255;40.277;-75.3928
63.88.72.0;63.88.72.255;39.1802;-76.8067
63.88.73.0;63.88.73.255;40.7143;-74.006
63.88.74.0;63.88.74.255;36.1852;-80.2609
63.88.75.0;63.88.75.255;39.225;-76.0791
63.88.76.0;63.88.76.255;40.6642;-74.2362
63.88.77.0;63.88.77.255;40.0813;-75.4017
63.88.78.0;63.88.78.255;39.9564;-75.1701
63.88.79.0;63.88.79.255;42.3601;-71.0589
63.88.80.0;63.88.80.255;33.9087;-84.2925
63.88.81.0;63.88.81.255;38.9417;-77.0642
63.88.82.0;63.88.82.255;38.4558;-77.9791
63.88.83.0;63.88.83.255;39.3474;-76.7125
63.88.84.0;63.88.84.255;38.3227;-76.5494
63.88.85.0;63.88.85.255;41.2736;-73.1336
63.88.86.0;63.88.86.255;39.8012;-75.1624
63.88.87.0;63.88.87.255;42.3601;-71.0589
63.88.88.0;63.88.89.255;39.8471;-104.979
63.88.90.0;63.88.90.255;40.7569;-73.9867
63.88.91.0;63.88.91.255;42.3601;-71.0589
63.88.92.0;63.88.92.255;41.8486;-87.9372
63.88.93.0;63.88.93.255;42.3601;-71.0589
63.88.94.0;63.88.94.255;38.0278;-84.4581
63.88.95.0;63.88.95.255;39.9907;-75.4093
63.88.96.0;63.88.97.255;33.95;-118.062
63.88.98.0;63.88.98.255;32.7328;-97.1019
63.88.99.0;63.88.99.255;40.9177;-74.1444
63.88.100.0;63.88.100.255;37.2648;-80.0192
63.88.101.0;63.88.101.255;32.8894;-117.223
63.88.102.0;63.88.102.255;40.0666;-75.4607
63.88.103.0;63.88.103.255;39.4986;-76.2423
63.88.104.0;63.88.104.255;36.7882;-76.2282
63.88.105.0;63.88.105.255;40.6853;-76.1548
63.88.106.0;63.88.106.255;25.8479;-80.3251
63.88.107.0;63.88.107.255;40.0957;-75.4121
63.88.108.0;63.88.108.255;42.3601;-71.0589
63.88.109.0;63.88.109.255;42.3523;-71.0671
63.88.110.0;63.88.110.255;41.4007;-81.8456
63.88.111.0;63.88.111.255;40.7528;-73.9783
63.88.112.0;63.88.112.255;38.9072;-77.0369
63.88.113.0;63.88.113.255;38.9091;-76.8421
63.88.114.0;63.88.114.255;40.076;-75.2877
63.88.115.0;63.88.116.127;42.3601;-71.0589
63.88.116.128;63.88.116.255;42.1653;-87.9216
63.88.117.0;63.88.117.255;39.4004;-76.6035
63.88.118.0;63.88.118.255;38.9213;-77.0394
63.88.119.0;63.88.119.255;47.6735;-117.233
63.88.120.0;63.88.120.255;40.6926;-73.8343
63.88.121.0;63.88.121.255;37.308;-77.3748
63.88.122.0;63.88.122.255;42.6526;-73.7562
63.88.123.0;63.88.123.255;37.6474;-77.5798
63.88.124.0;63.88.125.255;35.8246;-78.6093
63.88.126.0;63.88.127.255;38.8905;-77.0047
63.88.128.0;63.88.128.255;29.1873;-81.0111
63.88.129.0;63.88.129.255;39.9123;-75.2538
63.88.130.0;63.88.130.255;42.3601;-71.0589
63.88.131.0;63.88.131.255;39.4273;-75.2341
63.88.132.0;63.88.132.255;42.3584;-71.0598
63.88.133.0;63.88.133.255;32.7767;-96.797
63.88.134.0;63.88.134.255;42.3601;-71.0589
63.88.135.0;63.88.135.255;40.7128;-74.006
63.88.136.0;63.88.137.255;42.3601;-71.0589
63.88.138.0;63.88.138.255;40.7128;-74.006
63.88.139.0;63.88.139.255;40.6884;-75.2207
63.88.140.0;63.88.140.255;26.6497;-80.2547
63.88.141.0;63.88.141.255;42.3601;-71.0589
63.88.142.0;63.88.143.255;36.0646;-94.1592
63.88.144.0;63.88.144.255;26.0946;-80.3647
63.88.145.0;63.88.145.255;38.9366;-77.1814
63.88.146.0;63.88.146.255;40.7128;-74.006
63.88.147.0;63.88.147.255;42.6526;-73.7562
63.88.148.0;63.88.148.255;42.3601;-71.0589
63.88.149.0;63.88.149.255;40.7128;-74.006
63.88.150.0;63.88.150.255;42.3601;-71.0589
63.88.151.0;63.88.152.255;42.6526;-73.7562
63.88.153.0;63.88.153.255;40.7128;-74.006
63.88.154.0;63.88.154.255;42.6526;-73.7562
63.88.155.0;63.88.156.255;42.3601;-71.0589
63.88.157.0;63.88.157.255;40.7128;-74.006
63.88.158.0;63.88.161.255;42.3601;-71.0589
63.88.162.0;63.88.162.255;42.6526;-73.7562
63.88.163.0;63.88.163.255;42.3601;-71.0589
63.88.164.0;63.88.164.159;42.1799;-70.9041
63.88.164.160;63.88.167.63;42.3601;-71.0589
63.88.167.64;63.88.167.255;33.0155;-96.7982
63.88.168.0;63.88.168.255;42.3601;-71.0589
63.88.169.0;63.88.169.255;42.6526;-73.7562
63.88.170.0;63.88.170.255;42.3601;-71.0589
63.88.171.0;63.88.171.255;42.4133;-83.421
63.88.172.0;63.88.172.255;40.7669;-111.921
63.88.173.0;63.88.173.255;42.3601;-71.0589
63.88.174.0;63.88.174.255;40.7366;-73.9885
63.88.175.0;63.88.177.255;42.3601;-71.0589
63.88.178.0;63.88.178.255;42.6526;-73.7562
63.88.179.0;63.88.179.255;40.7128;-74.006
63.88.180.0;63.88.180.255;42.3601;-71.0589
63.88.181.0;63.88.181.255;42.6526;-73.7562
63.88.182.0;63.88.182.255;40.7128;-74.006
63.88.183.0;63.88.183.255;42.6526;-73.7562
63.88.184.0;63.88.184.255;42.3601;-71.0589
63.88.185.0;63.88.186.255;40.7128;-74.006
63.88.187.0;63.88.187.255;36.2324;-77.1091
63.88.188.0;63.88.188.255;40.7128;-74.006
63.88.189.0;63.88.189.255;42.9931;-85.5865
63.88.190.0;63.88.191.255;42.6526;-73.7562
63.88.192.0;63.88.192.255;38.9038;-77.4484
63.88.193.0;63.88.194.255;42.3601;-71.0589
63.88.195.0;63.88.195.255;40.7128;-74.006
63.88.196.0;63.88.197.255;42.3601;-71.0589
63.88.198.0;63.88.198.255;40.7402;-73.987
63.88.199.0;63.88.201.255;42.3601;-71.0589
63.88.202.0;63.88.203.255;41.413;-81.6577
63.88.204.0;63.88.205.255;40.7128;-74.006
63.88.206.0;63.88.209.255;42.3601;-71.0589
63.88.210.0;63.88.210.255;41.1104;-73.4094
63.88.211.0;63.88.211.255;40.7128;-74.006
63.88.212.0;63.88.213.255;45.5222;-122.676
63.88.214.0;63.88.214.255;40.7547;-73.9806
63.88.215.0;63.88.215.255;42.3601;-71.0589
63.88.216.0;63.88.223.255;37.5407;-77.4361
63.88.224.0;63.88.224.255;37.5647;-122.322
63.88.225.0;63.88.225.255;40.7161;-74.0351
63.88.226.0;63.88.226.255;40.7128;-74.006
63.88.227.0;63.88.227.255;42.3601;-71.0589
63.88.228.0;63.88.228.255;37.5049;-122.258
63.88.229.0;63.88.229.127;42.3601;-71.0589
63.88.229.128;63.88.230.127;37.5636;-122.325
63.88.230.128;63.88.232.255;42.3601;-71.0589
63.88.233.0;63.88.233.255;33.5923;-101.92
63.88.234.0;63.88.234.255;39.0326;-77.1586
63.88.235.0;63.88.235.255;42.6526;-73.7562
63.88.236.0;63.88.237.255;40.7128;-74.006
63.88.238.0;63.88.238.255;34.2408;-118.603
63.88.239.0;63.88.239.255;40.7128;-74.006
63.88.240.0;63.88.243.255;30.2679;-97.7411
63.88.244.0;63.88.244.255;42.6526;-73.7562
63.88.245.0;63.88.245.255;42.3601;-71.0589
63.88.246.0;63.88.246.255;39.0113;-77.4713
63.88.247.0;63.88.247.255;42.4774;-83.2457
63.88.248.0;63.88.251.255;42.3601;-71.0589
63.88.252.0;63.88.252.255;32.5498;-93.6562
63.88.253.0;63.88.253.255;38.9533;-76.8306
63.88.254.0;63.88.254.255;42.3601;-71.0589
63.88.255.0;63.88.255.255;41.7052;-72.7024
63.89.0.0;63.89.0.255;42.6526;-73.7562
63.89.1.0;63.89.1.255;32.9599;-96.7043
63.89.2.0;63.89.3.255;42.3601;-71.0589
63.89.4.0;63.89.4.255;42.6526;-73.7562
63.89.5.0;63.89.6.31;42.3601;-71.0589
63.89.6.32;63.89.6.255;40.1466;-74.9952
63.89.7.0;63.89.7.255;39.2978;-76.6137
63.89.8.0;63.89.8.255;30.666;-88.1739
63.89.9.0;63.89.9.255;40.2557;-74.73
63.89.10.0;63.89.10.255;32.756;-97.3305
63.89.11.0;63.89.11.255;39.4783;-76.3098
63.89.12.0;63.89.12.255;40.7112;-74.0121
63.89.13.0;63.89.13.255;40.7128;-74.006
63.89.14.0;63.89.14.255;43.1178;-77.6113
63.89.15.0;63.89.15.255;29.7601;-95.3621
63.89.16.0;63.89.16.255;42.3601;-71.0589
63.89.17.0;63.89.17.255;38.8644;-77.23
63.89.18.0;63.89.18.255;42.3601;-71.0589
63.89.19.0;63.89.19.159;41.4504;-87.7551
63.89.19.160;63.89.20.255;42.3601;-71.0589
63.89.21.0;63.89.21.255;37.7839;-122.395
63.89.22.0;63.89.22.255;38.3867;-81.8358
63.89.23.0;63.89.23.255;40.7189;-74.0348
63.89.24.0;63.89.25.255;40.7128;-74.006
63.89.26.0;63.89.28.255;42.3601;-71.0589
63.89.29.0;63.89.29.255;40.7491;-73.9826
63.89.30.0;63.89.30.255;42.3601;-71.0589
63.89.31.0;63.89.31.255;40.3753;-74.6152
63.89.32.0;63.89.32.255;42.3601;-71.0589
63.89.33.0;63.89.34.255;40.7128;-74.006
63.89.35.0;63.89.35.255;42.3601;-71.0589
63.89.36.0;63.89.36.255;42.6526;-73.7562
63.89.37.0;63.89.37.255;40.7128;-74.006
63.89.38.0;63.89.39.255;42.6526;-73.7562
63.89.40.0;63.89.41.255;40.7128;-74.006
63.89.42.0;63.89.42.255;42.3601;-71.0589
63.89.43.0;63.89.43.255;42.6526;-73.7562
63.89.44.0;63.89.48.255;40.7128;-74.006
63.89.49.0;63.89.50.47;42.3601;-71.0589
63.89.50.48;63.89.50.55;27.21;-80.2044
63.89.50.56;63.89.52.255;42.3601;-71.0589
63.89.53.0;63.89.53.255;29.7345;-95.4239
63.89.54.0;63.89.54.255;42.3601;-71.0589
63.89.55.0;63.89.55.255;43.1627;-76.3283
63.89.56.0;63.89.57.255;39.3577;-84.3935
63.89.58.0;63.89.58.255;42.3601;-71.0589
63.89.59.0;63.89.59.255;39.7844;-105.126
63.89.60.0;63.89.63.255;40.3954;-74.1723
63.89.64.0;63.89.64.255;32.986;-96.8014
63.89.65.0;63.89.65.255;40.0836;-74.9166
63.89.66.0;63.89.66.255;42.3601;-71.0589
63.89.67.0;63.89.67.255;32.8429;-96.771
63.89.68.0;63.89.68.255;40.7128;-74.006
63.89.69.0;63.89.71.255;42.3601;-71.0589
63.89.72.0;63.89.72.255;42.6526;-73.7562
63.89.73.0;63.89.73.255;42.4809;-83.2448
63.89.74.0;63.89.74.191;39.0518;-77.1148
63.89.74.192;63.89.75.255;40.7128;-74.006
63.89.76.0;63.89.79.255;39.4426;-77.5393
63.89.80.0;63.89.81.31;42.3601;-71.0589
63.89.81.32;63.89.81.255;42.508;-71.2462
63.89.82.0;63.89.82.255;42.6526;-73.7562
63.89.83.0;63.89.83.255;39.0107;-77.469
63.89.84.0;63.89.84.255;40.7128;-74.006
63.89.85.0;63.89.85.255;39.0997;-94.5786
63.89.86.0;63.89.86.255;40.6989;-74.404
63.89.87.0;63.89.87.255;39.4426;-77.5393
63.89.88.0;63.89.88.255;39.0005;-77.0286
63.89.89.0;63.89.89.255;42.3601;-71.0589
63.89.90.0;63.89.90.255;34.1144;-84.2368
63.89.91.0;63.89.91.255;40.7128;-74.006
63.89.92.0;63.89.92.255;40.7257;-73.9932
63.89.93.0;63.89.93.255;39.9481;-75.1435
63.89.94.0;63.89.94.127;44.9732;-93.272
63.89.94.128;63.89.95.255;42.3601;-71.0589
63.89.96.0;63.89.96.255;40.7128;-74.006
63.89.97.0;63.89.97.255;42.3601;-71.0589
63.89.98.0;63.89.98.255;42.6526;-73.7562
63.89.99.0;63.89.100.255;42.3601;-71.0589
63.89.101.0;63.89.101.255;40.7128;-74.006
63.89.102.0;63.89.102.255;42.3601;-71.0589
63.89.103.0;63.89.103.255;42.6526;-73.7562
63.89.104.0;63.89.105.255;42.3601;-71.0589
63.89.106.0;63.89.106.255;40.7128;-74.006
63.89.107.0;63.89.107.255;42.3601;-71.0589
63.89.108.0;63.89.109.255;42.6526;-73.7562
63.89.110.0;63.89.111.255;42.3601;-71.0589
63.89.112.0;63.89.112.255;42.6526;-73.7562
63.89.113.0;63.89.115.255;42.3601;-71.0589
63.89.116.0;63.89.116.255;40.7128;-74.006
63.89.117.0;63.89.117.255;42.3601;-71.0589
63.89.118.0;63.89.118.247;44.9732;-93.272
63.89.118.248;63.89.120.255;42.3601;-71.0589
63.89.121.0;63.89.122.255;40.7128;-74.006
63.89.123.0;63.89.123.255;42.6526;-73.7562
63.89.124.0;63.89.124.255;42.3601;-71.0589
63.89.125.0;63.89.125.255;40.7128;-74.006
63.89.126.0;63.89.126.255;39.6159;-75.7444
63.89.127.0;63.89.127.255;42.3601;-71.0589
63.89.128.0;63.89.129.255;26.2296;-98.2286
63.89.130.0;63.89.131.255;42.3601;-71.0589
63.89.132.0;63.89.132.255;33.2706;-93.2266
63.89.133.0;63.89.133.255;39.0113;-77.4713
63.89.134.0;63.89.134.255;40.7128;-74.006
63.89.135.0;63.89.135.255;41.8899;-87.6209
63.89.136.0;63.89.136.255;42.6526;-73.7562
63.89.137.0;63.89.137.255;42.3601;-71.0589
63.89.138.0;63.89.138.255;42.7401;-86.1062
63.89.139.0;63.89.140.255;40.7128;-74.006
63.89.141.0;63.89.141.255;39.1817;-76.8031
63.89.142.0;63.89.142.255;43.9387;-72.6047
63.89.143.0;63.89.143.255;42.6526;-73.7562
63.89.144.0;63.89.144.255;42.3601;-71.0589
63.89.145.0;63.89.145.255;42.6526;-73.7562
63.89.146.0;63.89.146.255;40.6015;-75.4759
63.89.147.0;63.89.148.79;42.3601;-71.0589
63.89.148.80;63.89.148.255;41.9774;-88.078
63.89.149.0;63.89.150.255;42.3601;-71.0589
63.89.151.0;63.89.151.255;40.7128;-74.006
63.89.152.0;63.89.152.255;42.3601;-71.0589
63.89.153.0;63.89.153.255;42.6526;-73.7562
63.89.154.0;63.89.154.255;40.7128;-74.006
63.89.155.0;63.89.158.175;42.3601;-71.0589
63.89.158.176;63.89.158.255;37.3983;-122.061
63.89.159.0;63.89.159.255;40.7128;-74.006
63.89.160.0;63.89.161.23;42.3601;-71.0589
63.89.161.24;63.89.161.255;42.5608;-83.1509
63.89.162.0;63.89.162.255;40.7572;-73.9707
63.89.163.0;63.89.164.127;42.3601;-71.0589
63.89.164.128;63.89.164.255;32.8348;-97.1305
63.89.165.0;63.89.165.255;42.6526;-73.7562
63.89.166.0;63.89.166.255;41.0271;-73.7585
63.89.167.0;63.89.173.63;42.3601;-71.0589
63.89.173.64;63.89.173.255;32.7907;-96.7915
63.89.174.0;63.89.174.255;40.7128;-74.006
63.89.175.0;63.89.175.255;42.3601;-71.0589
63.89.176.0;63.89.177.255;40.7654;-85.1635
63.89.178.0;63.89.178.255;42.6526;-73.7562
63.89.179.0;63.89.181.255;42.3601;-71.0589
63.89.182.0;63.89.182.255;42.6526;-73.7562
63.89.183.0;63.89.185.255;42.3601;-71.0589
63.89.186.0;63.89.186.255;25.7327;-80.2343
63.89.187.0;63.89.187.255;46.9742;-123.838
63.89.188.0;63.89.188.255;42.3601;-71.0589
63.89.189.0;63.89.189.255;42.6526;-73.7562
63.89.190.0;63.89.190.255;42.3601;-71.0589
63.89.191.0;63.89.192.255;42.6526;-73.7562
63.89.193.0;63.89.193.255;40.7128;-74.006
63.89.194.0;63.89.195.255;38.9608;-77.4211
63.89.196.0;63.89.196.255;40.7128;-74.006
63.89.197.0;63.89.197.255;38.9608;-77.4211
63.89.198.0;63.89.198.255;42.6526;-73.7562
63.89.199.0;63.89.199.255;39.3685;-77.4099
63.89.200.0;63.89.200.255;40.7128;-74.006
63.89.201.0;63.89.201.255;42.3601;-71.0589
63.89.202.0;63.89.203.255;40.7128;-74.006
63.89.204.0;63.89.205.255;42.6526;-73.7562
63.89.206.0;63.89.208.255;42.3601;-71.0589
63.89.209.0;63.89.209.255;40.7128;-74.006
63.89.210.0;63.89.210.255;36.8275;-76.0664
63.89.211.0;63.89.211.255;42.6526;-73.7562
63.89.212.0;63.89.212.255;42.3601;-71.0589
63.89.213.0;63.89.214.255;42.6526;-73.7562
63.89.215.0;63.89.215.255;42.3601;-71.0589
63.89.216.0;63.89.216.255;43.547;-96.7286
63.89.217.0;63.89.217.255;39.462;-87.4155
63.89.218.0;63.89.219.255;40.8637;-74.3161
63.89.220.0;63.89.220.255;42.3601;-71.0589
63.89.221.0;63.89.221.255;45.5206;-122.677
63.89.222.0;63.89.222.255;42.3601;-71.0589
63.89.223.0;63.89.223.207;42.4884;-71.2275
63.89.223.208;63.89.224.255;40.7128;-74.006
63.89.225.0;63.89.225.255;42.6526;-73.7562
63.89.226.0;63.89.226.255;40.7544;-73.9796
63.89.227.0;63.89.227.255;42.356;-71.0568
63.89.228.0;63.89.228.255;40.7128;-74.006
63.89.229.0;63.89.229.255;42.3601;-71.0589
63.89.230.0;63.89.230.255;40.7128;-74.006
63.89.231.0;63.89.231.255;42.3601;-71.0589
63.89.232.0;63.89.232.255;42.6526;-73.7562
63.89.233.0;63.89.233.255;39.0113;-77.4713
63.89.234.0;63.89.235.255;42.3601;-71.0589
63.89.236.0;63.89.236.255;37.1114;-94.5108
63.89.237.0;63.89.237.255;40.7128;-74.006
63.89.238.0;63.89.238.255;42.3601;-71.0589
63.89.239.0;63.89.239.255;37.5963;-122.37
63.89.240.0;63.89.241.255;40.7128;-74.006
63.89.242.0;63.89.242.255;42.3601;-71.0589
63.89.243.0;63.89.243.255;40.7128;-74.006
63.89.244.0;63.89.244.255;39.0113;-77.4713
63.89.245.0;63.89.245.255;40.7128;-74.006
63.89.246.0;63.89.246.255;42.3601;-71.0589
63.89.247.0;63.89.247.255;33.952;-81.1165
63.89.248.0;63.89.248.255;42.6526;-73.7562
63.89.249.0;63.89.250.255;40.7128;-74.006
63.89.251.0;63.89.251.255;42.6526;-73.7562
63.89.252.0;63.89.253.255;42.3601;-71.0589
63.89.254.0;63.89.255.255;40.7128;-74.006
63.90.0.0;63.90.0.255;42.3601;-71.0589
63.90.1.0;63.90.1.255;40.7128;-74.006
63.90.2.0;63.90.2.255;42.3601;-71.0589
63.90.3.0;63.90.3.223;40.9503;-74.6327
63.90.3.224;63.90.5.255;42.3601;-71.0589
63.90.6.0;63.90.6.255;40.7128;-74.006
63.90.7.0;63.90.7.255;42.3601;-71.0589
63.90.8.0;63.90.8.255;42.3622;-71.0845
63.90.9.0;63.90.9.255;37.6608;-77.574
63.90.10.0;63.90.11.255;41.5977;-93.7867
63.90.12.0;63.90.12.255;42.3601;-71.0589
63.90.13.0;63.90.13.255;34.6037;-98.3879
63.90.14.0;63.90.14.255;42.6526;-73.7562
63.90.15.0;63.90.15.255;40.7128;-74.006
63.90.16.0;63.90.16.255;42.3601;-71.0589
63.90.17.0;63.90.17.127;37.4868;-122.227
63.90.17.128;63.90.18.255;42.3601;-71.0589
63.90.19.0;63.90.19.255;37.14;-84.0972
63.90.20.0;63.90.21.255;42.3601;-71.0589
63.90.22.0;63.90.22.255;40.7128;-74.006
63.90.23.0;63.90.24.255;42.3601;-71.0589
63.90.25.0;63.90.25.255;42.6526;-73.7562
63.90.26.0;63.90.26.255;40.559;-111.903
63.90.27.0;63.90.27.255;42.6526;-73.7562
63.90.28.0;63.90.33.191;42.3601;-71.0589
63.90.33.192;63.90.33.255;27.9753;-82.383
63.90.34.0;63.90.35.255;18.4485;-66.0754
63.90.36.0;63.90.36.255;18.4485;-66.0751
63.90.37.0;63.90.37.255;40.4381;-80.0013
63.90.38.0;63.90.38.255;42.6526;-73.7562
63.90.39.0;63.90.39.255;40.7128;-74.006
63.90.40.0;63.90.40.255;42.6526;-73.7562
63.90.41.0;63.90.43.255;40.7128;-74.006
63.90.44.0;63.90.47.255;42.3601;-71.0589
63.90.48.0;63.90.48.255;40.7128;-74.006
63.90.49.0;63.90.49.255;41.3706;-72.1701
63.90.50.0;63.90.50.255;29.7571;-95.364
63.90.51.0;63.90.51.215;29.7079;-95.4064
63.90.51.216;63.90.52.255;40.7128;-74.006
63.90.53.0;63.90.53.255;32.8904;-117.171
63.90.54.0;63.90.54.255;39.4709;-87.4012
63.90.55.0;63.90.55.255;38.7512;-77.4883
63.90.56.0;63.90.57.255;40.7128;-74.006
63.90.58.0;63.90.62.255;42.3601;-71.0589
63.90.63.0;63.90.63.255;40.7128;-74.006
63.90.64.0;63.90.64.255;42.3601;-71.0589
63.90.65.0;63.90.65.255;40.7128;-74.006
63.90.66.0;63.90.67.255;38.3482;-81.6315
63.90.68.0;63.90.68.255;42.6526;-73.7562
63.90.69.0;63.90.69.255;30.2533;-81.4625
63.90.70.0;63.90.70.255;42.2226;-89.1175
63.90.71.0;63.90.71.255;42.3601;-71.0589
63.90.72.0;63.90.72.255;32.7985;-96.8027
63.90.73.0;63.90.73.255;44.4927;-88.0345
63.90.74.0;63.90.74.255;39.6264;-111.44
63.90.75.0;63.90.75.255;42.3601;-71.0589
63.90.76.0;63.90.79.255;42.117;-72.5469
63.90.80.0;63.90.80.255;40.7128;-74.006
63.90.81.0;63.90.82.255;42.3601;-71.0589
63.90.83.0;63.90.83.255;37.3983;-122.061
63.90.84.0;63.90.84.255;40.7128;-74.006
63.90.85.0;63.90.85.255;42.6526;-73.7562
63.90.86.0;63.90.86.255;33.8568;-118.311
63.90.87.0;63.90.87.255;42.6526;-73.7562
63.90.88.0;63.90.95.255;40.881;-79.8988
63.90.96.0;63.90.97.255;42.3601;-71.0589
63.90.98.0;63.90.98.255;42.6526;-73.7562
63.90.99.0;63.90.99.255;37.9735;-122.531
63.90.100.0;63.90.100.255;38.9635;-77.3815
63.90.101.0;63.90.101.255;42.6526;-73.7562
63.90.102.0;63.90.102.255;40.7127;-74.0134
63.90.103.0;63.90.103.255;42.6526;-73.7562
63.90.104.0;63.90.104.255;42.3601;-71.0589
63.90.105.0;63.90.105.255;42.6526;-73.7562
63.90.106.0;63.90.110.255;42.3601;-71.0589
63.90.111.0;63.90.111.255;40.7128;-74.006
63.90.112.0;63.90.127.255;42.9804;-85.6722
63.90.128.0;63.90.128.255;40.9646;-74.0299
63.90.129.0;63.90.129.255;38.8001;-77.1641
63.90.130.0;63.90.130.255;38.226;-122.587
63.90.131.0;63.90.131.255;42.3601;-71.0589
63.90.132.0;63.90.132.255;42.5909;-83.1785
63.90.133.0;63.90.133.255;39.2808;-76.5773
63.90.134.0;63.90.135.255;42.3601;-71.0589
63.90.136.0;63.90.136.255;40.7128;-74.006
63.90.137.0;63.90.138.255;42.3601;-71.0589
63.90.139.0;63.90.139.255;42.6526;-73.7562
63.90.140.0;63.90.140.255;38.8493;-77.3142
63.90.141.0;63.90.141.255;42.6526;-73.7562
63.90.142.0;63.90.142.255;30.5148;-97.7229
63.90.143.0;63.90.143.255;42.528;-71.1427
63.90.144.0;63.90.144.255;42.6526;-73.7562
63.90.145.0;63.90.146.255;42.3601;-71.0589
63.90.147.0;63.90.147.255;42.0552;-88.0544
63.90.148.0;63.90.148.255;36.8407;-76.1436
63.90.149.0;63.90.151.255;42.3601;-71.0589
63.90.152.0;63.90.152.255;41.5234;-81.4582
63.90.153.0;63.90.153.255;35.0527;-97.9369
63.90.154.0;63.90.155.255;42.6526;-73.7562
63.90.156.0;63.90.156.255;42.4716;-83.3582
63.90.157.0;63.90.157.255;33.8637;-117.88
63.90.158.0;63.90.158.255;26.1381;-80.3216
63.90.159.0;63.90.159.255;42.3601;-71.0589
63.90.160.0;63.90.160.255;40.7128;-74.006
63.90.161.0;63.90.162.255;42.3601;-71.0589
63.90.163.0;63.90.163.255;32.8502;-96.938
63.90.164.0;63.90.164.255;42.3601;-71.0589
63.90.165.0;63.90.165.255;40.7128;-74.006
63.90.166.0;63.90.166.255;29.4841;-98.541
63.90.167.0;63.90.167.255;40.7564;-73.9843
63.90.168.0;63.90.168.255;32.3093;-99.7877
63.90.169.0;63.90.169.255;40.7128;-74.006
63.90.170.0;63.90.170.255;40.5294;-74.5501
63.90.171.0;63.90.171.255;40.7128;-74.006
63.90.172.0;63.90.172.255;45.5197;-122.679
63.90.173.0;63.90.173.255;42.6526;-73.7562
63.90.174.0;63.90.174.255;42.3601;-71.0589
63.90.175.0;63.90.175.255;42.6526;-73.7562
63.90.176.0;63.90.177.255;42.3601;-71.0589
63.90.178.0;63.90.178.255;40.7128;-74.006
63.90.179.0;63.90.179.255;42.1392;-87.7969
63.90.180.0;63.90.181.255;44.3056;-69.9754
63.90.182.0;63.90.182.255;32.8466;-96.7718
63.90.183.0;63.90.183.255;42.3601;-71.0589
63.90.184.0;63.90.184.255;45.5206;-122.677
63.90.185.0;63.90.186.255;42.6526;-73.7562
63.90.187.0;63.90.187.255;32.8709;-96.9848
63.90.188.0;63.90.189.255;42.3601;-71.0589
63.90.190.0;63.90.190.255;39.0449;-77.4088
63.90.191.0;63.90.191.255;42.2023;-71.152
63.90.192.0;63.90.192.255;40.0836;-74.9166
63.90.193.0;63.90.196.15;42.3601;-71.0589
63.90.196.16;63.90.196.255;38.8029;-77.1392
63.90.197.0;63.90.197.255;40.7128;-74.006
63.90.198.0;63.90.198.255;42.3601;-71.0589
63.90.199.0;63.90.199.127;26.0863;-80.3683
63.90.199.128;63.90.200.255;42.3601;-71.0589
63.90.201.0;63.90.201.255;38.9942;-77.0285
63.90.202.0;63.90.202.255;42.6526;-73.7562
63.90.203.0;63.90.203.255;40.7128;-74.006
63.90.204.0;63.90.204.255;47.6051;-122.187
63.90.205.0;63.90.207.255;42.3601;-71.0589
63.90.208.0;63.90.223.255;29.8827;-97.9458
63.90.224.0;63.90.224.255;42.3601;-71.0589
63.90.225.0;63.90.225.255;40.745;-73.9933
63.90.226.0;63.90.227.255;42.3601;-71.0589
63.90.228.0;63.90.229.255;39.1556;-77.2164
63.90.230.0;63.90.230.255;38.8665;-77.2341
63.90.231.0;63.90.231.255;26.4185;-81.4174
63.90.232.0;63.90.233.255;39.0067;-77.4291
63.90.234.0;63.90.234.255;42.6526;-73.7562
63.90.235.0;63.90.235.255;39.6122;-104.899
63.90.236.0;63.90.236.255;40.7128;-74.006
63.90.237.0;63.90.237.255;42.3601;-71.0589
63.90.238.0;63.90.238.255;35.1813;-83.3807
63.90.239.0;63.90.239.255;42.3601;-71.0589
63.90.240.0;63.90.240.255;39.0067;-77.4291
63.90.241.0;63.90.241.255;42.7885;-71.0772
63.90.242.0;63.90.242.255;40.7128;-74.006
63.90.243.0;63.90.244.63;42.3601;-71.0589
63.90.244.64;63.90.244.159;33.6602;-117.697
63.90.244.160;63.90.245.255;42.3601;-71.0589
63.90.246.0;63.90.246.255;39.2901;-77.3142
63.90.247.0;63.90.247.255;40.7128;-74.006
63.90.248.0;63.90.248.255;42.3601;-71.0589
63.90.249.0;63.90.249.255;38.1152;-121.298
63.90.250.0;63.90.252.255;32.4698;-85.026
63.90.253.0;63.90.253.255;40.7128;-74.006
63.90.254.0;63.90.254.255;38.9488;-77.3512
63.90.255.0;63.90.255.255;42.3601;-71.0589
63.91.0.0;63.91.0.255;42.6526;-73.7562
63.91.1.0;63.91.1.255;40.7128;-74.006
63.91.2.0;63.91.2.255;41.3203;-73.4765
63.91.3.0;63.91.3.255;42.3601;-71.0589
63.91.4.0;63.91.6.255;40.7128;-74.006
63.91.7.0;63.91.7.255;42.6526;-73.7562
63.91.8.0;63.91.8.255;39.7455;-75.5483
63.91.9.0;63.91.9.255;41.4413;-81.6943
63.91.10.0;63.91.13.255;42.3601;-71.0589
63.91.14.0;63.91.14.199;39.0089;-77.0005
63.91.14.200;63.91.15.255;40.7128;-74.006
63.91.16.0;63.91.23.255;38.0722;-97.3456
63.91.24.0;63.91.27.255;41.5072;-90.5126
63.91.28.0;63.91.28.255;42.356;-71.0568
63.91.29.0;63.91.31.255;42.3601;-71.0589
63.91.32.0;63.91.32.255;37.3933;-122.079
63.91.33.0;63.91.34.255;40.7128;-74.006
63.91.35.0;63.91.35.255;42.4849;-71.5357
63.91.36.0;63.91.36.255;42.3601;-71.0589
63.91.37.0;63.91.38.255;40.7128;-74.006
63.91.39.0;63.91.40.255;42.3601;-71.0589
63.91.41.0;63.91.41.255;38.8617;-77.3053
63.91.42.0;63.91.42.255;42.3601;-71.0589
63.91.43.0;63.91.44.255;40.7128;-74.006
63.91.45.0;63.91.45.223;37.395;-122.079
63.91.45.224;63.91.47.255;42.6526;-73.7562
63.91.48.0;63.91.50.255;42.3601;-71.0589
63.91.51.0;63.91.51.255;40.7128;-74.006
63.91.52.0;63.91.52.255;42.6526;-73.7562
63.91.53.0;63.91.54.255;42.3601;-71.0589
63.91.55.0;63.91.55.255;42.6526;-73.7562
63.91.56.0;63.91.56.255;42.3601;-71.0589
63.91.57.0;63.91.57.255;40.7128;-74.006
63.91.58.0;63.91.59.255;37.4089;-121.983
63.91.60.0;63.91.60.255;42.3601;-71.0589
63.91.61.0;63.91.61.127;40.606;-74.1342
63.91.61.128;63.91.62.255;40.7128;-74.006
63.91.63.0;63.91.65.255;42.3601;-71.0589
63.91.66.0;63.91.66.255;41.3926;-73.5177
63.91.67.0;63.91.67.255;35.0698;-89.8613
63.91.68.0;63.91.68.255;40.7128;-74.006
63.91.69.0;63.91.69.255;42.6526;-73.7562
63.91.70.0;63.91.70.255;33.701;-117.842
63.91.71.0;63.91.71.255;33.787;-118.001
63.91.72.0;63.91.72.255;42.6526;-73.7562
63.91.73.0;63.91.73.255;38.2114;-84.5616
63.91.74.0;63.91.75.255;40.7128;-74.006
63.91.76.0;63.91.76.255;40.5178;-80.0057
63.91.77.0;63.91.77.255;37.9302;-122.374
63.91.78.0;63.91.78.255;39.0113;-77.4713
63.91.79.0;63.91.79.255;38.9072;-77.0369
63.91.80.0;63.91.80.183;32.8995;-117.185
63.91.80.184;63.91.81.255;40.7128;-74.006
63.91.82.0;63.91.82.255;26.4424;-80.0693
63.91.83.0;63.91.83.255;38.9534;-77.3985
63.91.84.0;63.91.84.255;42.6526;-73.7562
63.91.85.0;63.91.88.255;40.7128;-74.006
63.91.89.0;63.91.89.255;42.6526;-73.7562
63.91.90.0;63.91.90.255;41.931;-84.6411
63.91.91.0;63.91.91.255;43.0305;-88.1133
63.91.92.0;63.91.92.255;38.9366;-77.1814
63.91.93.0;63.91.93.255;40.7479;-73.9896
63.91.94.0;63.91.94.255;33.8036;-118.077
63.91.95.0;63.91.95.255;33.1244;-117.272
63.91.96.0;63.91.97.255;42.3601;-71.0589
63.91.98.0;63.91.98.127;34.0583;-118.444
63.91.98.128;63.91.99.255;40.7128;-74.006
63.91.100.0;63.91.103.255;48.3264;-122.628
63.91.104.0;63.91.104.255;34.0583;-118.444
63.91.105.0;63.91.106.255;42.6526;-73.7562
63.91.107.0;63.91.107.255;40.0687;-76.3027
63.91.108.0;63.91.108.255;34.252;-118.389
63.91.109.0;63.91.109.255;40.7128;-74.006
63.91.110.0;63.91.110.255;42.3601;-71.0589
63.91.111.0;63.91.111.255;32.7157;-117.161
63.91.112.0;63.91.112.255;27.2193;-80.2629
63.91.113.0;63.91.113.255;40.7128;-74.006
63.91.114.0;63.91.114.255;32.7665;-97.0672
63.91.115.0;63.91.115.255;42.3601;-71.0589
63.91.116.0;63.91.116.255;40.7128;-74.006
63.91.117.0;63.91.117.255;39.1003;-84.5086
63.91.118.0;63.91.118.255;40.7128;-74.006
63.91.119.0;63.91.121.255;42.3601;-71.0589
63.91.122.0;63.91.122.255;40.7128;-74.006
63.91.123.0;63.91.123.255;42.3601;-71.0589
63.91.124.0;63.91.125.255;40.7128;-74.006
63.91.126.0;63.91.126.255;42.6526;-73.7562
63.91.127.0;63.91.127.255;42.3601;-71.0589
63.91.128.0;63.91.128.255;29.7888;-95.5986
63.91.129.0;63.91.129.255;44.9671;-93.3457
63.91.130.0;63.91.130.191;34.8187;-82.2939
63.91.130.192;63.91.131.255;40.7128;-74.006
63.91.132.0;63.91.132.255;42.3601;-71.0589
63.91.133.0;63.91.133.255;34.0685;-118.357
63.91.134.0;63.91.135.255;42.6526;-73.7562
63.91.136.0;63.91.136.255;42.3601;-71.0589
63.91.137.0;63.91.137.255;40.7128;-74.006
63.91.138.0;63.91.138.255;34.581;-83.5371
63.91.139.0;63.91.139.255;42.3601;-71.0589
63.91.140.0;63.91.140.255;42.6526;-73.7562
63.91.141.0;63.91.143.255;42.3601;-71.0589
63.91.144.0;63.91.144.255;40.7128;-74.006
63.91.145.0;63.91.145.255;42.3601;-71.0589
63.91.146.0;63.91.147.255;40.7128;-74.006
63.91.148.0;63.91.148.255;38.8029;-77.1392
63.91.149.0;63.91.150.255;42.3601;-71.0589
63.91.151.0;63.91.151.255;38.9366;-77.1814
63.91.152.0;63.91.153.255;35.9085;-78.992
63.91.154.0;63.91.154.255;40.7065;-74.0107
63.91.155.0;63.91.155.255;42.3601;-71.0589
63.91.156.0;63.91.157.255;40.7128;-74.006
63.91.158.0;63.91.161.255;42.3601;-71.0589
63.91.162.0;63.91.162.255;40.7128;-74.006
63.91.163.0;63.91.163.255;42.3601;-71.0589
63.91.164.0;63.91.164.255;42.6526;-73.7562
63.91.165.0;63.91.168.255;42.3601;-71.0589
63.91.169.0;63.91.169.255;42.6526;-73.7562
63.91.170.0;63.91.170.255;40.4213;-79.8538
63.91.171.0;63.91.173.255;42.3601;-71.0589
63.91.174.0;63.91.174.255;40.7128;-74.006
63.91.175.0;63.91.175.255;42.3601;-71.0589
63.91.176.0;63.91.176.255;40.7179;-74.034
63.91.177.0;63.91.178.255;42.3601;-71.0589
63.91.179.0;63.91.180.255;36.0981;-95.8399
63.91.181.0;63.91.181.255;42.3601;-71.0589
63.91.182.0;63.91.182.255;40.7128;-74.006
63.91.183.0;63.91.184.255;42.3601;-71.0589
63.91.185.0;63.91.185.255;37.0424;-95.579
63.91.186.0;63.91.186.255;42.3601;-71.0589
63.91.187.0;63.91.189.255;42.6526;-73.7562
63.91.190.0;63.91.190.255;42.3601;-71.0589
63.91.191.0;63.91.191.255;40.7128;-74.006
63.91.192.0;63.91.255.255;38.9072;-77.0369
63.92.0.0;63.92.0.255;40.7177;-74.0069
63.92.1.0;63.92.1.255;42.3601;-71.0589
63.92.2.0;63.92.2.255;38.9072;-77.0369
63.92.3.0;63.92.3.255;42.3601;-71.0589
63.92.4.0;63.92.4.255;34.0483;-118.255
63.92.5.0;63.92.5.255;39.6318;-104.896
63.92.6.0;63.92.6.255;40.437;-75.3988
63.92.7.0;63.92.7.255;42.6526;-73.7562
63.92.8.0;63.92.8.255;38.9366;-77.1814
63.92.9.0;63.92.9.255;42.3736;-71.0935
63.92.10.0;63.92.10.255;42.3601;-71.0589
63.92.11.0;63.92.11.255;42.6526;-73.7562
63.92.12.0;63.92.13.255;42.3601;-71.0589
63.92.14.0;63.92.15.255;40.7128;-74.006
63.92.16.0;63.92.16.255;42.3601;-71.0589
63.92.17.0;63.92.17.255;42.6526;-73.7562
63.92.18.0;63.92.18.255;40.7128;-74.006
63.92.19.0;63.92.20.255;42.3601;-71.0589
63.92.21.0;63.92.23.255;40.7128;-74.006
63.92.24.0;63.92.27.255;42.3601;-71.0589
63.92.28.0;63.92.29.255;40.7128;-74.006
63.92.30.0;63.92.30.255;42.6526;-73.7562
63.92.31.0;63.92.32.255;40.7128;-74.006
63.92.33.0;63.92.33.255;42.6526;-73.7562
63.92.34.0;63.92.34.255;42.3601;-71.0589
63.92.35.0;63.92.38.255;40.7128;-74.006
63.92.39.0;63.92.44.255;42.3601;-71.0589
63.92.45.0;63.92.45.255;40.7128;-74.006
63.92.46.0;63.92.49.255;42.3601;-71.0589
63.92.50.0;63.92.51.255;40.7128;-74.006
63.92.52.0;63.92.52.255;42.3601;-71.0589
63.92.53.0;63.92.53.255;40.7128;-74.006
63.92.54.0;63.92.54.255;42.6526;-73.7562
63.92.55.0;63.92.55.255;39.0113;-77.4713
63.92.56.0;63.92.59.255;42.3601;-71.0589
63.92.60.0;63.92.60.255;40.7128;-74.006
63.92.61.0;63.92.61.255;42.3601;-71.0589
63.92.62.0;63.92.62.255;42.6526;-73.7562
63.92.63.0;63.92.63.255;40.7128;-74.006
63.92.64.0;63.92.71.255;33.9999;-81.0421
63.92.72.0;63.92.72.255;42.3601;-71.0589
63.92.73.0;63.92.73.255;42.6526;-73.7562
63.92.74.0;63.92.74.255;42.3848;-71.0705
63.92.75.0;63.92.76.31;42.3601;-71.0589
63.92.76.32;63.92.76.255;41.8174;-72.8643
63.92.77.0;63.92.79.255;40.7128;-74.006
63.92.80.0;63.92.91.255;40.7669;-111.921
63.92.92.0;63.92.93.255;42.3601;-71.0589
63.92.94.0;63.92.94.255;40.7128;-74.006
63.92.95.0;63.92.96.255;42.3601;-71.0589
63.92.97.0;63.92.97.255;42.6526;-73.7562
63.92.98.0;63.92.99.255;42.3601;-71.0589
63.92.100.0;63.92.100.255;40.7128;-74.006
63.92.101.0;63.92.101.255;42.3601;-71.0589
63.92.102.0;63.92.102.255;40.7245;-73.9995
63.92.103.0;63.92.103.255;40.7128;-74.006
63.92.104.0;63.92.107.255;42.3601;-71.0589
63.92.108.0;63.92.109.255;40.7128;-74.006
63.92.110.0;63.92.111.255;37.0421;-88.57
63.92.112.0;63.92.114.255;42.3601;-71.0589
63.92.115.0;63.92.115.255;42.6526;-73.7562
63.92.116.0;63.92.116.255;42.3601;-71.0589
63.92.117.0;63.92.117.255;40.7128;-74.006
63.92.118.0;63.92.121.255;42.3601;-71.0589
63.92.122.0;63.92.123.255;42.6526;-73.7562
63.92.124.0;63.92.124.255;40.7128;-74.006
63.92.125.0;63.92.129.255;42.3601;-71.0589
63.92.130.0;63.92.130.255;41.8854;-87.6351
63.92.131.0;63.92.131.47;37.3804;-121.895
63.92.131.48;63.92.132.255;42.3601;-71.0589
63.92.133.0;63.92.133.255;42.6526;-73.7562
63.92.134.0;63.92.134.255;42.3601;-71.0589
63.92.135.0;63.92.136.255;40.7128;-74.006
63.92.137.0;63.92.137.95;38.9366;-77.1814
63.92.137.96;63.92.138.255;42.3601;-71.0589
63.92.139.0;63.92.139.255;40.2879;-74.7055
63.92.140.0;63.92.143.255;43.5848;-84.7674
63.92.144.0;63.92.144.255;39.0489;-77.1245
63.92.145.0;63.92.145.255;42.3601;-71.0589
63.92.146.0;63.92.146.255;42.0525;-88.0496
63.92.147.0;63.92.147.255;34.0297;-118.475
63.92.148.0;63.92.149.255;38.9625;-78.8244
63.92.150.0;63.92.151.255;42.3601;-71.0589
63.92.152.0;63.92.159.255;37.9716;-87.5711
63.92.160.0;63.92.160.255;40.7128;-74.006
63.92.161.0;63.92.161.255;42.3601;-71.0589
63.92.162.0;63.92.162.255;37.8059;-122.42
63.92.163.0;63.92.163.255;40.7128;-74.006
63.92.164.0;63.92.164.255;42.3601;-71.0589
63.92.165.0;63.92.165.255;40.7128;-74.006
63.92.166.0;63.92.166.255;42.3601;-71.0589
63.92.167.0;63.92.167.255;40.7128;-74.006
63.92.168.0;63.92.168.255;42.3601;-71.0589
63.92.169.0;63.92.169.255;31.1171;-97.7278
63.92.170.0;63.92.170.255;40.7128;-74.006
63.92.171.0;63.92.171.255;38.9366;-77.1814
63.92.172.0;63.92.172.255;45.0949;-93.2384
63.92.173.0;63.92.174.255;40.7128;-74.006
63.92.175.0;63.92.175.255;42.3601;-71.0589
63.92.176.0;63.92.176.255;40.7128;-74.006
63.92.177.0;63.92.177.223;32.918;-96.9627
63.92.177.224;63.92.178.255;42.3601;-71.0589
63.92.179.0;63.92.179.255;37.5427;-122.303
63.92.180.0;63.92.182.255;42.3601;-71.0589
63.92.183.0;63.92.183.255;41.7055;-81.2733
63.92.184.0;63.92.184.255;42.6526;-73.7562
63.92.185.0;63.92.191.255;42.3601;-71.0589
63.92.192.0;63.92.195.255;40.085;-105.208
63.92.196.0;63.92.196.255;42.3601;-71.0589
63.92.197.0;63.92.197.255;42.6526;-73.7562
63.92.198.0;63.92.198.255;42.3601;-71.0589
63.92.199.0;63.92.199.255;42.6526;-73.7562
63.92.200.0;63.92.200.255;32.7965;-96.8014
63.92.201.0;63.92.201.255;40.7128;-74.006
63.92.202.0;63.92.202.255;42.3601;-71.0589
63.92.203.0;63.92.203.255;40.7128;-74.006
63.92.204.0;63.92.204.255;42.6526;-73.7562
63.92.205.0;63.92.205.63;32.986;-96.8014
63.92.205.64;63.92.206.255;40.7128;-74.006
63.92.207.0;63.92.209.39;42.3601;-71.0589
63.92.209.40;63.92.209.255;32.1506;-110.964
63.92.210.0;63.92.210.255;42.6526;-73.7562
63.92.211.0;63.92.211.255;42.3601;-71.0589
63.92.212.0;63.92.212.255;41.0794;-73.5548
63.92.213.0;63.92.213.255;42.3601;-71.0589
63.92.214.0;63.92.215.255;33.5372;-82.1131
63.92.216.0;63.92.217.255;42.3601;-71.0589
63.92.218.0;63.92.218.255;42.6526;-73.7562
63.92.219.0;63.92.220.255;42.3601;-71.0589
63.92.221.0;63.92.221.255;33.5968;-83.8602
63.92.222.0;63.92.222.255;33.6806;-117.884
63.92.223.0;63.92.223.255;37.5037;-122.212
63.92.224.0;63.92.225.47;42.3601;-71.0589
63.92.225.48;63.92.226.15;42.6526;-73.7562
63.92.226.16;63.92.227.15;42.3601;-71.0589
63.92.227.16;63.92.227.223;42.6526;-73.7562
63.92.227.224;63.92.229.31;42.3601;-71.0589
63.92.229.32;63.92.229.191;40.7128;-74.006
63.92.229.192;63.92.230.255;42.3601;-71.0589
63.92.231.0;63.92.232.15;40.7128;-74.006
63.92.232.16;63.92.233.143;42.3601;-71.0589
63.92.233.144;63.92.233.255;42.6526;-73.7562
63.92.234.0;63.92.234.255;40.7128;-74.006
63.92.235.0;63.92.235.63;42.6526;-73.7562
63.92.235.64;63.92.237.31;42.3601;-71.0589
63.92.237.32;63.92.237.255;42.6526;-73.7562
63.92.238.0;63.92.238.255;35.923;-84.0412
63.92.239.0;63.92.240.31;42.3601;-71.0589
63.92.240.32;63.92.240.255;40.7128;-74.006
63.92.241.0;63.92.241.255;37.9101;-122.065
63.92.242.0;63.92.243.15;42.3601;-71.0589
63.92.243.16;63.92.244.15;42.6526;-73.7562
63.92.244.16;63.92.244.255;42.3601;-71.0589
63.92.245.0;63.92.245.255;42.6526;-73.7562
63.92.246.0;63.92.246.239;42.3601;-71.0589
63.92.246.240;63.92.248.15;40.7128;-74.006
63.92.248.16;63.92.249.15;42.3601;-71.0589
63.92.249.16;63.92.250.15;42.6526;-73.7562
63.92.250.16;63.92.251.47;42.3601;-71.0589
63.92.251.48;63.92.252.15;42.6526;-73.7562
63.92.252.16;63.92.252.255;42.3601;-71.0589
63.92.253.0;63.92.253.255;42.6526;-73.7562
63.92.254.0;63.92.254.239;40.7128;-74.006
63.92.254.240;63.93.0.255;42.6526;-73.7562
63.93.1.0;63.93.1.255;42.3601;-71.0589
63.93.2.0;63.93.2.255;40.7128;-74.006
63.93.3.0;63.93.7.255;42.3601;-71.0589
63.93.8.0;63.93.8.255;38.9072;-77.0369
63.93.9.0;63.93.9.255;42.6526;-73.7562
63.93.10.0;63.93.10.127;33.8724;-84.3111
63.93.10.128;63.93.11.255;42.3601;-71.0589
63.93.12.0;63.93.13.255;40.7128;-74.006
63.93.14.0;63.93.14.255;35.5537;-77.0748
63.93.15.0;63.93.15.255;42.3601;-71.0589
63.93.16.0;63.93.16.255;40.7128;-74.006
63.93.17.0;63.93.17.255;42.6526;-73.7562
63.93.18.0;63.93.18.255;42.3601;-71.0589
63.93.19.0;63.93.19.255;40.7128;-74.006
63.93.20.0;63.93.20.255;40.7052;-74.0118
63.93.21.0;63.93.21.255;40.7128;-74.006
63.93.22.0;63.93.22.255;33.8689;-84.4694
63.93.23.0;63.93.23.255;42.3601;-71.0589
63.93.24.0;63.93.24.255;42.6526;-73.7562
63.93.25.0;63.93.25.255;40.7128;-74.006
63.93.26.0;63.93.26.255;42.6526;-73.7562
63.93.27.0;63.93.27.255;42.4973;-83.3844
63.93.28.0;63.93.30.255;42.3601;-71.0589
63.93.31.0;63.93.31.255;42.6526;-73.7562
63.93.32.0;63.93.33.255;42.3601;-71.0589
63.93.34.0;63.93.34.255;40.7128;-74.006
63.93.35.0;63.93.35.127;32.8894;-97.0945
63.93.35.128;63.93.36.255;38.2538;-85.7592
63.93.37.0;63.93.39.223;42.3601;-71.0589
63.93.39.224;63.93.39.255;34.1567;-118.397
63.93.40.0;63.93.40.255;38.9072;-77.0369
63.93.41.0;63.93.41.255;42.3601;-71.0589
63.93.42.0;63.93.42.255;42.6526;-73.7562
63.93.43.0;63.93.45.255;42.3601;-71.0589
63.93.46.0;63.93.46.255;42.6526;-73.7562
63.93.47.0;63.93.47.255;40.7128;-74.006
63.93.48.0;63.93.48.255;42.6526;-73.7562
63.93.49.0;63.93.49.255;38.984;-77.4039
63.93.50.0;63.93.50.255;30.1893;-81.5645
63.93.51.0;63.93.53.255;42.3601;-71.0589
63.93.54.0;63.93.54.255;40.7128;-74.006
63.93.55.0;63.93.55.255;42.6526;-73.7562
63.93.56.0;63.93.56.255;42.3601;-71.0589
63.93.57.0;63.93.57.255;40.7128;-74.006
63.93.58.0;63.93.58.201;42.4408;-123.326
63.93.58.202;63.93.59.255;42.3601;-71.0589
63.93.60.0;63.93.61.255;41.8536;-87.6183
63.93.62.0;63.93.66.255;42.3601;-71.0589
63.93.67.0;63.93.67.255;41.8536;-87.6183
63.93.68.0;63.93.68.255;42.6526;-73.7562
63.93.69.0;63.93.70.255;42.3601;-71.0589
63.93.71.0;63.93.71.255;41.8536;-87.6183
63.93.72.0;63.93.72.255;42.3601;-71.0589
63.93.73.0;63.93.73.255;41.8536;-87.6183
63.93.74.0;63.93.74.255;42.3601;-71.0589
63.93.75.0;63.93.75.255;32.5529;-116.938
63.93.76.0;63.93.76.255;33.9021;-118.369
63.93.77.0;63.93.77.255;41.8536;-87.6183
63.93.78.0;63.93.78.255;33.8947;-84.3294
63.93.79.0;63.93.79.255;34.2411;-118.472
63.93.80.0;63.93.80.255;42.6526;-73.7562
63.93.81.0;63.93.81.255;42.3601;-71.0589
63.93.82.0;63.93.82.255;40.7128;-74.006
63.93.83.0;63.93.83.255;42.6526;-73.7562
63.93.84.0;63.93.84.255;42.3601;-71.0589
63.93.85.0;63.93.86.255;40.7128;-74.006
63.93.87.0;63.93.88.255;42.6526;-73.7562
63.93.89.0;63.93.89.255;42.3601;-71.0589
63.93.90.0;63.93.90.255;40.7128;-74.006
63.93.91.0;63.93.91.255;42.3601;-71.0589
63.93.92.0;63.93.94.255;40.7128;-74.006
63.93.95.0;63.93.95.255;42.6526;-73.7562
63.93.96.0;63.93.96.255;42.3601;-71.0589
63.93.97.0;63.93.97.255;41.8781;-87.6298
63.93.98.0;63.93.98.255;42.3601;-71.0589
63.93.99.0;63.93.99.255;41.8536;-87.6183
63.93.100.0;63.93.100.255;41.8781;-87.6298
63.93.101.0;63.93.101.255;37.8321;-122.128
63.93.102.0;63.93.102.255;40.7128;-74.006
63.93.103.0;63.93.103.255;36.8464;-119.799
63.93.104.0;63.93.104.255;42.3601;-71.0589
63.93.105.0;63.93.105.255;38.3939;-121.945
63.93.106.0;63.93.107.255;42.3601;-71.0589
63.93.108.0;63.93.108.255;38.2545;-122.066
63.93.109.0;63.93.109.255;38.0903;-122.107
63.93.110.0;63.93.110.255;41.8781;-87.6298
63.93.111.0;63.93.111.255;37.3313;-121.887
63.93.112.0;63.93.112.255;42.3601;-71.0589
63.93.113.0;63.93.113.255;42.6526;-73.7562
63.93.114.0;63.93.115.255;42.3601;-71.0589
63.93.116.0;63.93.116.255;42.6526;-73.7562
63.93.117.0;63.93.119.255;42.3601;-71.0589
63.93.120.0;63.93.121.255;40.7128;-74.006
63.93.122.0;63.93.122.255;38.6885;-77.3028
63.93.123.0;63.93.123.255;42.3601;-71.0589
63.93.124.0;63.93.124.255;41.1014;-73.4082
63.93.125.0;63.93.125.255;42.3601;-71.0589
63.93.126.0;63.93.126.255;41.0285;-73.6259
63.93.127.0;63.93.127.255;35.8858;-78.859
63.93.128.0;63.93.128.255;42.3601;-71.0589
63.93.129.0;63.93.129.255;38.7687;-77.4614
63.93.130.0;63.93.130.255;30.1649;-91.9729
63.93.131.0;63.93.131.255;42.3601;-71.0589
63.93.132.0;63.93.132.255;40.7128;-74.006
63.93.133.0;63.93.134.255;42.3601;-71.0589
63.93.135.0;63.93.135.255;42.6526;-73.7562
63.93.136.0;63.93.143.255;38.2324;-85.7704
63.93.144.0;63.93.159.255;38.6099;-90.4503
63.93.160.0;63.93.161.255;40.7128;-74.006
63.93.162.0;63.93.163.255;42.3601;-71.0589
63.93.164.0;63.93.164.255;42.6526;-73.7562
63.93.165.0;63.93.165.255;40.7128;-74.006
63.93.166.0;63.93.167.255;42.3601;-71.0589
63.93.168.0;63.93.168.247;38.8935;-94.6703
63.93.168.248;63.93.169.255;42.6526;-73.7562
63.93.170.0;63.93.170.63;29.9371;-95.3363
63.93.170.64;63.93.172.255;42.3601;-71.0589
63.93.173.0;63.93.173.255;40.7128;-74.006
63.93.174.0;63.93.177.255;42.3601;-71.0589
63.93.178.0;63.93.178.207;41.6011;-73.884
63.93.178.208;63.93.179.255;42.3601;-71.0589
63.93.180.0;63.93.180.111;38.9831;-77.4339
63.93.180.112;63.93.184.95;42.3601;-71.0589
63.93.184.96;63.93.184.255;42.3699;-83.0776
63.93.185.0;63.93.185.255;38.9638;-77.3726
63.93.186.0;63.93.186.255;36.1582;-115.245
63.93.187.0;63.93.187.255;40.7128;-74.006
63.93.188.0;63.93.188.255;42.3601;-71.0589
63.93.189.0;63.93.189.255;42.6123;-71.3174
63.93.190.0;63.93.190.255;42.5622;-83.1719
63.93.191.0;63.93.191.255;42.3601;-71.0589
63.93.192.0;63.93.192.255;40.129;-83.0196
63.93.193.0;63.93.193.255;40.3271;-74.5764
63.93.194.0;63.93.195.255;42.3601;-71.0589
63.93.196.0;63.93.196.255;40.7128;-74.006
63.93.197.0;63.93.198.255;42.3601;-71.0589
63.93.199.0;63.93.200.255;42.6526;-73.7562
63.93.201.0;63.93.201.255;42.3601;-71.0589
63.93.202.0;63.93.202.255;42.6526;-73.7562
63.93.203.0;63.93.205.255;40.7128;-74.006
63.93.206.0;63.93.206.255;40.5779;-73.994
63.93.207.0;63.93.207.255;42.6526;-73.7562
63.93.208.0;63.93.208.255;42.3601;-71.0589
63.93.209.0;63.93.209.255;40.7128;-74.006
63.93.210.0;63.93.212.255;42.3601;-71.0589
63.93.213.0;63.93.214.255;42.6526;-73.7562
63.93.215.0;63.93.216.255;42.3601;-71.0589
63.93.217.0;63.93.217.255;40.7128;-74.006
63.93.218.0;63.93.218.255;42.3601;-71.0589
63.93.219.0;63.93.219.255;42.6526;-73.7562
63.93.220.0;63.93.220.255;40.7128;-74.006
63.93.221.0;63.93.222.255;42.3601;-71.0589
63.93.223.0;63.93.223.255;40.0793;-83.4565
63.93.224.0;63.93.224.255;42.1619;-88.1531
63.93.225.0;63.93.225.255;42.6526;-73.7562
63.93.226.0;63.93.226.255;34.7865;-96.6704
63.93.227.0;63.93.227.255;40.7992;-74.4808
63.93.228.0;63.93.228.255;41.8823;-87.629
63.93.229.0;63.93.229.255;40.7128;-74.006
63.93.230.0;63.93.230.255;42.3601;-71.0589
63.93.231.0;63.93.231.255;39.6316;-74.3195
63.93.232.0;63.93.232.255;26.1645;-80.1013
63.93.233.0;63.93.233.255;42.3601;-71.0589
63.93.234.0;63.93.234.255;40.7128;-74.006
63.93.235.0;63.93.235.255;42.3601;-71.0589
63.93.236.0;63.93.236.255;29.9403;-90.1871
63.93.237.0;63.93.237.255;42.3601;-71.0589
63.93.238.0;63.93.238.255;29.9403;-90.1871
63.93.239.0;63.93.239.255;33.487;-112.074
63.93.240.0;63.93.240.255;40.7128;-74.006
63.93.241.0;63.93.241.255;42.6526;-73.7562
63.93.242.0;63.93.242.255;40.6625;-73.9529
63.93.243.0;63.93.244.255;42.3601;-71.0589
63.93.245.0;63.93.245.255;42.6526;-73.7562
63.93.246.0;63.93.246.255;37.7931;-122.403
63.93.247.0;63.93.248.255;42.6526;-73.7562
63.93.249.0;63.93.249.255;42.3601;-71.0589
63.93.250.0;63.93.250.255;40.7128;-74.006
63.93.251.0;63.93.251.255;42.3601;-71.0589
63.93.252.0;63.93.253.255;42.6526;-73.7562
63.93.254.0;63.93.254.255;42.3601;-71.0589
63.93.255.0;63.94.0.255;40.7128;-74.006
63.94.1.0;63.94.1.255;29.949;-90.0701
63.94.2.0;63.94.3.255;42.3601;-71.0589
63.94.4.0;63.94.4.255;34.8151;-102.398
63.94.5.0;63.94.5.255;40.7128;-74.006
63.94.6.0;63.94.7.127;42.3601;-71.0589
63.94.7.128;63.94.7.247;38.9366;-77.1814
63.94.7.248;63.94.8.255;42.3601;-71.0589
63.94.9.0;63.94.10.255;40.7128;-74.006
63.94.11.0;63.94.11.255;33.3875;-111.854
63.94.12.0;63.94.15.255;42.9202;-85.7253
63.94.16.0;63.94.16.255;42.3601;-71.0589
63.94.17.0;63.94.17.255;40.7128;-74.006
63.94.18.0;63.94.18.255;42.6526;-73.7562
63.94.19.0;63.94.21.255;40.7128;-74.006
63.94.22.0;63.94.22.255;42.3601;-71.0589
63.94.23.0;63.94.23.255;42.6526;-73.7562
63.94.24.0;63.94.31.255;33.9024;-84.4801
63.94.32.0;63.94.32.255;41.822;-87.8708
63.94.33.0;63.94.33.255;34.0154;-81.1546
63.94.34.0;63.94.34.255;36.0219;-84.0333
63.94.35.0;63.94.35.255;37.4136;-122.104
63.94.36.0;63.94.36.255;40.7128;-74.006
63.94.37.0;63.94.39.191;42.3601;-71.0589
63.94.39.192;63.94.39.255;40.2937;-80.1748
63.94.40.0;63.94.40.255;42.3601;-71.0589
63.94.41.0;63.94.41.255;40.7128;-74.006
63.94.42.0;63.94.43.255;42.3601;-71.0589
63.94.44.0;63.94.44.255;40.7128;-74.006
63.94.45.0;63.94.47.255;42.3601;-71.0589
63.94.48.0;63.94.49.255;40.7128;-74.006
63.94.50.0;63.94.50.255;42.3601;-71.0589
63.94.51.0;63.94.51.255;42.5271;-71.268
63.94.52.0;63.94.53.255;38.8737;-77.4596
63.94.54.0;63.94.58.127;42.3601;-71.0589
63.94.58.128;63.94.58.255;36.1137;-115.129
63.94.59.0;63.94.59.255;36.5122;-85.8043
63.94.60.0;63.94.61.255;42.3601;-71.0589
63.94.62.0;63.94.62.255;41.6167;-112.117
63.94.63.0;63.94.63.255;42.3601;-71.0589
63.94.64.0;63.94.71.255;33.0123;-96.6831
63.94.72.0;63.94.72.255;40.0416;-75.3699
63.94.73.0;63.94.73.255;42.3601;-71.0589
63.94.74.0;63.94.74.255;40.7128;-74.006
63.94.75.0;63.94.78.255;42.3601;-71.0589
63.94.79.0;63.94.79.255;40.7128;-74.006
63.94.80.0;63.94.80.255;39.1045;-77.1594
63.94.81.0;63.94.81.255;40.7128;-74.006
63.94.82.0;63.94.82.255;42.3601;-71.0589
63.94.83.0;63.94.83.255;30.2396;-91.7539
63.94.84.0;63.94.84.255;42.6526;-73.7562
63.94.85.0;63.94.85.255;41.0331;-73.7632
63.94.86.0;63.94.86.255;37.2584;-121.906
63.94.87.0;63.94.87.255;40.7128;-74.006
63.94.88.0;63.94.88.255;42.3601;-71.0589
63.94.89.0;63.94.90.255;40.8601;-73.9697
63.94.91.0;63.94.91.255;42.3601;-71.0589
63.94.92.0;63.94.92.63;42.357;-71.054
63.94.92.64;63.94.93.255;42.0768;-78.4396
63.94.94.0;63.94.94.255;40.761;-73.973
63.94.95.0;63.94.95.255;42.0768;-78.4396
63.94.96.0;63.94.96.255;42.3601;-71.0589
63.94.97.0;63.94.97.255;40.2639;-75.8062
63.94.98.0;63.94.98.255;29.6018;-95.4566
63.94.99.0;63.94.99.255;40.7617;-73.9743
63.94.100.0;63.94.100.255;42.3601;-71.0589
63.94.101.0;63.94.101.175;38.9132;-77.2208
63.94.101.176;63.94.102.255;42.6526;-73.7562
63.94.103.0;63.94.103.255;39.1589;-84.2458
63.94.104.0;63.94.104.255;38.9021;-104.841
63.94.105.0;63.94.106.255;42.3601;-71.0589
63.94.107.0;63.94.107.255;40.7128;-74.006
63.94.108.0;63.94.109.255;42.3601;-71.0589
63.94.110.0;63.94.110.255;39.7674;-86.1559
63.94.111.0;63.94.112.15;42.3601;-71.0589
63.94.112.16;63.94.112.255;40.9586;-74.1538
63.94.113.0;63.94.113.255;30.2703;-81.6285
63.94.114.0;63.94.114.255;42.1368;-71.4813
63.94.115.0;63.94.118.255;42.3601;-71.0589
63.94.119.0;63.94.119.255;38.9493;-77.3407
63.94.120.0;63.94.123.255;42.3601;-71.0589
63.94.124.0;63.94.124.255;40.7128;-74.006
63.94.125.0;63.94.126.255;42.3601;-71.0589
63.94.127.0;63.94.127.255;40.4472;-80.123
63.94.128.0;63.94.128.255;40.7128;-74.006
63.94.129.0;63.94.129.255;42.6526;-73.7562
63.94.130.0;63.94.130.255;40.7128;-74.006
63.94.131.0;63.94.134.255;42.3601;-71.0589
63.94.135.0;63.94.135.255;40.7128;-74.006
63.94.136.0;63.94.136.255;42.3601;-71.0589
63.94.137.0;63.94.137.255;40.7128;-74.006
63.94.138.0;63.94.138.255;42.3601;-71.0589
63.94.139.0;63.94.139.255;42.6526;-73.7562
63.94.140.0;63.94.140.255;40.7128;-74.006
63.94.141.0;63.94.141.255;42.6526;-73.7562
63.94.142.0;63.94.142.255;40.7128;-74.006
63.94.143.0;63.94.143.255;42.6526;-73.7562
63.94.144.0;63.94.144.255;42.3601;-71.0589
63.94.145.0;63.94.145.255;40.7128;-74.006
63.94.146.0;63.94.147.255;42.3601;-71.0589
63.94.148.0;63.94.148.255;42.6526;-73.7562
63.94.149.0;63.94.151.255;42.3601;-71.0589
63.94.152.0;63.94.153.255;42.6526;-73.7562
63.94.154.0;63.94.154.255;42.3601;-71.0589
63.94.155.0;63.94.155.255;40.7128;-74.006
63.94.156.0;63.94.157.255;42.3601;-71.0589
63.94.158.0;63.94.158.255;40.7128;-74.006
63.94.159.0;63.94.160.255;42.6526;-73.7562
63.94.161.0;63.94.163.63;40.7128;-74.006
63.94.163.64;63.94.163.255;34.2539;-93.4691
63.94.164.0;63.94.165.255;42.3601;-71.0589
63.94.166.0;63.94.166.255;40.7128;-74.006
63.94.167.0;63.94.167.255;42.3601;-71.0589
63.94.168.0;63.94.168.255;38.699;-90.4121
63.94.169.0;63.94.169.255;42.6526;-73.7562
63.94.170.0;63.94.170.255;30.5563;-96.2472
63.94.171.0;63.94.171.255;39.5801;-104.882
63.94.172.0;63.94.172.255;40.7128;-74.006
63.94.173.0;63.94.173.255;42.3601;-71.0589
63.94.174.0;63.94.178.119;40.7128;-74.006
63.94.178.120;63.94.178.255;38.9937;-77.3175
63.94.179.0;63.94.182.255;42.3601;-71.0589
63.94.183.0;63.94.183.255;40.7128;-74.006
63.94.184.0;63.94.185.255;42.3601;-71.0589
63.94.186.0;63.94.186.255;40.7128;-74.006
63.94.187.0;63.94.187.255;42.3601;-71.0589
63.94.188.0;63.94.188.255;32.9363;-96.8231
63.94.189.0;63.94.189.255;42.3601;-71.0589
63.94.190.0;63.94.190.255;42.6526;-73.7562
63.94.191.0;63.94.192.255;42.3601;-71.0589
63.94.193.0;63.94.193.255;41.7159;-72.5941
63.94.194.0;63.94.194.255;42.6526;-73.7562
63.94.195.0;63.94.195.255;40.7128;-74.006
63.94.196.0;63.94.196.255;42.3601;-71.0589
63.94.197.0;63.94.197.255;41.0213;-73.7239
63.94.198.0;63.94.198.255;42.6526;-73.7562
63.94.199.0;63.94.199.255;42.3601;-71.0589
63.94.200.0;63.94.200.255;27.9838;-82.5677
63.94.201.0;63.94.204.95;40.7128;-74.006
63.94.204.96;63.94.204.255;42.6577;-77.0716
63.94.205.0;63.94.205.255;42.3601;-71.0589
63.94.206.0;63.94.206.255;42.6526;-73.7562
63.94.207.0;63.94.207.255;38.9586;-77.376
63.94.208.0;63.94.208.255;40.5599;-74.3145
63.94.209.0;63.94.209.255;42.2507;-83.7332
63.94.210.0;63.94.210.255;42.3601;-71.0589
63.94.211.0;63.94.211.255;34.0286;-84.5842
63.94.212.0;63.94.212.255;34.035;-118.27
63.94.213.0;63.94.213.255;32.8939;-96.9654
63.94.214.0;63.94.214.255;38.9366;-77.1814
63.94.215.0;63.94.215.255;42.6526;-73.7562
63.94.216.0;63.94.220.255;42.3601;-71.0589
63.94.221.0;63.94.221.255;40.7128;-74.006
63.94.222.0;63.94.224.255;42.3601;-71.0589
63.94.225.0;63.94.225.255;39.0341;-77.4751
63.94.226.0;63.94.226.255;42.6526;-73.7562
63.94.227.0;63.94.228.255;42.3601;-71.0589
63.94.229.0;63.94.229.255;34.0841;-118.292
63.94.230.0;63.94.230.255;38.9366;-77.1814
63.94.231.0;63.94.231.255;32.9222;-96.7821
63.94.232.0;63.94.234.71;42.3601;-71.0589
63.94.234.72;63.94.234.255;39.4868;-75.0326
63.94.235.0;63.94.235.255;40.7128;-74.006
63.94.236.0;63.94.236.255;36.8407;-76.1436
63.94.237.0;63.94.237.255;44.8585;-93.2878
63.94.238.0;63.94.239.255;42.3601;-71.0589
63.94.240.0;63.94.240.255;39.5597;-104.864
63.94.241.0;63.94.242.255;42.3601;-71.0589
63.94.243.0;63.94.243.255;42.6526;-73.7562
63.94.244.0;63.94.245.255;40.7128;-74.006
63.94.246.0;63.94.246.255;29.7585;-95.3684
63.94.247.0;63.94.247.255;39.553;-86.08
63.94.248.0;63.94.248.255;42.1957;-71.5398
63.94.249.0;63.94.249.255;42.3601;-71.0589
63.94.250.0;63.94.250.255;40.7128;-74.006
63.94.251.0;63.94.251.255;27.1802;-80.2416
63.94.252.0;63.94.252.255;42.3601;-71.0589
63.94.253.0;63.94.253.255;30.2615;-97.7418
63.94.254.0;63.94.254.255;42.3601;-71.0589
63.94.255.0;63.94.255.255;42.6526;-73.7562
63.95.0.0;63.95.7.255;38.9567;-77.3623
63.95.8.0;63.95.8.255;42.6526;-73.7562
63.95.9.0;63.95.9.255;42.1021;-70.7469
63.95.10.0;63.95.12.255;42.3601;-71.0589
63.95.13.0;63.95.13.255;38.2868;-122.459
63.95.14.0;63.95.14.255;39.011;-77.4711
63.95.15.0;63.95.15.255;41.075;-73.4689
63.95.16.0;63.95.31.255;41.659;-91.5305
63.95.32.0;63.95.32.255;42.3601;-71.0589
63.95.33.0;63.95.33.255;42.9553;-85.6286
63.95.34.0;63.95.34.255;40.5593;-74.3052
63.95.35.0;63.95.35.255;40.7128;-74.006
63.95.36.0;63.95.36.255;37.6343;-77.6712
63.95.37.0;63.95.37.255;42.3601;-71.0589
63.95.38.0;63.95.38.255;40.6929;-73.5081
63.95.39.0;63.95.39.231;39.3901;-77.3112
63.95.39.232;63.95.40.255;42.3601;-71.0589
63.95.41.0;63.95.41.255;42.7012;-84.4299
63.95.42.0;63.95.43.255;42.3601;-71.0589
63.95.44.0;63.95.47.255;37.4001;-121.895
63.95.48.0;63.95.48.63;36.8407;-76.1436
63.95.48.64;63.95.49.255;40.7128;-74.006
63.95.50.0;63.95.51.255;42.3601;-71.0589
63.95.52.0;63.95.52.255;39.4426;-77.5393
63.95.53.0;63.95.54.255;42.3601;-71.0589
63.95.55.0;63.95.55.255;41.0341;-73.5327
63.95.56.0;63.95.56.255;39.4774;-76.6434
63.95.57.0;63.95.57.255;38.9366;-77.1814
63.95.58.0;63.95.58.255;40.7128;-74.006
63.95.59.0;63.95.59.255;42.3601;-71.0589
63.95.60.0;63.95.63.255;38.6174;-90.2129
63.95.64.0;63.95.71.255;30.4428;-97.6893
63.95.72.0;63.95.72.255;40.7128;-74.006
63.95.73.0;63.95.73.255;42.6526;-73.7562
63.95.74.0;63.95.75.255;38.4605;-77.5075
63.95.76.0;63.95.76.255;42.6526;-73.7562
63.95.77.0;63.95.77.255;42.3601;-71.0589
63.95.78.0;63.95.79.255;42.6526;-73.7562
63.95.80.0;63.95.80.127;35.9787;-78.8117
63.95.80.128;63.95.81.255;42.3601;-71.0589
63.95.82.0;63.95.82.255;40.7128;-74.006
63.95.83.0;63.95.83.247;40.75;-73.9857
63.95.83.248;63.95.85.255;42.3601;-71.0589
63.95.86.0;63.95.87.255;40.7128;-74.006
63.95.88.0;63.95.88.255;37.3259;-121.933
63.95.89.0;63.95.89.255;42.3601;-71.0589
63.95.90.0;63.95.90.255;38.9516;-77.3436
63.95.91.0;63.95.91.255;42.6526;-73.7562
63.95.92.0;63.95.92.255;42.3601;-71.0589
63.95.93.0;63.95.93.255;40.7522;-73.9814
63.95.94.0;63.95.95.255;42.3601;-71.0589
63.95.96.0;63.95.111.255;40.7689;-111.887
63.95.112.0;63.95.118.255;42.3601;-71.0589
63.95.119.0;63.95.119.255;40.4139;-74.1626
63.95.120.0;63.95.121.255;42.3601;-71.0589
63.95.122.0;63.95.122.255;40.7128;-74.006
63.95.123.0;63.95.123.255;42.3601;-71.0589
63.95.124.0;63.95.124.255;41.8781;-87.6298
63.95.125.0;63.95.125.255;40.7128;-74.006
63.95.126.0;63.95.126.255;42.2949;-71.1997
63.95.127.0;63.95.127.255;37.7766;-122.409
63.95.128.0;63.95.129.255;42.3601;-71.0589
63.95.130.0;63.95.131.255;40.7128;-74.006
63.95.132.0;63.95.132.255;42.3601;-71.0589
63.95.133.0;63.95.134.255;42.6526;-73.7562
63.95.135.0;63.95.136.255;40.7128;-74.006
63.95.137.0;63.95.140.255;42.3601;-71.0589
63.95.141.0;63.95.142.255;40.7128;-74.006
63.95.143.0;63.95.143.255;42.3601;-71.0589
63.95.144.0;63.95.144.255;40.7128;-74.006
63.95.145.0;63.95.146.255;42.3601;-71.0589
63.95.147.0;63.95.147.255;40.7128;-74.006
63.95.148.0;63.95.152.255;42.3601;-71.0589
63.95.153.0;63.95.153.255;42.6526;-73.7562
63.95.154.0;63.95.156.255;42.3601;-71.0589
63.95.157.0;63.95.158.255;42.6526;-73.7562
63.95.159.0;63.95.159.255;42.3601;-71.0589
63.95.160.0;63.95.160.255;40.7128;-74.006
63.95.161.0;63.95.161.255;27.9721;-82.4764
63.95.162.0;63.95.163.31;40.7128;-74.006
63.95.163.32;63.95.163.255;29.4923;-98.5688
63.95.164.0;63.95.164.255;42.3601;-71.0589
63.95.165.0;63.95.165.255;40.7128;-74.006
63.95.166.0;63.95.167.255;42.3601;-71.0589
63.95.168.0;63.95.168.255;40.7128;-74.006
63.95.169.0;63.95.170.255;42.3601;-71.0589
63.95.171.0;63.95.171.255;40.7557;-73.558
63.95.172.0;63.95.175.255;33.4246;-111.997
63.95.176.0;63.95.177.63;42.3601;-71.0589
63.95.177.64;63.95.177.127;32.2534;-80.8485
63.95.177.128;63.95.178.255;42.3601;-71.0589
63.95.179.0;63.95.179.255;37.6527;-77.5841
63.95.180.0;63.95.183.255;39.6551;-104.869
63.95.184.0;63.95.185.255;40.7128;-74.006
63.95.186.0;63.95.186.255;40.0836;-74.9166
63.95.187.0;63.95.188.255;42.3601;-71.0589
63.95.189.0;63.95.189.63;28.0519;-82.4968
63.95.189.64;63.95.191.255;42.3601;-71.0589
63.95.192.0;63.95.192.255;40.0836;-74.9166
63.95.193.0;63.95.193.255;44.8585;-93.2878
63.95.194.0;63.95.194.255;40.7128;-74.006
63.95.195.0;63.95.195.255;38.9148;-76.8451
63.95.196.0;63.95.196.255;40.7128;-74.006
63.95.197.0;63.95.197.255;45.7996;-119.318
63.95.198.0;63.95.199.255;42.3601;-71.0589
63.95.200.0;63.95.200.255;40.7128;-74.006
63.95.201.0;63.95.202.15;42.3601;-71.0589
63.95.202.16;63.95.202.255;35.5911;-78.7875
63.95.203.0;63.95.203.127;42.1909;-87.9999
63.95.203.128;63.95.205.255;42.3601;-71.0589
63.95.206.0;63.95.206.255;42.6526;-73.7562
63.95.207.0;63.95.207.255;40.7128;-74.006
63.95.208.0;63.95.208.255;42.3601;-71.0589
63.95.209.0;63.95.209.255;42.6526;-73.7562
63.95.210.0;63.95.210.255;42.3601;-71.0589
63.95.211.0;63.95.211.255;40.7128;-74.006
63.95.212.0;63.95.212.255;42.3601;-71.0589
63.95.213.0;63.95.213.255;34.8468;-81.0962
63.95.214.0;63.95.214.255;37.4318;-122.101
63.95.215.0;63.95.215.255;38.9366;-77.1814
63.95.216.0;63.95.216.255;40.7128;-74.006
63.95.217.0;63.95.217.255;38.9879;-77.4284
63.95.218.0;63.95.218.255;39.2827;-76.5994
63.95.219.0;63.95.221.255;42.3601;-71.0589
63.95.222.0;63.95.222.255;42.349;-71.5448
63.95.223.0;63.95.223.255;37.8812;-122.185
63.95.224.0;63.95.226.255;42.3601;-71.0589
63.95.227.0;63.95.227.255;40.7128;-74.006
63.95.228.0;63.95.228.255;42.3601;-71.0589
63.95.229.0;63.95.229.255;40.7128;-74.006
63.95.230.0;63.95.230.255;42.3601;-71.0589
63.95.231.0;63.95.231.31;38.798;-77.0488
63.95.231.32;63.95.234.31;42.3601;-71.0589
63.95.234.32;63.95.234.255;42.3515;-71.0575
63.95.235.0;63.95.235.255;40.7128;-74.006
63.95.236.0;63.95.236.255;42.3601;-71.0589
63.95.237.0;63.95.237.255;39.8995;-105.113
63.95.238.0;63.95.239.255;33.4536;-86.8364
63.95.240.0;63.95.240.255;42.3601;-71.0589
63.95.241.0;63.95.241.255;40.7128;-74.006
63.95.242.0;63.95.242.255;44.8639;-93.325
63.95.243.0;63.95.243.255;40.8626;-73.973
63.95.244.0;63.95.244.255;37.3237;-122.004
63.95.245.0;63.95.245.255;42.3601;-71.0589
63.95.246.0;63.95.246.255;25.8022;-80.3139
63.95.247.0;63.95.247.255;25.6494;-80.3398
63.95.248.0;63.95.248.255;40.7128;-74.006
63.95.249.0;63.95.249.255;42.6526;-73.7562
63.95.250.0;63.95.250.255;42.3601;-71.0589
63.95.251.0;63.95.251.255;41.7701;-87.8204
63.95.252.0;63.95.252.255;40.7128;-74.006
63.95.253.0;63.95.253.255;42.3601;-71.0589
63.95.254.0;63.95.255.255;33.9099;-84.4347
63.96.0.0;63.96.0.255;33.8184;-84.1158
63.96.1.0;63.96.1.255;34.7872;-92.3969
63.96.2.0;63.96.2.255;29.9586;-95.3914
63.96.3.0;63.96.3.255;30.3428;-97.6966
63.96.4.0;63.96.4.255;42.4884;-71.2275
63.96.5.0;63.96.5.255;41.0256;-73.5536
63.96.6.0;63.96.6.255;34.1501;-77.9018
63.96.7.0;63.96.7.255;38.6484;-90.3334
63.96.8.0;63.96.8.255;32.486;-94.7119
63.96.9.0;63.96.9.255;29.4252;-98.4946
63.96.10.0;63.96.11.255;31.1211;-99.3352
63.96.12.0;63.96.12.255;30.4103;-97.7486
63.96.13.0;63.96.13.255;32.8307;-96.9204
63.96.14.0;63.96.14.255;40.0631;-75.4591
63.96.15.0;63.96.15.255;38.0675;-122.542
63.96.16.0;63.96.17.63;35.5149;-108.739
63.96.17.64;63.96.17.79;36.1309;-115.115
63.96.17.80;63.96.23.255;35.5149;-108.739
63.96.24.0;63.96.24.255;40.8557;-73.9635
63.96.25.0;63.96.25.255;32.9618;-96.704
63.96.26.0;63.96.26.255;30.5716;-100.645
63.96.27.0;63.96.27.255;40.7128;-74.006
63.96.28.0;63.96.31.255;33.0201;-96.8449
63.96.32.0;63.96.35.255;32.9551;-97.0642
63.96.36.0;63.96.36.255;32.6417;-96.9206
63.96.37.0;63.96.37.255;37.0697;-93.2214
63.96.38.0;63.96.38.255;33.8169;-84.3756
63.96.39.0;63.96.39.255;40.7611;-73.9847
63.96.40.0;63.96.40.255;29.7889;-95.2679
63.96.41.0;63.96.41.255;32.8073;-96.8688
63.96.42.0;63.96.43.255;32.9234;-97.015
63.96.44.0;63.96.44.255;30.5313;-96.693
63.96.45.0;63.96.45.255;26.6915;-80.0715
63.96.46.0;63.96.46.255;47.58;-122.145
63.96.47.0;63.96.47.255;32.8544;-97.0387
63.96.48.0;63.96.48.255;29.7942;-95.4833
63.96.49.0;63.96.49.255;34.0615;-118.417
63.96.50.0;63.96.51.255;42.3601;-71.0589
63.96.52.0;63.96.52.255;45.5163;-122.675
63.96.53.0;63.96.53.255;32.8307;-96.9204
63.96.54.0;63.96.54.255;42.3601;-71.0589
63.96.55.0;63.96.55.255;37.6872;-97.3301
63.96.56.0;63.96.59.255;32.0911;-98.5382
63.96.60.0;63.96.61.23;33.889;-84.4662
63.96.61.24;63.96.61.255;33.871;-84.03
63.96.62.0;63.96.62.255;33.8749;-84.2768
63.96.63.0;63.96.63.255;33.889;-84.4662
63.96.64.0;63.96.64.255;35.4415;-97.388
63.96.65.0;63.96.65.255;32.7376;-97.4317
63.96.66.0;63.96.66.255;32.8971;-96.983
63.96.67.0;63.96.67.255;32.8633;-96.8103
63.96.68.0;63.96.68.255;29.8205;-95.4064
63.96.69.0;63.96.69.255;37.625;-122.123
63.96.70.0;63.96.71.255;32.8722;-96.9961
63.96.72.0;63.96.72.255;29.7167;-95.4944
63.96.73.0;63.96.73.255;36.1517;-95.9991
63.96.74.0;63.96.74.255;34.065;-117.802
63.96.75.0;63.96.75.255;42.3601;-71.0589
63.96.76.0;63.96.76.255;40.7128;-74.006
63.96.77.0;63.96.77.255;42.3601;-71.0589
63.96.78.0;63.96.78.255;40.7128;-74.006
63.96.79.0;63.96.79.255;42.6526;-73.7562
63.96.80.0;63.96.80.255;32.9401;-96.8298
63.96.81.0;63.96.81.255;40.7128;-74.006
63.96.82.0;63.96.83.255;32.8003;-96.8195
63.96.84.0;63.96.84.255;32.7532;-97.3431
63.96.85.0;63.96.85.255;42.3601;-71.0589
63.96.86.0;63.96.86.255;40.7128;-74.006
63.96.87.0;63.96.87.255;38.5172;-122.798
63.96.88.0;63.96.88.255;33.0289;-97.0694
63.96.89.0;63.96.89.255;30.2845;-97.8126
63.96.90.0;63.96.90.255;33.0708;-96.8199
63.96.91.0;63.96.91.255;32.7503;-97.3345
63.96.92.0;63.96.92.255;29.7577;-95.3689
63.96.93.0;63.96.93.255;32.9037;-97.0669
63.96.94.0;63.96.95.255;32.8722;-96.9961
63.96.96.0;63.96.96.255;42.3601;-71.0589
63.96.97.0;63.96.97.255;42.6526;-73.7562
63.96.98.0;63.96.98.255;42.3601;-71.0589
63.96.99.0;63.96.99.255;42.6526;-73.7562
63.96.100.0;63.96.100.255;42.3601;-71.0589
63.96.101.0;63.96.101.255;40.7128;-74.006
63.96.102.0;63.96.102.255;42.3601;-71.0589
63.96.103.0;63.96.103.255;42.6526;-73.7562
63.96.104.0;63.96.107.255;42.3601;-71.0589
63.96.108.0;63.96.108.255;40.7128;-74.006
63.96.109.0;63.96.109.255;42.3601;-71.0589
63.96.110.0;63.96.111.255;40.7128;-74.006
63.96.112.0;63.96.112.255;42.3601;-71.0589
63.96.113.0;63.96.115.255;39.0113;-77.4713
63.96.116.0;63.96.117.255;42.3601;-71.0589
63.96.118.0;63.96.118.255;39.0113;-77.4713
63.96.119.0;63.96.120.255;42.3601;-71.0589
63.96.121.0;63.96.122.255;39.0113;-77.4713
63.96.123.0;63.96.123.255;42.3601;-71.0589
63.96.124.0;63.96.124.255;39.0107;-77.469
63.96.125.0;63.96.126.255;42.3601;-71.0589
63.96.127.0;63.96.127.255;39.0113;-77.4713
63.96.128.0;63.96.128.255;41.865;-87.9495
63.96.129.0;63.96.129.255;41.8893;-87.6372
63.96.130.0;63.96.130.255;32.7767;-96.797
63.96.131.0;63.96.131.255;32.9153;-96.9886
63.96.132.0;63.96.132.255;32.9929;-96.7947
63.96.133.0;63.96.133.255;33.5105;-86.8059
63.96.134.0;63.96.135.255;41.4425;-81.8029
63.96.136.0;63.96.136.255;41.8511;-87.627
63.96.137.0;63.96.137.255;32.994;-97.0051
63.96.138.0;63.96.138.255;32.7503;-97.3345
63.96.139.0;63.96.139.255;37.7675;-122.411
63.96.140.0;63.96.140.255;29.5741;-98.4803
63.96.141.0;63.96.141.255;32.9441;-96.8398
63.96.142.0;63.96.142.255;42.6526;-73.7562
63.96.143.0;63.96.143.255;29.5876;-95.1006
63.96.144.0;63.96.144.255;40.9518;-73.8762
63.96.145.0;63.96.145.255;38.6367;-121.071
63.96.146.0;63.96.146.255;42.6526;-73.7562
63.96.147.0;63.96.147.255;42.3601;-71.0589
63.96.148.0;63.96.148.255;35.1945;-101.93
63.96.149.0;63.96.149.255;32.9979;-97.2422
63.96.150.0;63.96.150.255;29.7474;-95.458
63.96.151.0;63.96.151.255;33.5832;-96.6103
63.96.152.0;63.96.159.255;29.722;-95.4181
63.96.160.0;63.96.191.255;40.6474;-74.5853
63.96.192.0;63.96.193.255;33.0049;-96.7413
63.96.194.0;63.96.194.255;37.3235;-122.021
63.96.195.0;63.96.195.255;42.3601;-71.0589
63.96.196.0;63.96.196.255;33.4135;-112.008
63.96.197.0;63.96.197.255;33.1825;-96.7411
63.96.198.0;63.96.198.255;29.6794;-95.5372
63.96.199.0;63.96.199.255;40.283;-86.5111
63.96.200.0;63.96.201.255;29.2069;-95.4348
63.96.202.0;63.96.202.255;29.7236;-95.4611
63.96.203.0;63.96.203.255;32.8141;-96.8007
63.96.204.0;63.96.204.255;42.3601;-71.0589
63.96.205.0;63.96.205.255;32.8326;-97.0407
63.96.206.0;63.96.206.255;32.7309;-97.341
63.96.207.0;63.96.207.255;42.1957;-71.5398
63.96.208.0;63.96.215.255;39.5909;-104.837
63.96.216.0;63.96.216.255;42.3601;-71.0589
63.96.217.0;63.96.217.255;40.7128;-74.006
63.96.218.0;63.96.218.255;31.7936;-106.511
63.96.219.0;63.96.219.255;32.8777;-96.9605
63.96.220.0;63.96.220.255;29.7942;-95.4838
63.96.221.0;63.96.221.255;26.2034;-98.23
63.96.222.0;63.96.222.255;33.0703;-96.8004
63.96.223.0;63.96.223.255;37.8386;-122.3
63.96.224.0;63.96.225.255;46.9742;-123.838
63.96.226.0;63.96.226.255;32.9239;-96.7876
63.96.227.0;63.96.227.255;44.8616;-93.0454
63.96.228.0;63.96.228.255;40.7128;-74.006
63.96.229.0;63.96.229.255;32.7639;-97.0844
63.96.230.0;63.96.230.255;29.3605;-100.907
63.96.231.0;63.96.231.255;32.8894;-97.0945
63.96.232.0;63.96.235.255;32.9151;-96.9888
63.96.236.0;63.96.236.255;40.3541;-75.9893
63.96.237.0;63.96.237.255;32.9543;-96.7069
63.96.238.0;63.96.238.255;38.9586;-77.357
63.96.239.0;63.96.239.255;42.6049;-71.3294
63.96.240.0;63.96.240.255;42.3601;-71.0589
63.96.241.0;63.96.241.255;29.725;-95.4814
63.96.242.0;63.96.243.255;32.966;-96.7116
63.96.244.0;63.96.244.255;42.6526;-73.7562
63.96.245.0;63.96.245.255;32.8371;-97.0819
63.96.246.0;63.96.246.255;39.2923;-76.6052
63.96.247.0;63.96.247.255;31.9638;-95.2705
63.96.248.0;63.96.248.255;42.3601;-71.0589
63.96.249.0;63.96.249.255;32.0304;-102.086
63.96.250.0;63.96.250.255;37.686;-121.876
63.96.251.0;63.96.251.255;32.994;-96.6599
63.96.252.0;63.96.252.255;40.7128;-74.006
63.96.253.0;63.96.253.255;29.7204;-95.5153
63.96.254.0;63.96.254.255;32.9564;-96.8514
63.96.255.0;63.96.255.255;30.2137;-97.7174
63.97.0.0;63.97.0.255;42.5351;-71.2819
63.97.1.0;63.97.1.255;29.7767;-95.6194
63.97.2.0;63.97.2.255;32.9567;-96.7129
63.97.3.0;63.97.3.255;32.8885;-97.0368
63.97.4.0;63.97.5.255;32.7767;-96.797
63.97.6.0;63.97.6.255;32.9938;-96.9234
63.97.7.0;63.97.7.255;40.7128;-74.006
63.97.8.0;63.97.8.255;39.7294;-104.832
63.97.9.0;63.97.9.255;33.0749;-96.8077
63.97.10.0;63.97.10.255;35.8246;-78.6093
63.97.11.0;63.97.11.255;30.4071;-97.7168
63.97.12.0;63.97.12.255;29.7533;-95.4527
63.97.13.0;63.97.13.255;30.056;-94.7925
63.97.14.0;63.97.14.255;32.7878;-96.7997
63.97.15.0;63.97.15.255;32.924;-96.7899
63.97.16.0;63.97.17.255;42.3601;-71.0589
63.97.18.0;63.97.20.255;40.7128;-74.006
63.97.21.0;63.97.21.255;42.6526;-73.7562
63.97.22.0;63.97.23.255;42.3601;-71.0589
63.97.24.0;63.97.24.255;40.7128;-74.006
63.97.25.0;63.97.25.255;42.3601;-71.0589
63.97.26.0;63.97.26.255;40.7128;-74.006
63.97.27.0;63.97.27.255;42.3601;-71.0589
63.97.28.0;63.97.28.255;40.7128;-74.006
63.97.29.0;63.97.29.255;42.6526;-73.7562
63.97.30.0;63.97.30.255;40.7128;-74.006
63.97.31.0;63.97.31.255;42.3601;-71.0589
63.97.32.0;63.97.33.255;33.0083;-96.7366
63.97.34.0;63.97.34.255;33.012;-96.6746
63.97.35.0;63.97.35.255;40.7128;-74.006
63.97.36.0;63.97.36.255;30.1579;-95.463
63.97.37.0;63.97.38.7;42.3601;-71.0589
63.97.38.8;63.97.38.255;30.3901;-97.7486
63.97.39.0;63.97.39.255;38.629;-90.2077
63.97.40.0;63.97.40.255;41.8906;-87.6275
63.97.41.0;63.97.41.255;37.7792;-122.394
63.97.42.0;63.97.43.255;35.2056;-101.839
63.97.44.0;63.97.45.255;32.9481;-96.7242
63.97.46.0;63.97.46.255;32.926;-96.9172
63.97.47.0;63.97.47.255;32.9919;-96.9833
63.97.48.0;63.97.49.255;33.7094;-116.395
63.97.50.0;63.97.50.255;30.3677;-91.0233
63.97.51.0;63.97.51.255;28.0057;-82.6843
63.97.52.0;63.97.53.255;32.7872;-96.7942
63.97.54.0;63.97.54.255;41.8823;-87.6404
63.97.55.0;63.97.55.255;40.7496;-73.9866
63.97.56.0;63.97.56.255;43.0311;-78.8807
63.97.57.0;63.97.57.255;38.629;-90.2077
63.97.58.0;63.97.58.255;33.0203;-96.9817
63.97.59.0;63.97.59.255;32.7786;-96.6417
63.97.60.0;63.97.60.255;39.2884;-76.6155
63.97.61.0;63.97.61.255;37.3965;-122.03
63.97.62.0;63.97.63.255;32.9481;-96.7242
63.97.64.0;63.97.64.255;32.9543;-96.7069
63.97.65.0;63.97.65.255;32.8307;-96.9204
63.97.66.0;63.97.67.255;40.7395;-73.9926
63.97.68.0;63.97.71.255;30.6837;-97.6728
63.97.72.0;63.97.72.255;26.2539;-98.2222
63.97.73.0;63.97.73.255;30.4084;-97.7262
63.97.74.0;63.97.74.255;42.3601;-71.0589
63.97.75.0;63.97.75.255;32.9776;-96.7091
63.97.76.0;63.97.76.255;29.5452;-98.5859
63.97.77.0;63.97.77.255;29.7383;-95.5615
63.97.78.0;63.97.78.255;42.3601;-71.0589
63.97.79.0;63.97.79.255;40.7724;-111.903
63.97.80.0;63.97.80.255;32.4514;-99.7337
63.97.81.0;63.97.81.255;29.7475;-95.4736
63.97.82.0;63.97.82.255;35.5377;-97.516
63.97.83.0;63.97.83.255;32.8412;-97.3068
63.97.84.0;63.97.87.255;33.5935;-102.029
63.97.88.0;63.97.88.255;36.1316;-95.8214
63.97.89.0;63.97.89.255;36.0598;-115.145
63.97.90.0;63.97.90.255;32.9087;-96.8611
63.97.91.0;63.97.92.255;42.3601;-71.0589
63.97.93.0;63.97.93.255;40.727;-111.944
63.97.94.0;63.97.94.255;42.3644;-71.0891
63.97.95.0;63.97.95.255;40.7128;-74.006
63.97.96.0;63.97.96.255;39.9596;-75.161
63.97.97.0;63.97.97.255;40.7128;-74.006
63.97.98.0;63.97.98.255;41.4309;-81.5939
63.97.99.0;63.97.99.255;33.0142;-117.078
63.97.100.0;63.97.100.255;38.9688;-119.934
63.97.101.0;63.97.101.255;32.9543;-96.7069
63.97.102.0;63.97.102.255;40.7471;-73.8601
63.97.103.0;63.97.103.255;42.3601;-71.0589
63.97.104.0;63.97.105.255;29.7604;-95.3698
63.97.106.0;63.97.106.255;27.7976;-97.3971
63.97.107.0;63.97.107.255;33.0211;-96.9709
63.97.108.0;63.97.108.255;40.3189;-74.6449
63.97.109.0;63.97.109.255;32.8851;-96.6845
63.97.110.0;63.97.110.255;30.2016;-96.9309
63.97.111.0;63.97.111.255;42.3601;-71.0589
63.97.112.0;63.97.112.255;32.9377;-96.8546
63.97.113.0;63.97.113.255;38.6555;-121.187
63.97.114.0;63.97.114.255;32.7581;-97.2198
63.97.115.0;63.97.115.255;33.2221;-97.089
63.97.116.0;63.97.116.255;43.7956;-70.1757
63.97.117.0;63.97.117.255;34.7243;-86.6494
63.97.118.0;63.97.119.255;32.992;-96.9303
63.97.120.0;63.97.120.255;29.4271;-98.4839
63.97.121.0;63.97.121.255;39.0107;-77.469
63.97.122.0;63.97.122.255;40.4414;-79.9947
63.97.123.0;63.97.123.255;42.3644;-71.0891
63.97.124.0;63.97.124.255;30.5323;-96.6924
63.97.125.0;63.97.125.255;33.0463;-96.9942
63.97.126.0;63.97.126.255;29.4802;-98.5999
63.97.127.0;63.97.127.255;42.3644;-71.0891
63.97.128.0;63.97.128.255;29.7546;-95.3713
63.97.129.0;63.97.129.255;32.0911;-98.5382
63.97.130.0;63.97.130.255;34.0332;-118.452
63.97.131.0;63.97.131.255;40.7128;-74.006
63.97.132.0;63.97.132.255;28.6257;-96.6368
63.97.133.0;63.97.133.255;38.9297;-77.2471
63.97.134.0;63.97.134.255;40.3206;-74.6308
63.97.135.0;63.97.135.255;33.1002;-96.824
63.97.136.0;63.97.136.255;32.7767;-96.797
63.97.137.0;63.97.137.255;40.7128;-74.006
63.97.138.0;63.97.138.255;30.362;-89.5994
63.97.139.0;63.97.139.255;32.9217;-96.7671
63.97.140.0;63.97.143.255;30.7505;-98.6785
63.97.144.0;63.97.145.255;34.6634;-83.7193
63.97.146.0;63.97.146.255;39.8334;-105.004
63.97.147.0;63.97.147.255;29.7332;-95.417
63.97.148.0;63.97.149.255;42.9119;-85.5904
63.97.150.0;63.97.150.255;29.7388;-95.4422
63.97.151.0;63.97.151.255;40.7517;-73.9753
63.97.152.0;63.97.152.255;37.2416;-121.783
63.97.153.0;63.97.153.255;35.4342;-97.6411
63.97.154.0;63.97.154.255;30.6824;-92.2663
63.97.155.0;63.97.155.255;32.2632;-86.3686
63.97.156.0;63.97.156.255;32.9028;-97.0897
63.97.157.0;63.97.157.255;42.3601;-71.0589
63.97.158.0;63.97.158.255;30.2569;-97.7501
63.97.159.0;63.97.159.127;33.7773;-84.387
63.97.159.128;63.97.160.255;42.6526;-73.7562
63.97.161.0;63.97.162.255;32.9074;-96.9566
63.97.163.0;63.97.163.255;32.8009;-96.8195
63.97.164.0;63.97.164.255;32.5067;-94.6424
63.97.165.0;63.97.165.255;35.8308;-78.7811
63.97.166.0;63.97.166.255;38.0448;-84.4287
63.97.167.0;63.97.167.255;32.7782;-96.7989
63.97.168.0;63.97.168.255;40.3597;-111.78
63.97.169.0;63.97.169.255;32.894;-96.9658
63.97.170.0;63.97.170.255;34.0294;-118.471
63.97.171.0;63.97.171.255;42.3601;-71.0589
63.97.172.0;63.97.172.255;32.9832;-97.174
63.97.173.0;63.97.173.255;33.0269;-96.7129
63.97.174.0;63.97.174.255;31.7685;-106.422
63.97.175.0;63.97.175.255;30.215;-97.695
63.97.176.0;63.97.176.255;32.8722;-96.9961
63.97.177.0;63.97.177.255;35.5149;-108.739
63.97.178.0;63.97.178.255;30.388;-97.707
63.97.179.0;63.97.179.255;35.5149;-108.739
63.97.180.0;63.97.183.255;32.8084;-96.7921
63.97.184.0;63.97.185.255;30.206;-97.6978
63.97.186.0;63.97.186.255;29.9521;-90.2965
63.97.187.0;63.97.187.255;38.6327;-90.1956
63.97.188.0;63.97.191.255;36.0835;-102.546
63.97.192.0;63.97.195.255;32.3317;-95.2708
63.97.196.0;63.97.196.255;42.3601;-71.0589
63.97.197.0;63.97.197.255;37.3235;-122.021
63.97.198.0;63.97.198.255;32.4664;-92.0727
63.97.199.0;63.97.199.255;31.4307;-100.373
63.97.200.0;63.97.200.255;38.9351;-76.4988
63.97.201.0;63.97.201.255;33.0032;-96.6826
63.97.202.0;63.97.202.255;35.5149;-108.739
63.97.203.0;63.97.203.255;41.6844;-73.8596
63.97.204.0;63.97.204.255;27.9899;-82.5366
63.97.205.0;63.97.205.255;32.8028;-96.812
63.97.206.0;63.97.206.255;35.4633;-97.5738
63.97.207.0;63.97.207.255;41.9898;-88.2565
63.97.208.0;63.97.208.255;33.9165;-84.357
63.97.209.0;63.97.209.255;29.3521;-98.122
63.97.210.0;63.97.210.255;38.8816;-77.1085
63.97.211.0;63.97.211.255;32.9543;-96.7069
63.97.212.0;63.97.212.255;25.9518;-80.1487
63.97.213.0;63.97.213.255;33.0002;-96.9977
63.97.214.0;63.97.214.255;42.6526;-73.7562
63.97.215.0;63.97.215.255;25.9528;-80.1434
63.97.216.0;63.97.216.255;42.3601;-71.0589
63.97.217.0;63.97.217.255;27.7992;-97.3921
63.97.218.0;63.97.218.255;32.9567;-96.7129
63.97.219.0;63.97.221.255;37.5394;-77.4377
63.97.222.0;63.97.222.255;36.254;-115.295
63.97.223.0;63.97.223.255;32.9204;-96.9022
63.97.224.0;63.97.225.255;33.0084;-96.7579
63.97.226.0;63.97.226.255;40.7128;-74.006
63.97.227.0;63.97.227.255;33.1491;-95.6211
63.97.228.0;63.97.228.255;38.584;-89.9101
63.97.229.0;63.97.229.255;37.7568;-122.419
63.97.230.0;63.97.230.255;38.9063;-77.4698
63.97.231.0;63.97.231.255;32.3004;-90.1853
63.97.232.0;63.97.232.255;42.3601;-71.0589
63.97.233.0;63.97.233.255;29.4219;-98.4843
63.97.234.0;63.97.234.255;29.7281;-95.4451
63.97.235.0;63.97.235.255;30.0191;-90.1566
63.97.236.0;63.97.236.255;34.0294;-118.471
63.97.237.0;63.97.237.255;32.7878;-96.7997
63.97.238.0;63.97.238.255;30.1857;-92.0112
63.97.239.0;63.97.239.255;42.8651;-71.3503
63.97.240.0;63.97.240.255;29.7832;-95.9694
63.97.241.0;63.97.241.255;32.7065;-96.9926
63.97.242.0;63.97.242.255;36.0876;-95.8504
63.97.243.0;63.97.243.255;32.7767;-96.797
63.97.244.0;63.97.244.255;33.0848;-96.8169
63.97.245.0;63.97.245.247;35.8308;-78.7811
63.97.245.248;63.97.246.255;42.6526;-73.7562
63.97.247.0;63.97.247.255;31.4338;-100.503
63.97.248.0;63.97.248.255;32.0911;-98.5382
63.97.249.0;63.97.250.255;42.3601;-71.0589
63.97.251.0;63.97.251.255;38.627;-90.1994
63.97.252.0;63.97.252.255;36.2151;-86.7836
63.97.253.0;63.97.253.255;26.5523;-81.871
63.97.254.0;63.97.254.255;32.9567;-96.7129
63.97.255.0;63.97.255.255;30.5427;-98.3632
63.98.0.0;63.98.0.255;28.5237;-82.2347
63.98.1.0;63.98.1.255;42.6526;-73.7562
63.98.2.0;63.98.2.255;36.3853;-90.931
63.98.3.0;63.98.3.255;32.9543;-96.7069
63.98.4.0;63.98.7.255;36.1234;-115.209
63.98.8.0;63.98.8.255;39.7529;-104.997
63.98.9.0;63.98.9.255;33.0032;-96.6826
63.98.10.0;63.98.10.255;32.8765;-96.9537
63.98.11.0;63.98.11.255;29.4241;-98.4936
63.98.12.0;63.98.12.255;18.4485;-66.0751
63.98.13.0;63.98.13.255;26.6601;-81.89
63.98.14.0;63.98.14.255;42.6526;-73.7562
63.98.15.0;63.98.15.255;29.7452;-95.463
63.98.16.0;63.98.16.255;29.4097;-95.0331
63.98.17.0;63.98.17.255;42.3601;-71.0589
63.98.18.0;63.98.18.255;32.4427;-93.7101
63.98.19.0;63.98.19.255;38.9757;-77.6419
63.98.20.0;63.98.20.255;52.3676;4.90414
63.98.21.0;63.98.21.255;42.3601;-71.0589
63.98.22.0;63.98.22.255;40.7128;-74.006
63.98.23.0;63.98.23.255;29.3605;-100.907
63.98.24.0;63.98.24.255;39.0997;-94.5786
63.98.25.0;63.98.25.255;33.0062;-96.7063
63.98.26.0;63.98.27.255;32.8326;-97.0407
63.98.28.0;63.98.28.255;42.3601;-71.0589
63.98.29.0;63.98.29.255;30.9231;-99.8022
63.98.30.0;63.98.30.255;40.8567;-73.9741
63.98.31.0;63.98.31.255;37.3888;-121.971
63.98.32.0;63.98.32.255;33.9832;-118.431
63.98.33.0;63.98.33.255;38.9437;-77.3228
63.98.34.0;63.98.34.255;42.898;-85.6542
63.98.35.0;63.98.35.255;40.7393;-73.9943
63.98.36.0;63.98.37.255;38.2149;-90.3874
63.98.38.0;63.98.38.255;32.8626;-96.9396
63.98.39.0;63.98.39.255;32.8722;-96.9961
63.98.40.0;63.98.41.255;35.2056;-101.839
63.98.42.0;63.98.42.255;40.6559;-73.9738
63.98.43.0;63.98.43.255;32.8007;-96.8194
63.98.44.0;63.98.44.255;42.3601;-71.0589
63.98.45.0;63.98.45.255;40.7613;-73.9695
63.98.46.0;63.98.46.255;40.0544;-82.8969
63.98.47.0;63.98.47.255;42.3601;-71.0589
63.98.48.0;63.98.48.247;32.9919;-96.9833
63.98.48.248;63.98.49.255;42.3601;-71.0589
63.98.50.0;63.98.50.255;42.6526;-73.7562
63.98.51.0;63.98.51.255;37.7908;-122.402
63.98.52.0;63.98.52.255;30.1356;-95.4464
63.98.53.0;63.98.53.255;32.2059;-110.821
63.98.54.0;63.98.54.255;25.7465;-80.2601
63.98.55.0;63.98.55.255;32.8007;-96.8192
63.98.56.0;63.98.56.247;30.4185;-97.1734
63.98.56.248;63.98.57.255;42.3601;-71.0589
63.98.58.0;63.98.58.255;33.1846;-97.0995
63.98.59.0;63.98.59.255;42.3601;-71.0589
63.98.60.0;63.98.60.255;40.0737;-75.3082
63.98.61.0;63.98.61.255;32.7767;-96.797
63.98.62.0;63.98.63.31;42.3601;-71.0589
63.98.63.32;63.98.63.255;32.8913;-96.8822
63.98.64.0;63.98.64.255;40.0544;-82.8969
63.98.65.0;63.98.65.255;35.1582;-80.8349
63.98.66.0;63.98.67.255;34.5413;-101.775
63.98.68.0;63.98.69.255;42.3601;-71.0589
63.98.70.0;63.98.70.255;32.0303;-102.086
63.98.71.0;63.98.71.255;32.93;-96.82
63.98.72.0;63.98.72.255;32.0303;-102.086
63.98.73.0;63.98.73.255;29.7931;-95.7605
63.98.74.0;63.98.74.255;42.3601;-71.0589
63.98.75.0;63.98.75.255;29.5017;-95.1128
63.98.76.0;63.98.76.255;32.9343;-97.0781
63.98.77.0;63.98.79.255;32.9551;-97.0642
63.98.80.0;63.98.80.255;42.6526;-73.7562
63.98.81.0;63.98.81.255;42.3601;-71.0589
63.98.82.0;63.98.82.255;33.7636;-84.5352
63.98.83.0;63.98.83.255;40.7128;-74.006
63.98.84.0;63.98.87.255;32.9543;-96.7069
63.98.88.0;63.98.88.255;37.7432;-122.466
63.98.89.0;63.98.89.255;42.3601;-71.0589
63.98.90.0;63.98.90.255;40.7128;-74.006
63.98.91.0;63.98.91.255;42.6526;-73.7562
63.98.92.0;63.98.92.255;32.8385;-97.141
63.98.93.0;63.98.93.255;44.9342;-68.6453
63.98.94.0;63.98.94.255;42.3538;-71.0574
63.98.95.0;63.98.95.255;40.7128;-74.006
63.98.96.0;63.98.96.255;42.3601;-71.0589
63.98.97.0;63.98.97.255;40.8144;-96.7029
63.98.98.0;63.98.98.255;30.6343;-97.7783
63.98.99.0;63.98.99.255;37.2955;-122.033
63.98.100.0;63.98.100.255;40.7697;-73.9833
63.98.101.0;63.98.101.255;32.8275;-96.8737
63.98.102.0;63.98.102.255;42.3601;-71.0589
63.98.103.0;63.98.103.255;32.84;-96.7748
63.98.104.0;63.98.104.255;40.7802;-73.2881
63.98.105.0;63.98.105.255;41.18;-73.7554
63.98.106.0;63.98.106.255;32.9543;-96.7069
63.98.107.0;63.98.107.255;37.1517;-93.2968
63.98.108.0;63.98.108.255;42.6526;-73.7562
63.98.109.0;63.98.109.255;42.3601;-71.0589
63.98.110.0;63.98.110.255;40.7128;-74.006
63.98.111.0;63.98.111.255;42.3601;-71.0589
63.98.112.0;63.98.112.255;40.7128;-74.006
63.98.113.0;63.98.113.255;29.231;-98.6555
63.98.114.0;63.98.115.255;29.9518;-90.07
63.98.116.0;63.98.116.255;42.6526;-73.7562
63.98.117.0;63.98.117.255;32.9481;-96.7242
63.98.118.0;63.98.118.255;38.9858;-77.4458
63.98.119.0;63.98.119.255;32.7767;-96.797
63.98.120.0;63.98.120.255;26.185;-80.19
63.98.121.0;63.98.121.255;38.8954;-104.854
63.98.122.0;63.98.123.255;36.8781;-76.2161
63.98.124.0;63.98.124.255;40.0544;-82.8969
63.98.125.0;63.98.125.255;34.1005;-118.13
63.98.126.0;63.98.126.255;42.3601;-71.0589
63.98.127.0;63.98.127.255;32.9031;-117.174
63.98.128.0;63.98.128.255;42.2345;-83.7287
63.98.129.0;63.98.129.255;30.2694;-97.7465
63.98.130.0;63.98.130.255;42.6526;-73.7562
63.98.131.0;63.98.131.255;40.7128;-74.006
63.98.132.0;63.98.132.255;32.9483;-96.7299
63.98.133.0;63.98.133.255;42.3601;-71.0589
63.98.134.0;63.98.134.255;33.0064;-96.761
63.98.135.0;63.98.135.255;29.4109;-81.1473
63.98.136.0;63.98.136.255;42.3601;-71.0589
63.98.137.0;63.98.137.255;29.6929;-95.4071
63.98.138.0;63.98.138.255;42.3601;-71.0589
63.98.139.0;63.98.139.255;40.7128;-74.006
63.98.140.0;63.98.141.255;42.3601;-71.0589
63.98.142.0;63.98.142.127;39.0828;-77.5567
63.98.142.128;63.98.143.255;42.3601;-71.0589
63.98.144.0;63.98.144.255;32.903;-96.6836
63.98.145.0;63.98.145.255;31.4203;-100.473
63.98.146.0;63.98.146.255;42.3601;-71.0589
63.98.147.0;63.98.147.255;42.6526;-73.7562
63.98.148.0;63.98.148.255;32.928;-96.8221
63.98.149.0;63.98.149.223;47.5787;-122.156
63.98.149.224;63.98.151.63;42.3601;-71.0589
63.98.151.64;63.98.151.255;40.0544;-82.8969
63.98.152.0;63.98.152.127;33.9911;-118.448
63.98.152.128;63.98.153.255;42.3601;-71.0589
63.98.154.0;63.98.154.255;31.4203;-100.473
63.98.155.0;63.98.155.255;37.7724;-122.42
63.98.156.0;63.98.156.255;31.4203;-100.473
63.98.157.0;63.98.157.255;40.7128;-74.006
63.98.158.0;63.98.158.255;31.4203;-100.473
63.98.159.0;63.98.159.255;40.7128;-74.006
63.98.160.0;63.98.160.255;35.2056;-101.839
63.98.161.0;63.98.161.255;33.5636;-101.88
63.98.162.0;63.98.162.255;40.3026;-74.5112
63.98.163.0;63.98.163.255;34.1763;-118.467
63.98.164.0;63.98.164.255;40.7128;-74.006
63.98.165.0;63.98.165.255;42.3601;-71.0589
63.98.166.0;63.98.166.255;29.9452;-90.0016
63.98.167.0;63.98.167.255;42.3601;-71.0589
63.98.168.0;63.98.168.255;43.7841;-91.2039
63.98.169.0;63.98.169.255;33.0775;-96.8095
63.98.170.0;63.98.170.255;38.8867;-94.7222
63.98.171.0;63.98.171.255;30.1989;-97.7138
63.98.172.0;63.98.172.255;37.4173;-121.951
63.98.173.0;63.98.173.255;32.9119;-96.8706
63.98.174.0;63.98.174.255;29.5029;-98.5569
63.98.175.0;63.98.175.255;42.3601;-71.0589
63.98.176.0;63.98.176.255;29.7332;-95.417
63.98.177.0;63.98.177.255;27.3731;-82.5385
63.98.178.0;63.98.178.255;42.6526;-73.7562
63.98.179.0;63.98.179.255;35.5075;-98.9655
63.98.180.0;63.98.181.255;37.7066;-121.813
63.98.182.0;63.98.182.255;42.3601;-71.0589
63.98.183.0;63.98.183.255;37.7066;-121.813
63.98.184.0;63.98.184.255;40.7689;-73.966
63.98.185.0;63.98.185.255;35.5075;-98.9655
63.98.186.0;63.98.186.255;35.4812;-99.0263
63.98.187.0;63.98.187.255;40.7565;-73.9825
63.98.188.0;63.98.191.255;36.0835;-102.546
63.98.192.0;63.98.192.255;40.7128;-74.006
63.98.193.0;63.98.193.255;42.3601;-71.0589
63.98.194.0;63.98.194.255;32.915;-96.9927
63.98.195.0;63.98.195.255;33.02;-96.6982
63.98.196.0;63.98.196.255;40.7128;-74.006
63.98.197.0;63.98.197.255;42.6526;-73.7562
63.98.198.0;63.98.198.255;33.0206;-96.7188
63.98.199.0;63.98.199.255;40.7128;-74.006
63.98.200.0;63.98.200.255;35.4812;-99.0263
63.98.201.0;63.98.201.255;40.6872;-74.334
63.98.202.0;63.98.202.255;40.5875;-86.675
63.98.203.0;63.98.203.255;40.7128;-74.006
63.98.204.0;63.98.204.255;42.3601;-71.0589
63.98.205.0;63.98.205.255;47.6511;-122.321
63.98.206.0;63.98.208.255;40.7128;-74.006
63.98.209.0;63.98.209.255;42.3601;-71.0589
63.98.210.0;63.98.210.255;33.0649;-96.8107
63.98.211.0;63.98.211.255;40.7128;-74.006
63.98.212.0;63.98.212.255;32.8007;-96.8194
63.98.213.0;63.98.213.255;39.6104;-77.6879
63.98.214.0;63.98.214.255;42.6526;-73.7562
63.98.215.0;63.98.215.255;42.3601;-71.0589
63.98.216.0;63.98.216.255;40.7128;-74.006
63.98.217.0;63.98.217.255;29.5496;-95.1091
63.98.218.0;63.98.218.255;32.366;-97.4029
63.98.219.0;63.98.219.255;30.2588;-81.5998
63.98.220.0;63.98.220.255;30.5062;-98.3359
63.98.221.0;63.98.221.255;42.3601;-71.0589
63.98.222.0;63.98.222.255;37.4173;-121.951
63.98.223.0;63.98.223.255;29.863;-95.5473
63.98.224.0;63.98.224.255;43.0423;-77.4568
63.98.225.0;63.98.225.255;40.7128;-74.006
63.98.226.0;63.98.226.255;42.6526;-73.7562
63.98.227.0;63.98.227.127;33.058;-96.7385
63.98.227.128;63.98.228.255;42.3601;-71.0589
63.98.229.0;63.98.229.255;37.2277;-93.4211
63.98.230.0;63.98.230.255;42.6526;-73.7562
63.98.231.0;63.98.231.255;34.0281;-118.471
63.98.232.0;63.98.232.255;40.7128;-74.006
63.98.233.0;63.98.233.255;32.7767;-96.797
63.98.234.0;63.98.234.255;40.7128;-74.006
63.98.235.0;63.98.235.255;32.9567;-96.7129
63.98.236.0;63.98.236.255;42.3601;-71.0589
63.98.237.0;63.98.237.255;40.7128;-74.006
63.98.238.0;63.98.238.255;32.9567;-96.7129
63.98.239.0;63.98.239.255;42.3601;-71.0589
63.98.240.0;63.98.240.255;35.8322;-78.79
63.98.241.0;63.98.241.255;33.0198;-96.6989
63.98.242.0;63.98.243.255;40.7128;-74.006
63.98.244.0;63.98.244.255;35.9655;-83.9214
63.98.245.0;63.98.245.255;39.1393;-76.6223
63.98.246.0;63.98.246.255;42.3601;-71.0589
63.98.247.0;63.98.247.255;32.8005;-96.8214
63.98.248.0;63.98.248.255;44.9721;-93.2831
63.98.249.0;63.98.249.255;35.8322;-78.79
63.98.250.0;63.98.250.255;30.4361;-97.7661
63.98.251.0;63.98.251.255;42.3601;-71.0589
63.98.252.0;63.98.252.255;42.6526;-73.7562
63.98.253.0;63.98.253.255;40.7128;-74.006
63.98.254.0;63.98.254.255;42.3601;-71.0589
63.98.255.0;63.98.255.255;37.3217;-121.944
63.99.0.0;63.99.0.255;30.0665;-94.1237
63.99.1.0;63.99.1.255;42.3601;-71.0589
63.99.2.0;63.99.2.255;34.058;-118.445
63.99.3.0;63.99.3.255;28.4569;-81.453
63.99.4.0;63.99.4.255;32.9234;-97.015
63.99.5.0;63.99.5.255;40.7128;-74.006
63.99.6.0;63.99.6.255;35.1934;-84.857
63.99.7.0;63.99.7.255;40.7128;-74.006
63.99.8.0;63.99.8.255;44.7354;-92.8443
63.99.9.0;63.99.9.255;42.6526;-73.7562
63.99.10.0;63.99.10.255;35.557;-97.6453
63.99.11.0;63.99.11.255;30.2713;-97.7436
63.99.12.0;63.99.15.255;40.116;-88.2508
63.99.16.0;63.99.16.255;38.6287;-90.2265
63.99.17.0;63.99.17.255;42.3601;-71.0589
63.99.18.0;63.99.18.255;30.3339;-97.6837
63.99.19.0;63.99.19.255;42.3601;-71.0589
63.99.20.0;63.99.20.255;40.7965;-74.2613
63.99.21.0;63.99.21.255;29.9554;-90.0705
63.99.22.0;63.99.22.255;29.9547;-90.0751
63.99.23.0;63.99.23.255;32.7872;-96.7942
63.99.24.0;63.99.24.255;32.6749;-97.1094
63.99.25.0;63.99.25.255;40.7128;-74.006
63.99.26.0;63.99.26.255;34.9499;-81.933
63.99.27.0;63.99.27.255;40.7128;-74.006
63.99.28.0;63.99.28.255;36.2535;-94.1581
63.99.29.0;63.99.29.255;35.4675;-97.5141
63.99.30.0;63.99.30.255;42.6526;-73.7562
63.99.31.0;63.99.32.255;42.3601;-71.0589
63.99.33.0;63.99.33.255;42.6526;-73.7562
63.99.34.0;63.99.34.255;40.5449;-74.4953
63.99.35.0;63.99.35.255;42.6526;-73.7562
63.99.36.0;63.99.36.255;32.9865;-96.7106
63.99.37.0;63.99.37.255;37.411;-121.898
63.99.38.0;63.99.39.255;42.3601;-71.0589
63.99.40.0;63.99.40.255;37.6872;-97.3301
63.99.41.0;63.99.41.255;32.9567;-96.7129
63.99.42.0;63.99.42.255;40.7128;-74.006
63.99.43.0;63.99.43.255;42.3601;-71.0589
63.99.44.0;63.99.44.255;41.775;-73.6968
63.99.45.0;63.99.45.255;32.9567;-96.7129
63.99.46.0;63.99.46.255;41.0347;-73.5634
63.99.47.0;63.99.47.255;36.1781;-95.8475
63.99.48.0;63.99.48.255;28.0237;-81.7292
63.99.49.0;63.99.49.255;32.9567;-96.7129
63.99.50.0;63.99.50.255;32.7909;-96.8019
63.99.51.0;63.99.51.255;33.8483;-109.143
63.99.52.0;63.99.52.127;32.722;-97.3861
63.99.52.128;63.99.53.255;42.3601;-71.0589
63.99.54.0;63.99.54.255;34.0529;-118.37
63.99.55.0;63.99.55.255;32.7767;-96.797
63.99.56.0;63.99.56.255;33.2042;-97.1126
63.99.57.0;63.99.57.255;40.3377;-80.0509
63.99.58.0;63.99.59.127;42.3601;-71.0589
63.99.59.128;63.99.59.255;32.5109;-92.2857
63.99.60.0;63.99.60.255;42.5605;-70.8871
63.99.61.0;63.99.61.255;32.9567;-96.7129
63.99.62.0;63.99.62.255;42.6526;-73.7562
63.99.63.0;63.99.63.255;30.6266;-97.6775
63.99.64.0;63.99.64.255;29.9566;-90.1895
63.99.65.0;63.99.65.255;29.735;-95.4628
63.99.66.0;63.99.67.7;42.3601;-71.0589
63.99.67.8;63.99.67.183;40.0544;-82.8969
63.99.67.184;63.99.68.255;42.3601;-71.0589
63.99.69.0;63.99.69.255;40.7128;-74.006
63.99.70.0;63.99.70.255;34.8468;-81.0962
63.99.71.0;63.99.71.255;32.661;-98.0999
63.99.72.0;63.99.72.255;42.3601;-71.0589
63.99.73.0;63.99.73.255;38.9691;-77.3742
63.99.74.0;63.99.75.255;39.063;-77.1159
63.99.76.0;63.99.76.255;42.3601;-71.0589
63.99.77.0;63.99.77.255;33.9048;-118.315
63.99.78.0;63.99.78.255;32.9145;-96.7724
63.99.79.0;63.99.79.255;34.8572;-82.3266
63.99.80.0;63.99.87.255;32.0911;-98.5382
63.99.88.0;63.99.93.255;34.2407;-102.748
63.99.94.0;63.99.94.255;33.5487;-101.943
63.99.95.0;63.99.95.255;40.7128;-74.006
63.99.96.0;63.99.97.255;42.3601;-71.0589
63.99.98.0;63.99.98.255;42.6526;-73.7562
63.99.99.0;63.99.99.255;40.7128;-74.006
63.99.100.0;63.99.100.255;42.3601;-71.0589
63.99.101.0;63.99.101.255;32.9284;-96.829
63.99.102.0;63.99.102.255;42.3601;-71.0589
63.99.103.0;63.99.103.255;42.6526;-73.7562
63.99.104.0;63.99.104.255;42.3601;-71.0589
63.99.105.0;63.99.105.255;41.975;-87.674
63.99.106.0;63.99.106.255;39.075;-76.5463
63.99.107.0;63.99.107.255;42.6526;-73.7562
63.99.108.0;63.99.109.255;34.2441;-118.607
63.99.110.0;63.99.111.143;42.3601;-71.0589
63.99.111.144;63.99.111.255;42.5312;-83.1015
63.99.112.0;63.99.112.255;39.7316;-84.1962
63.99.113.0;63.99.113.255;40.7496;-73.9839
63.99.114.0;63.99.114.255;32.9919;-96.9833
63.99.115.0;63.99.115.255;41.7774;-87.5715
63.99.116.0;63.99.117.31;42.3601;-71.0589
63.99.117.32;63.99.117.127;34.0141;-84.192
63.99.117.128;63.99.118.255;42.3601;-71.0589
63.99.119.0;63.99.119.255;40.7128;-74.006
63.99.120.0;63.99.123.255;41.26;-95.9379
63.99.124.0;63.99.124.255;33.6145;-117.93
63.99.125.0;63.99.125.255;42.3601;-71.0589
63.99.126.0;63.99.126.255;40.7128;-74.006
63.99.127.0;63.99.127.255;42.3601;-71.0589
63.99.128.0;63.99.135.255;34.4712;-103.195
63.99.136.0;63.99.138.255;42.3601;-71.0589
63.99.139.0;63.99.139.255;35.5061;-80.8481
63.99.140.0;63.99.141.255;42.3601;-71.0589
63.99.142.0;63.99.144.255;29.1902;-80.9915
63.99.145.0;63.99.145.255;47.6118;-122.343
63.99.146.0;63.99.146.255;40.0683;-75.4551
63.99.147.0;63.99.147.255;30.4513;-91.174
63.99.148.0;63.99.148.255;40.7128;-74.006
63.99.149.0;63.99.149.255;29.9943;-90.1522
63.99.150.0;63.99.150.255;42.3601;-71.0589
63.99.151.0;63.99.151.255;38.0289;-97.3171
63.99.152.0;63.99.152.255;42.3601;-71.0589
63.99.153.0;63.99.153.255;42.6526;-73.7562
63.99.154.0;63.99.154.255;40.7128;-74.006
63.99.155.0;63.99.155.255;42.3601;-71.0589
63.99.156.0;63.99.156.255;30.2363;-97.8566
63.99.157.0;63.99.157.255;40.7128;-74.006
63.99.158.0;63.99.158.255;37.3415;-121.923
63.99.159.0;63.99.159.255;36.1582;-115.245
63.99.160.0;63.99.160.255;37.1203;-79.712
63.99.161.0;63.99.161.255;42.3601;-71.0589
63.99.162.0;63.99.162.127;40.812;-73.6653
63.99.162.128;63.99.163.255;42.3601;-71.0589
63.99.164.0;63.99.164.255;42.6526;-73.7562
63.99.165.0;63.99.165.255;40.7128;-74.006
63.99.166.0;63.99.166.255;42.3601;-71.0589
63.99.167.0;63.99.167.255;40.7128;-74.006
63.99.168.0;63.99.169.255;42.3601;-71.0589
63.99.170.0;63.99.170.255;42.5349;-83.0981
63.99.171.0;63.99.171.255;29.7815;-95.6414
63.99.172.0;63.99.172.255;40.7128;-74.006
63.99.173.0;63.99.173.255;34.1485;-118.133
63.99.174.0;63.99.175.255;37.7912;-122.398
63.99.176.0;63.99.176.255;29.6596;-95.2551
63.99.177.0;63.99.177.255;32.6954;-97.2497
63.99.178.0;63.99.178.255;42.3601;-71.0589
63.99.179.0;63.99.179.255;41.6028;-87.8179
63.99.180.0;63.99.181.255;42.3601;-71.0589
63.99.182.0;63.99.182.255;40.7128;-74.006
63.99.183.0;63.99.183.255;42.3601;-71.0589
63.99.184.0;63.99.185.63;40.7128;-74.006
63.99.185.64;63.99.185.255;25.6856;-80.4444
63.99.186.0;63.99.186.223;30.7407;-98.2528
63.99.186.224;63.99.187.255;42.3601;-71.0589
63.99.188.0;63.99.188.255;40.7128;-74.006
63.99.189.0;63.99.189.239;40.5816;-111.909
63.99.189.240;63.99.190.255;39.8615;-75.3454
63.99.191.0;63.99.191.255;40.7128;-74.006
63.99.192.0;63.99.192.255;32.7767;-96.797
63.99.193.0;63.99.193.255;42.3601;-71.0589
63.99.194.0;63.99.194.255;40.7128;-74.006
63.99.195.0;63.99.195.255;42.3601;-71.0589
63.99.196.0;63.99.196.255;33.0291;-96.7888
63.99.197.0;63.99.197.255;32.9581;-96.8226
63.99.198.0;63.99.198.255;38.5816;-121.494
63.99.199.0;63.99.199.255;40.7128;-74.006
63.99.200.0;63.99.200.255;37.2359;-93.2469
63.99.201.0;63.99.201.255;42.3601;-71.0589
63.99.202.0;63.99.203.255;40.7128;-74.006
63.99.204.0;63.99.206.255;42.3601;-71.0589
63.99.207.0;63.99.207.255;40.7779;-74.0691
63.99.208.0;63.99.209.255;42.3601;-71.0589
63.99.210.0;63.99.210.255;40.7128;-74.006
63.99.211.0;63.99.211.255;25.7431;-80.2671
63.99.212.0;63.99.212.255;42.3601;-71.0589
63.99.213.0;63.99.214.255;40.7128;-74.006
63.99.215.0;63.99.216.47;42.6526;-73.7562
63.99.216.48;63.99.216.111;32.9489;-96.8043
63.99.216.112;63.99.217.255;42.6526;-73.7562
63.99.218.0;63.99.218.255;39.0154;-94.6843
63.99.219.0;63.99.219.255;40.7128;-74.006
63.99.220.0;63.99.220.255;32.9489;-96.8043
63.99.221.0;63.99.221.255;40.7128;-74.006
63.99.222.0;63.99.222.255;42.3601;-71.0589
63.99.223.0;63.99.223.255;42.2675;-83.2423
63.99.224.0;63.99.225.255;42.3601;-71.0589
63.99.226.0;63.99.226.255;32.7767;-96.797
63.99.227.0;63.99.227.255;42.2675;-83.2423
63.99.228.0;63.99.228.255;42.3601;-71.0589
63.99.229.0;63.99.229.255;40.5556;-74.313
63.99.230.0;63.99.230.255;32.8712;-96.9388
63.99.231.0;63.99.232.255;42.3601;-71.0589
63.99.233.0;63.99.233.255;39.0105;-77.471
63.99.234.0;63.99.237.255;42.3601;-71.0589
63.99.238.0;63.99.239.255;42.6526;-73.7562
63.99.240.0;63.99.240.255;42.3601;-71.0589
63.99.241.0;63.99.241.255;42.6526;-73.7562
63.99.242.0;63.99.242.255;42.3601;-71.0589
63.99.243.0;63.99.243.255;40.7128;-74.006
63.99.244.0;63.99.245.255;42.3601;-71.0589
63.99.246.0;63.99.248.255;40.7128;-74.006
63.99.249.0;63.99.249.255;42.6526;-73.7562
63.99.250.0;63.99.250.255;42.3601;-71.0589
63.99.251.0;63.99.251.255;42.6526;-73.7562
63.99.252.0;63.99.252.255;42.3601;-71.0589
63.99.253.0;63.99.253.255;33.1073;-96.8275
63.99.254.0;63.99.254.255;40.7779;-74.0691
63.99.255.0;63.99.255.255;40.7128;-74.006
63.100.0.0;63.100.0.255;42.3601;-71.0589
63.100.1.0;63.100.1.255;41.9869;-87.7358
63.100.2.0;63.100.2.255;42.9753;-78.8945
63.100.3.0;63.100.3.255;40.7128;-74.006
63.100.4.0;63.100.4.255;42.3601;-71.0589
63.100.5.0;63.100.5.255;26.134;-80.3422
63.100.6.0;63.100.6.255;28.0941;-82.5195
63.100.7.0;63.100.7.255;40.758;-73.9804
63.100.8.0;63.100.8.255;42.3601;-71.0589
63.100.9.0;63.100.9.255;40.7128;-74.006
63.100.10.0;63.100.10.255;42.6526;-73.7562
63.100.11.0;63.100.11.255;42.3601;-71.0589
63.100.12.0;63.100.12.255;41.4192;-72.8927
63.100.13.0;63.100.13.255;25.9291;-80.2199
63.100.14.0;63.100.14.255;40.7128;-74.006
63.100.15.0;63.100.15.255;42.3601;-71.0589
63.100.16.0;63.100.16.255;40.7128;-74.006
63.100.17.0;63.100.17.255;33.7155;-117.787
63.100.18.0;63.100.18.255;42.6526;-73.7562
63.100.19.0;63.100.19.255;42.3601;-71.0589
63.100.20.0;63.100.23.255;33.9839;-118.405
63.100.24.0;63.100.27.255;39.7634;-86.1221
63.100.28.0;63.100.28.255;40.7128;-74.006
63.100.29.0;63.100.29.255;42.3601;-71.0589
63.100.30.0;63.100.31.255;33.9138;-84.461
63.100.32.0;63.100.39.255;48.3264;-122.628
63.100.40.0;63.100.40.255;42.3601;-71.0589
63.100.41.0;63.100.41.255;40.8868;-74.241
63.100.42.0;63.100.42.255;40.7128;-74.006
63.100.43.0;63.100.43.255;29.9849;-95.4954
63.100.44.0;63.100.46.255;42.3601;-71.0589
63.100.47.0;63.100.47.255;40.7128;-74.006
63.100.48.0;63.100.49.255;42.3601;-71.0589
63.100.50.0;63.100.50.255;38.9366;-77.1814
63.100.51.0;63.100.51.255;32.7649;-97.0428
63.100.52.0;63.100.52.255;38.6716;-85.7736
63.100.53.0;63.100.53.255;40.7563;-73.9821
63.100.54.0;63.100.54.255;29.74;-95.4422
63.100.55.0;63.100.55.255;42.3601;-71.0589
63.100.56.0;63.100.56.23;34.0301;-118.448
63.100.56.24;63.100.60.255;42.3601;-71.0589
63.100.61.0;63.100.62.255;40.7128;-74.006
63.100.63.0;63.100.63.255;42.3601;-71.0589
63.100.64.0;63.100.64.255;36.9847;-120.626
63.100.65.0;63.100.65.255;40.7583;-73.968
63.100.66.0;63.100.66.255;42.3601;-71.0589
63.100.67.0;63.100.67.255;40.7128;-74.006
63.100.68.0;63.100.68.255;42.3601;-71.0589
63.100.69.0;63.100.69.167;32.4069;-97.4058
63.100.69.168;63.100.70.255;42.3601;-71.0589
63.100.71.0;63.100.71.255;33.9236;-84.3314
63.100.72.0;63.100.73.255;40.7128;-74.006
63.100.74.0;63.100.74.255;34.0022;-118.232
63.100.75.0;63.100.75.255;42.6526;-73.7562
63.100.76.0;63.100.76.31;29.6792;-95.2701
63.100.76.32;63.100.77.255;42.3601;-71.0589
63.100.78.0;63.100.78.255;42.6526;-73.7562
63.100.79.0;63.100.79.255;42.3017;-71.1528
63.100.80.0;63.100.80.255;40.7128;-74.006
63.100.81.0;63.100.81.255;42.6526;-73.7562
63.100.82.0;63.100.82.255;27.4932;-82.5665
63.100.83.0;63.100.83.255;40.715;-74.3197
63.100.84.0;63.100.84.255;40.7128;-74.006
63.100.85.0;63.100.86.255;42.3601;-71.0589
63.100.87.0;63.100.88.255;40.7128;-74.006
63.100.89.0;63.100.89.255;42.3601;-71.0589
63.100.90.0;63.100.90.255;34.0294;-118.471
63.100.91.0;63.100.91.255;42.6526;-73.7562
63.100.92.0;63.100.93.255;40.7128;-74.006
63.100.94.0;63.100.94.255;42.3601;-71.0589
63.100.95.0;63.100.95.255;40.7128;-74.006
63.100.96.0;63.100.96.255;42.3601;-71.0589
63.100.97.0;63.100.97.255;39.6298;-75.6629
63.100.98.0;63.100.99.255;40.7668;-111.92
63.100.100.0;63.100.100.255;37.4086;-122.15
63.100.101.0;63.100.102.63;42.3601;-71.0589
63.100.102.64;63.100.102.255;41.8192;-87.921
63.100.103.0;63.100.103.255;40.7128;-74.006
63.100.104.0;63.100.104.255;42.6526;-73.7562
63.100.105.0;63.100.105.255;40.4495;-74.2493
63.100.106.0;63.100.106.255;42.3601;-71.0589
63.100.107.0;63.100.107.255;40.7128;-74.006
63.100.108.0;63.100.108.255;39.7856;-75.5503
63.100.109.0;63.100.109.255;42.3601;-71.0589
63.100.110.0;63.100.110.255;42.2296;-83.6593
63.100.111.0;63.100.111.255;40.7128;-74.006
63.100.112.0;63.100.112.255;42.3601;-71.0589
63.100.113.0;63.100.113.255;40.7128;-74.006
63.100.114.0;63.100.116.255;42.3601;-71.0589
63.100.117.0;63.100.117.255;42.6526;-73.7562
63.100.118.0;63.100.119.255;40.7128;-74.006
63.100.120.0;63.100.120.255;42.3601;-71.0589
63.100.121.0;63.100.121.255;32.8844;-117.239
63.100.122.0;63.100.122.255;40.7128;-74.006
63.100.123.0;63.100.123.255;39.2874;-76.6115
63.100.124.0;63.100.127.255;33.5855;-112.112
63.100.128.0;63.100.129.255;42.3601;-71.0589
63.100.130.0;63.100.131.255;38.9072;-77.0369
63.100.132.0;63.100.132.255;42.6526;-73.7562
63.100.133.0;63.100.133.255;42.21;-71.0216
63.100.134.0;63.100.134.255;35.8572;-78.6463
63.100.135.0;63.100.135.255;42.3848;-71.0705
63.100.136.0;63.100.136.255;42.299;-71.3701
63.100.137.0;63.100.138.255;42.3601;-71.0589
63.100.139.0;63.100.139.255;38.9127;-77.2248
63.100.140.0;63.100.141.255;42.3601;-71.0589
63.100.142.0;63.100.142.255;35.9928;-84.2252
63.100.143.0;63.100.144.255;42.3601;-71.0589
63.100.145.0;63.100.145.255;40.7128;-74.006
63.100.146.0;63.100.146.255;30.2657;-97.7433
63.100.147.0;63.100.147.255;42.3601;-71.0589
63.100.148.0;63.100.149.255;32.3769;-86.3095
63.100.150.0;63.100.150.255;38.8954;-104.854
63.100.151.0;63.100.151.255;42.3601;-71.0589
63.100.152.0;63.100.152.255;40.7128;-74.006
63.100.153.0;63.100.153.255;42.3601;-71.0589
63.100.154.0;63.100.154.255;40.7128;-74.006
63.100.155.0;63.100.155.255;29.5823;-95.5486
63.100.156.0;63.100.157.255;42.3601;-71.0589
63.100.158.0;63.100.158.255;42.6526;-73.7562
63.100.159.0;63.100.159.255;40.7128;-74.006
63.100.160.0;63.100.160.255;38.832;-77.1159
63.100.161.0;63.100.161.255;40.7128;-74.006
63.100.162.0;63.100.165.255;42.3601;-71.0589
63.100.166.0;63.100.166.255;40.7128;-74.006
63.100.167.0;63.100.167.255;34.177;-79.8271
63.100.168.0;63.100.168.255;42.3601;-71.0589
63.100.169.0;63.100.169.255;42.6526;-73.7562
63.100.170.0;63.100.170.255;40.7128;-74.006
63.100.171.0;63.100.172.255;42.3601;-71.0589
63.100.173.0;63.100.173.255;40.7128;-74.006
63.100.174.0;63.100.174.255;42.3601;-71.0589
63.100.175.0;63.100.175.255;42.6526;-73.7562
63.100.176.0;63.100.176.255;36.0904;-115.188
63.100.177.0;63.100.177.255;32.8939;-96.9653
63.100.178.0;63.100.178.255;42.3601;-71.0589
63.100.179.0;63.100.179.255;33.0811;-96.8411
63.100.180.0;63.100.180.255;34.0141;-84.192
63.100.181.0;63.100.181.255;40.7128;-74.006
63.100.182.0;63.100.182.255;42.6526;-73.7562
63.100.183.0;63.100.183.255;42.3601;-71.0589
63.100.184.0;63.100.184.255;40.7128;-74.006
63.100.185.0;63.100.185.255;42.3601;-71.0589
63.100.186.0;63.100.186.255;33.8611;-118.022
63.100.187.0;63.100.187.255;42.3601;-71.0589
63.100.188.0;63.100.188.255;40.7128;-74.006
63.100.189.0;63.100.190.255;42.3601;-71.0589
63.100.191.0;63.100.191.255;30.4071;-97.7439
63.100.192.0;63.100.197.255;38.7839;-77.5722
63.100.198.0;63.100.198.255;-6.8164;39.292
63.100.199.0;63.100.223.255;38.7839;-77.5722
63.100.224.0;63.100.224.191;37.8403;-122.295
63.100.224.192;63.100.226.63;42.3601;-71.0589
63.100.226.64;63.100.226.255;35.876;-78.8617
63.100.227.0;63.100.227.127;40.3487;-80.1231
63.100.227.128;63.100.228.255;42.3601;-71.0589
63.100.229.0;63.100.229.255;40.7128;-74.006
63.100.230.0;63.100.230.159;40.0411;-84.2075
63.100.230.160;63.100.231.255;40.7128;-74.006
63.100.232.0;63.100.232.255;42.6526;-73.7562
63.100.233.0;63.100.233.255;40.7128;-74.006
63.100.234.0;63.100.234.255;42.3601;-71.0589
63.100.235.0;63.100.235.255;40.3643;-73.9741
63.100.236.0;63.100.238.255;42.3601;-71.0589
63.100.239.0;63.100.239.255;42.6526;-73.7562
63.100.240.0;63.100.240.255;42.3601;-71.0589
63.100.241.0;63.100.241.255;40.7128;-74.006
63.100.242.0;63.100.242.255;42.3601;-71.0589
63.100.243.0;63.100.243.255;42.6526;-73.7562
63.100.244.0;63.100.244.255;38.9428;-77.0677
63.100.245.0;63.100.245.255;42.3601;-71.0589
63.100.246.0;63.100.246.255;47.615;-122.196
63.100.247.0;63.100.247.223;42.1619;-88.1531
63.100.247.224;63.100.248.255;42.6526;-73.7562
63.100.249.0;63.100.250.255;40.7128;-74.006
63.100.251.0;63.100.253.255;42.3601;-71.0589
63.100.254.0;63.100.254.255;30.3264;-81.6598
63.100.255.0;63.101.1.7;42.3601;-71.0589
63.101.1.8;63.101.1.151;41.9071;-71.3644
63.101.1.152;63.101.2.255;42.3601;-71.0589
63.101.3.0;63.101.3.255;40.7128;-74.006
63.101.4.0;63.101.4.255;42.3601;-71.0589
63.101.5.0;63.101.5.255;40.7128;-74.006
63.101.6.0;63.101.6.255;42.6526;-73.7562
63.101.7.0;63.101.7.255;39.0641;-94.5847
63.101.8.0;63.101.9.255;42.3601;-71.0589
63.101.10.0;63.101.10.255;38.9548;-77.3912
63.101.11.0;63.101.13.255;42.3601;-71.0589
63.101.14.0;63.101.14.255;41.9289;-87.6475
63.101.15.0;63.101.15.255;42.3885;-71.1321
63.101.16.0;63.101.18.255;42.3601;-71.0589
63.101.19.0;63.101.19.255;36.1553;-95.9898
63.101.20.0;63.101.20.255;42.3601;-71.0589
63.101.21.0;63.101.22.255;40.7128;-74.006
63.101.23.0;63.101.23.255;42.3601;-71.0589
63.101.24.0;63.101.25.255;35.6621;-80.4647
63.101.26.0;63.101.27.255;38.6781;-90.4676
63.101.28.0;63.101.29.47;42.3601;-71.0589
63.101.29.48;63.101.29.255;33.9153;-84.3823
63.101.30.0;63.101.30.255;35.6491;-80.663
63.101.31.0;63.101.31.159;39.8398;-75.1523
63.101.31.160;63.101.32.255;42.3601;-71.0589
63.101.33.0;63.101.33.255;37.5438;-122.306
63.101.34.0;63.101.34.255;40.7128;-74.006
63.101.35.0;63.101.35.255;42.6526;-73.7562
63.101.36.0;63.101.37.255;38.8611;-77.3368
63.101.38.0;63.101.38.255;40.7128;-74.006
63.101.39.0;63.101.39.255;34.0607;-118.444
63.101.40.0;63.101.40.191;40.8475;-74.4255
63.101.40.192;63.101.42.255;42.3601;-71.0589
63.101.43.0;63.101.43.255;42.6526;-73.7562
63.101.44.0;63.101.44.255;34.0364;-118.432
63.101.45.0;63.101.45.255;42.3601;-71.0589
63.101.46.0;63.101.46.255;34.0973;-116.31
63.101.47.0;63.101.47.255;42.3601;-71.0589
63.101.48.0;63.101.48.255;42.3654;-71.0328
63.101.49.0;63.101.49.255;42.3601;-71.0589
63.101.50.0;63.101.50.255;42.6526;-73.7562
63.101.51.0;63.101.52.255;40.7128;-74.006
63.101.53.0;63.101.53.255;43.4772;-83.9642
63.101.54.0;63.101.55.255;29.7767;-95.6194
63.101.56.0;63.101.56.255;42.6526;-73.7562
63.101.57.0;63.101.57.255;40.7128;-74.006
63.101.58.0;63.101.58.255;37.5049;-122.252
63.101.59.0;63.101.59.255;40.7128;-74.006
63.101.60.0;63.101.64.255;42.3601;-71.0589
63.101.65.0;63.101.65.255;29.76;-95.3592
63.101.66.0;63.101.67.255;40.7128;-74.006
63.101.68.0;63.101.68.255;42.1561;-87.9577
63.101.69.0;63.101.69.255;40.079;-75.4149
63.101.70.0;63.101.71.255;32.9785;-96.7441
63.101.72.0;63.101.72.255;42.3601;-71.0589
63.101.73.0;63.101.74.255;42.6526;-73.7562
63.101.75.0;63.101.75.255;42.3601;-71.0589
63.101.76.0;63.101.76.255;30.4463;-84.2798
63.101.77.0;63.101.77.255;38.2898;-76.4922
63.101.78.0;63.101.78.255;42.3601;-71.0589
63.101.79.0;63.101.79.255;36.8045;-97.2828
63.101.80.0;63.101.80.255;40.7128;-74.006
63.101.81.0;63.101.81.255;42.2917;-88.4103
63.101.82.0;63.101.82.255;33.9896;-118.397
63.101.83.0;63.101.83.255;40.7128;-74.006
63.101.84.0;63.101.84.255;42.3601;-71.0589
63.101.85.0;63.101.85.255;42.6526;-73.7562
63.101.86.0;63.101.86.255;40.7128;-74.006
63.101.87.0;63.101.87.255;38.9548;-77.3912
63.101.88.0;63.101.89.15;40.7128;-74.006
63.101.89.16;63.101.89.255;26.0093;-80.2101
63.101.90.0;63.101.91.255;42.3601;-71.0589
63.101.92.0;63.101.92.255;42.6526;-73.7562
63.101.93.0;63.101.93.255;42.3601;-71.0589
63.101.94.0;63.101.94.255;42.6526;-73.7562
63.101.95.0;63.101.95.255;42.3601;-71.0589
63.101.96.0;63.101.111.255;38.594;-121.547
63.101.112.0;63.101.112.255;32.6142;-85.4672
63.101.113.0;63.101.113.255;42.3601;-71.0589
63.101.114.0;63.101.114.255;45.0157;-93.2669
63.101.115.0;63.101.115.255;40.6587;-73.6971
63.101.116.0;63.101.116.255;42.6526;-73.7562
63.101.117.0;63.101.119.255;42.3601;-71.0589
63.101.120.0;63.101.120.255;42.6526;-73.7562
63.101.121.0;63.101.121.255;40.7128;-74.006
63.101.122.0;63.101.124.255;42.3601;-71.0589
63.101.125.0;63.101.125.255;42.6526;-73.7562
63.101.126.0;63.101.126.255;42.3601;-71.0589
63.101.127.0;63.101.127.255;41.7682;-72.6846
63.101.128.0;63.101.128.255;42.3601;-71.0589
63.101.129.0;63.101.130.255;40.7128;-74.006
63.101.131.0;63.101.132.255;42.3601;-71.0589
63.101.133.0;63.101.135.255;42.6526;-73.7562
63.101.136.0;63.101.136.255;42.3601;-71.0589
63.101.137.0;63.101.137.255;40.7128;-74.006
63.101.138.0;63.101.138.255;42.6526;-73.7562
63.101.139.0;63.101.140.255;42.3601;-71.0589
63.101.141.0;63.101.141.255;42.6526;-73.7562
63.101.142.0;63.101.143.255;40.7128;-74.006
63.101.144.0;63.101.145.255;42.3601;-71.0589
63.101.146.0;63.101.146.255;40.7128;-74.006
63.101.147.0;63.101.147.255;42.3601;-71.0589
63.101.148.0;63.101.148.255;40.7555;-73.9706
63.101.149.0;63.101.149.255;42.3817;-71.1211
63.101.150.0;63.101.151.255;32.8084;-96.7921
63.101.152.0;63.101.152.255;42.3601;-71.0589
63.101.153.0;63.101.153.255;32.3014;-95.3289
63.101.154.0;63.101.155.255;42.3601;-71.0589
63.101.156.0;63.101.156.255;39.0113;-77.4713
63.101.157.0;63.101.157.255;40.7128;-74.006
63.101.158.0;63.101.158.63;33.5919;-117.862
63.101.158.64;63.101.159.255;40.7128;-74.006
63.101.160.0;63.101.161.255;42.3601;-71.0589
63.101.162.0;63.101.162.255;40.7128;-74.006
63.101.163.0;63.101.164.255;42.3601;-71.0589
63.101.165.0;63.101.165.255;42.6526;-73.7562
63.101.166.0;63.101.166.255;33.8782;-84.3824
63.101.167.0;63.101.167.255;42.6526;-73.7562
63.101.168.0;63.101.168.255;40.7128;-74.006
63.101.169.0;63.101.170.255;42.3601;-71.0589
63.101.171.0;63.101.171.255;42.6526;-73.7562
63.101.172.0;63.101.174.255;42.3601;-71.0589
63.101.175.0;63.101.175.255;40.2828;-74.7121
63.101.176.0;63.101.176.255;40.7128;-74.006
63.101.177.0;63.101.177.255;42.3601;-71.0589
63.101.178.0;63.101.179.255;40.7128;-74.006
63.101.180.0;63.101.181.255;41.4858;-72.8234
63.101.182.0;63.101.182.255;39.2768;-77.5297
63.101.183.0;63.101.183.255;40.7128;-74.006
63.101.184.0;63.101.185.255;42.3601;-71.0589
63.101.186.0;63.101.186.255;28.5783;-81.3043
63.101.187.0;63.101.187.255;33.953;-84.2387
63.101.188.0;63.101.188.255;40.7128;-74.006
63.101.189.0;63.101.191.255;42.3601;-71.0589
63.101.192.0;63.101.199.255;38.9072;-77.0369
63.101.200.0;63.101.200.255;42.3601;-71.0589
63.101.201.0;63.101.201.255;42.0547;-88.0676
63.101.202.0;63.101.203.31;38.8673;-77.234
63.101.203.32;63.101.203.255;38.9904;-77.4445
63.101.204.0;63.101.205.255;42.6526;-73.7562
63.101.206.0;63.101.206.255;35.0461;-106.186
63.101.207.0;63.101.207.255;42.3601;-71.0589
63.101.208.0;63.101.209.255;42.6526;-73.7562
63.101.210.0;63.101.210.255;42.3601;-71.0589
63.101.211.0;63.101.211.255;25.943;-80.1495
63.101.212.0;63.101.212.255;42.3848;-71.0705
63.101.213.0;63.101.213.255;42.3601;-71.0589
63.101.214.0;63.101.214.255;40.7128;-74.006
63.101.215.0;63.101.216.127;42.3601;-71.0589
63.101.216.128;63.101.216.191;35.1892;-106.677
63.101.216.192;63.101.218.255;42.3601;-71.0589
63.101.219.0;63.101.219.255;40.7128;-74.006
63.101.220.0;63.101.220.255;42.3601;-71.0589
63.101.221.0;63.101.221.255;41.8963;-87.6375
63.101.222.0;63.101.222.255;39.1045;-77.1594
63.101.223.0;63.101.223.255;38.6294;-90.2178
63.101.224.0;63.101.224.255;39.4992;-76.6496
63.101.225.0;63.101.225.255;41.9861;-87.8387
63.101.226.0;63.101.226.255;36.0073;-91.2523
63.101.227.0;63.101.227.255;42.6526;-73.7562
63.101.228.0;63.101.228.255;40.7128;-74.006
63.101.229.0;63.101.229.255;37.3835;-121.98
63.101.230.0;63.101.230.255;40.7128;-74.006
63.101.231.0;63.101.231.255;42.6526;-73.7562
63.101.232.0;63.101.235.183;42.3601;-71.0589
63.101.235.184;63.101.235.255;42.4892;-83.1439
63.101.236.0;63.101.236.255;42.6526;-73.7562
63.101.237.0;63.101.238.255;42.3601;-71.0589
63.101.239.0;63.101.239.255;40.7128;-74.006
63.101.240.0;63.101.241.255;42.3601;-71.0589
63.101.242.0;63.101.242.255;29.7814;-95.607
63.101.243.0;63.101.244.255;40.7128;-74.006
63.101.245.0;63.101.246.255;42.3601;-71.0589
63.101.247.0;63.101.247.127;42.2929;-71.2367
63.101.247.128;63.101.248.255;42.3601;-71.0589
63.101.249.0;63.101.251.255;40.7128;-74.006
63.101.252.0;63.101.254.255;42.3601;-71.0589
63.101.255.0;63.101.255.255;42.6526;-73.7562
63.102.0.0;63.102.0.255;40.0934;-83.1464
63.102.1.0;63.102.1.255;40.7128;-74.006
63.102.2.0;63.102.2.255;42.3601;-71.0589
63.102.3.0;63.102.3.255;40.7128;-74.006
63.102.4.0;63.102.4.255;42.3601;-71.0589
63.102.5.0;63.102.5.255;42.6577;-77.0716
63.102.6.0;63.102.6.255;40.7128;-74.006
63.102.7.0;63.102.7.255;38.8907;-77.0823
63.102.8.0;63.102.8.255;42.3601;-71.0589
63.102.9.0;63.102.9.255;42.8305;-71.2148
63.102.10.0;63.102.11.255;42.6526;-73.7562
63.102.12.0;63.102.12.255;42.3601;-71.0589
63.102.13.0;63.102.13.255;42.6526;-73.7562
63.102.14.0;63.102.14.255;33.6776;-117.839
63.102.15.0;63.102.16.255;42.3601;-71.0589
63.102.17.0;63.102.18.255;42.6526;-73.7562
63.102.19.0;63.102.19.255;40.7128;-74.006
63.102.20.0;63.102.21.255;42.3601;-71.0589
63.102.22.0;63.102.22.255;40.7128;-74.006
63.102.23.0;63.102.25.255;42.3601;-71.0589
63.102.26.0;63.102.26.255;40.7128;-74.006
63.102.27.0;63.102.27.255;42.3601;-71.0589
63.102.28.0;63.102.28.255;40.7128;-74.006
63.102.29.0;63.102.29.255;42.3601;-71.0589
63.102.30.0;63.102.31.255;40.7128;-74.006
63.102.32.0;63.102.35.255;42.6368;-83.2924
63.102.36.0;63.102.36.255;40.7128;-74.006
63.102.37.0;63.102.38.255;42.3601;-71.0589
63.102.39.0;63.102.39.255;40.7128;-74.006
63.102.40.0;63.102.43.255;42.3601;-71.0589
63.102.44.0;63.102.44.255;42.3516;-71.0728
63.102.45.0;63.102.45.255;40.7128;-74.006
63.102.46.0;63.102.46.255;39.0045;-77.0505
63.102.47.0;63.102.47.255;29.5706;-98.4767
63.102.48.0;63.102.48.255;42.6526;-73.7562
63.102.49.0;63.102.50.255;42.3601;-71.0589
63.102.51.0;63.102.51.255;40.7128;-74.006
63.102.52.0;63.102.52.255;42.3601;-71.0589
63.102.53.0;63.102.53.255;40.7128;-74.006
63.102.54.0;63.102.54.255;40.7415;-74.0034
63.102.55.0;63.102.55.255;42.3601;-71.0589
63.102.56.0;63.102.59.255;40.7063;-74.0131
63.102.60.0;63.102.60.255;37.5049;-122.252
63.102.61.0;63.102.61.255;40.7128;-74.006
63.102.62.0;63.102.62.255;39.764;-84.1754
63.102.63.0;63.102.64.31;42.3601;-71.0589
63.102.64.32;63.102.64.255;38.0799;-122.135
63.102.65.0;63.102.65.255;40.8656;-73.0206
63.102.66.0;63.102.66.255;42.3601;-71.0589
63.102.67.0;63.102.67.255;39.4693;-119.77
63.102.68.0;63.102.73.255;42.3601;-71.0589
63.102.74.0;63.102.75.255;40.7128;-74.006
63.102.76.0;63.102.83.255;42.3601;-71.0589
63.102.84.0;63.102.84.255;40.7128;-74.006
63.102.85.0;63.102.85.255;42.3601;-71.0589
63.102.86.0;63.102.86.255;38.9297;-77.2471
63.102.87.0;63.102.87.255;42.5834;-83.2354
63.102.88.0;63.102.89.255;39.0614;-77.1159
63.102.90.0;63.102.90.255;42.3601;-71.0589
63.102.91.0;63.102.91.255;30.2936;-81.6391
63.102.92.0;63.102.92.255;42.3601;-71.0589
63.102.93.0;63.102.93.255;38.9548;-77.3912
63.102.94.0;63.102.94.255;26.046;-80.2091
63.102.95.0;63.102.95.255;42.3601;-71.0589
63.102.96.0;63.102.96.255;38.8819;-77.4418
63.102.97.0;63.102.97.255;40.9903;-73.7449
63.102.98.0;63.102.98.255;42.3601;-71.0589
63.102.99.0;63.102.99.255;38.8611;-77.3352
63.102.100.0;63.102.101.127;42.3601;-71.0589
63.102.101.128;63.102.101.255;42.0206;-87.9714
63.102.102.0;63.102.102.255;42.6526;-73.7562
63.102.103.0;63.102.103.255;42.3601;-71.0589
63.102.104.0;63.102.104.255;42.6526;-73.7562
63.102.105.0;63.102.106.159;42.3601;-71.0589
63.102.106.160;63.102.106.255;40.7419;-73.9919
63.102.107.0;63.102.107.255;36.254;-115.295
63.102.108.0;63.102.108.127;39.0614;-77.1159
63.102.108.128;63.102.110.255;42.3601;-71.0589
63.102.111.0;63.102.111.255;38.9761;-76.503
63.102.112.0;63.102.115.255;42.3601;-71.0589
63.102.116.0;63.102.117.255;40.7128;-74.006
63.102.118.0;63.102.119.255;42.3601;-71.0589
63.102.120.0;63.102.121.255;40.7128;-74.006
63.102.122.0;63.102.124.255;42.3601;-71.0589
63.102.125.0;63.102.125.255;42.6526;-73.7562
63.102.126.0;63.102.127.255;42.3601;-71.0589
63.102.128.0;63.102.128.255;39.4709;-87.4012
63.102.129.0;63.102.129.255;42.2784;-71.1818
63.102.130.0;63.102.130.255;40.7128;-74.006
63.102.131.0;63.102.131.255;40.7512;-73.9922
63.102.132.0;63.102.133.255;42.3601;-71.0589
63.102.134.0;63.102.134.255;42.6526;-73.7562
63.102.135.0;63.102.135.255;42.3601;-71.0589
63.102.136.0;63.102.136.255;38.9366;-77.1814
63.102.137.0;63.102.137.255;38.9152;-77.2273
63.102.138.0;63.102.138.223;42.8155;-71.2552
63.102.138.224;63.102.139.255;42.3601;-71.0589
63.102.140.0;63.102.143.255;36.5743;-90.0263
63.102.144.0;63.102.147.255;38.8498;-77.3181
63.102.148.0;63.102.149.255;40.7128;-74.006
63.102.150.0;63.102.151.255;42.3601;-71.0589
63.102.152.0;63.102.152.255;42.6526;-73.7562
63.102.153.0;63.102.154.255;40.7128;-74.006
63.102.155.0;63.102.155.255;42.3601;-71.0589
63.102.156.0;63.102.156.255;33.9587;-83.3658
63.102.157.0;63.102.157.255;33.4948;-112.082
63.102.158.0;63.102.158.255;38.9063;-77.4698
63.102.159.0;63.102.159.255;42.3601;-71.0589
63.102.160.0;63.102.160.255;18.4655;-66.1057
63.102.161.0;63.102.161.255;42.6526;-73.7562
63.102.162.0;63.102.162.255;42.3601;-71.0589
63.102.163.0;63.102.163.255;42.6526;-73.7562
63.102.164.0;63.102.167.255;35.7288;-78.6394
63.102.168.0;63.102.170.255;34.6287;-78.9965
63.102.171.0;63.102.171.255;40.7128;-74.006
63.102.172.0;63.102.172.255;42.3601;-71.0589
63.102.173.0;63.102.174.255;40.7128;-74.006
63.102.175.0;63.102.175.255;42.6526;-73.7562
63.102.176.0;63.102.179.255;42.3601;-71.0589
63.102.180.0;63.102.180.255;40.7128;-74.006
63.102.181.0;63.102.181.255;42.3601;-71.0589
63.102.182.0;63.102.183.255;42.6526;-73.7562
63.102.184.0;63.102.184.255;41.1191;-73.7076
63.102.185.0;63.102.185.255;48.99;-122.727
63.102.186.0;63.102.186.255;29.7827;-98.7281
63.102.187.0;63.102.187.255;40.7128;-74.006
63.102.188.0;63.102.188.255;25.7965;-80.3506
63.102.189.0;63.102.189.255;44.061;-92.4881
63.102.190.0;63.102.190.255;42.6526;-73.7562
63.102.191.0;63.102.191.255;40.7128;-74.006
63.102.192.0;63.102.192.255;42.3601;-71.0589
63.102.193.0;63.102.193.255;42.6526;-73.7562
63.102.194.0;63.102.194.255;40.7128;-74.006
63.102.195.0;63.102.197.255;42.6526;-73.7562
63.102.198.0;63.102.198.255;25.7658;-80.1913
63.102.199.0;63.102.199.255;42.6526;-73.7562
63.102.200.0;63.102.200.255;39.7999;-74.1986
63.102.201.0;63.102.201.255;42.3601;-71.0589
63.102.202.0;63.102.202.255;40.7128;-74.006
63.102.203.0;63.102.203.255;42.3601;-71.0589
63.102.204.0;63.102.204.255;40.7128;-74.006
63.102.205.0;63.102.206.31;42.3601;-71.0589
63.102.206.32;63.102.206.255;30.1255;-95.4382
63.102.207.0;63.102.207.255;32.9226;-96.7777
63.102.208.0;63.102.211.255;42.3601;-71.0589
63.102.212.0;63.102.212.255;42.6526;-73.7562
63.102.213.0;63.102.213.255;39.8365;-74.9634
63.102.214.0;63.102.214.255;42.3601;-71.0589
63.102.215.0;63.102.215.255;42.6526;-73.7562
63.102.216.0;63.102.216.255;40.7128;-74.006
63.102.217.0;63.102.217.255;29.2107;-82.097
63.102.218.0;63.102.218.255;41.4708;-90.4664
63.102.219.0;63.102.220.255;42.3601;-71.0589
63.102.221.0;63.102.221.255;42.6526;-73.7562
63.102.222.0;63.102.222.255;40.7128;-74.006
63.102.223.0;63.102.223.255;42.3601;-71.0589
63.102.224.0;63.102.224.255;39.0438;-77.4874
63.102.225.0;63.102.225.255;38.9586;-77.357
63.102.226.0;63.102.227.255;39.0438;-77.4874
63.102.228.0;63.102.228.255;40.7128;-74.006
63.102.229.0;63.102.229.255;42.3601;-71.0589
63.102.230.0;63.102.230.255;42.6526;-73.7562
63.102.231.0;63.102.232.255;42.3601;-71.0589
63.102.233.0;63.102.233.255;40.7128;-74.006
63.102.234.0;63.102.234.255;41.637;-81.4449
63.102.235.0;63.102.235.255;37.4268;-122.141
63.102.236.0;63.102.236.255;45.5214;-122.681
63.102.237.0;63.102.237.255;42.6526;-73.7562
63.102.238.0;63.102.238.255;42.3601;-71.0589
63.102.239.0;63.102.239.255;42.6526;-73.7562
63.102.240.0;63.102.240.255;42.3601;-71.0589
63.102.241.0;63.102.241.255;42.6526;-73.7562
63.102.242.0;63.102.242.255;42.3601;-71.0589
63.102.243.0;63.102.243.255;40.7128;-74.006
63.102.244.0;63.102.244.255;41.8934;-87.6402
63.102.245.0;63.102.245.255;38.8756;-77.4357
63.102.246.0;63.102.246.255;38.7135;-77.7953
63.102.247.0;63.102.247.255;39.0418;-94.5835
63.102.248.0;63.102.255.255;32.9543;-96.7069
63.103.0.0;63.103.0.255;42.3601;-71.0589
63.103.1.0;63.103.1.255;40.3727;-75.6273
63.103.2.0;63.103.2.255;33.408;-111.918
63.103.3.0;63.103.3.255;40.7128;-74.006
63.103.4.0;63.103.5.255;42.6526;-73.7562
63.103.6.0;63.103.6.255;42.3601;-71.0589
63.103.7.0;63.103.7.255;42.6526;-73.7562
63.103.8.0;63.103.9.255;40.7128;-74.006
63.103.10.0;63.103.10.255;42.3601;-71.0589
63.103.11.0;63.103.11.255;42.6526;-73.7562
63.103.12.0;63.103.12.255;40.7128;-74.006
63.103.13.0;63.103.13.255;37.7717;-122.403
63.103.14.0;63.103.14.255;40.7128;-74.006
63.103.15.0;63.103.15.255;42.3601;-71.0589
63.103.16.0;63.103.16.223;42.3761;-88.0008
63.103.16.224;63.103.18.255;42.3601;-71.0589
63.103.19.0;63.103.19.255;38.8611;-77.3368
63.103.20.0;63.103.23.255;42.3601;-71.0589
63.103.24.0;63.103.27.255;29.7148;-95.4576
63.103.28.0;63.103.28.255;40.7128;-74.006
63.103.29.0;63.103.30.255;42.3601;-71.0589
63.103.31.0;63.103.31.255;37.7928;-122.398
63.103.32.0;63.103.32.255;42.3601;-71.0589
63.103.33.0;63.103.33.255;34.8468;-81.0962
63.103.34.0;63.103.35.255;42.3601;-71.0589
63.103.36.0;63.103.36.255;34.3567;-82.9304
63.103.37.0;63.103.37.255;42.6526;-73.7562
63.103.38.0;63.103.38.255;40.7128;-74.006
63.103.39.0;63.103.39.255;42.3699;-83.0776
63.103.40.0;63.103.40.255;42.6526;-73.7562
63.103.41.0;63.103.42.255;40.7128;-74.006
63.103.43.0;63.103.43.255;42.6526;-73.7562
63.103.44.0;63.103.44.255;34.7597;-82.4028
63.103.45.0;63.103.46.255;42.3601;-71.0589
63.103.47.0;63.103.47.255;40.7128;-74.006
63.103.48.0;63.103.48.255;32.5282;-92.1144
63.103.49.0;63.103.49.255;42.3601;-71.0589
63.103.50.0;63.103.51.255;39.0105;-77.471
63.103.52.0;63.103.53.255;42.3601;-71.0589
63.103.54.0;63.103.55.255;32.3317;-95.2708
63.103.56.0;63.103.56.255;40.7128;-74.006
63.103.57.0;63.103.57.255;42.3601;-71.0589
63.103.58.0;63.103.58.255;40.6549;-80.0789
63.103.59.0;63.103.59.255;39.1748;-76.8069
63.103.60.0;63.103.61.255;41.8613;-87.6571
63.103.62.0;63.103.62.255;42.3601;-71.0589
63.103.63.0;63.103.63.255;39.093;-76.8984
63.103.64.0;63.103.64.255;42.7221;-71.4264
63.103.65.0;63.103.66.255;42.3601;-71.0589
63.103.67.0;63.103.67.127;34.0402;-117.597
63.103.67.128;63.103.68.255;40.7128;-74.006
63.103.69.0;63.103.70.255;42.3601;-71.0589
63.103.71.0;63.103.71.255;29.7324;-95.5723
63.103.72.0;63.103.72.255;42.3601;-71.0589
63.103.73.0;63.103.73.255;42.6526;-73.7562
63.103.74.0;63.103.78.255;42.3601;-71.0589
63.103.79.0;63.103.79.255;40.7128;-74.006
63.103.80.0;63.103.80.255;42.3601;-71.0589
63.103.81.0;63.103.81.255;42.6526;-73.7562
63.103.82.0;63.103.83.255;42.3601;-71.0589
63.103.84.0;63.103.84.255;40.7128;-74.006
63.103.85.0;63.103.85.255;38.983;-77.4217
63.103.86.0;63.103.87.255;38.9196;-77.2124
63.103.88.0;63.103.89.255;42.3601;-71.0589
63.103.90.0;63.103.90.255;29.602;-95.4598
63.103.91.0;63.103.91.255;33.6806;-117.884
63.103.92.0;63.103.92.255;34.6521;-118.219
63.103.93.0;63.103.93.255;41.0499;-73.5379
63.103.94.0;63.103.95.255;42.3601;-71.0589
63.103.96.0;63.103.96.255;39.955;-86.1567
63.103.97.0;63.103.97.255;42.3601;-71.0589
63.103.98.0;63.103.99.255;45.5197;-122.679
63.103.100.0;63.103.102.255;42.3601;-71.0589
63.103.103.0;63.103.103.255;42.6526;-73.7562
63.103.104.0;63.103.111.255;45.5197;-122.679
63.103.112.0;63.103.112.255;42.6526;-73.7562
63.103.113.0;63.103.113.255;42.3601;-71.0589
63.103.114.0;63.103.114.255;42.6526;-73.7562
63.103.115.0;63.103.115.255;29.6368;-95.6092
63.103.116.0;63.103.116.255;38.9858;-77.4458
63.103.117.0;63.103.117.255;37.5656;-122.324
63.103.118.0;63.103.118.255;40.7128;-74.006
63.103.119.0;63.103.119.255;42.3601;-71.0589
63.103.120.0;63.103.120.255;41.2312;-73.1507
63.103.121.0;63.103.121.255;42.3601;-71.0589
63.103.122.0;63.103.122.255;40.7128;-74.006
63.103.123.0;63.103.123.255;42.2296;-83.6593
63.103.124.0;63.103.125.255;42.3601;-71.0589
63.103.126.0;63.103.126.255;32.8836;-96.9779
63.103.127.0;63.103.127.255;40.7128;-74.006
63.103.128.0;63.103.128.255;38.8673;-77.234
63.103.129.0;63.103.129.255;42.3601;-71.0589
63.103.130.0;63.103.131.255;38.8673;-77.234
63.103.132.0;63.103.133.255;5.58269;-0.224065
63.103.134.0;63.103.134.255;38.8673;-77.234
63.103.135.0;63.103.135.255;38.9418;-77.0646
63.103.136.0;63.103.136.255;6.31561;-10.8074
63.103.137.0;63.103.137.255;42.3601;-71.0589
63.103.138.0;63.103.138.255;6.42688;3.42167
63.103.139.0;63.103.139.255;24.7136;46.6753
63.103.140.0;63.103.143.255;6.42688;3.42167
63.103.144.0;63.103.144.255;32.7766;-96.8057
63.103.145.0;63.103.145.255;42.6526;-73.7562
63.103.146.0;63.103.146.255;42.3601;-71.0589
63.103.147.0;63.103.147.255;40.7128;-74.006
63.103.148.0;63.103.148.255;26.8937;-80.0616
63.103.149.0;63.103.149.255;38.9858;-77.4458
63.103.150.0;63.103.150.255;42.3601;-71.0589
63.103.151.0;63.103.151.255;42.3286;-83.0488
63.103.152.0;63.103.153.255;32.1961;-98.256
63.103.154.0;63.103.154.255;40.7128;-74.006
63.103.155.0;63.103.157.255;42.3601;-71.0589
63.103.158.0;63.103.158.255;38.8894;-77.1595
63.103.159.0;63.103.160.255;42.3601;-71.0589
63.103.161.0;63.103.161.255;40.7128;-74.006
63.103.162.0;63.103.162.255;42.6526;-73.7562
63.103.163.0;63.103.167.255;40.7128;-74.006
63.103.168.0;63.103.168.255;39.0107;-77.469
63.103.169.0;63.103.169.255;32.6129;-83.6861
63.103.170.0;63.103.170.255;42.6526;-73.7562
63.103.171.0;63.103.172.255;42.3601;-71.0589
63.103.173.0;63.103.174.255;40.7128;-74.006
63.103.175.0;63.103.176.255;42.3601;-71.0589
63.103.177.0;63.103.178.255;40.7128;-74.006
63.103.179.0;63.103.179.255;37.7948;-122.404
63.103.180.0;63.103.180.255;40.7128;-74.006
63.103.181.0;63.103.181.255;42.3601;-71.0589
63.103.182.0;63.103.182.255;37.5049;-122.252
63.103.183.0;63.103.183.255;40.7128;-74.006
63.103.184.0;63.103.184.255;30.27;-97.7411
63.103.185.0;63.103.185.255;42.3601;-71.0589
63.103.186.0;63.103.186.255;30.27;-97.7411
63.103.187.0;63.103.187.255;40.7128;-74.006
63.103.188.0;63.103.188.255;42.3848;-71.0705
63.103.189.0;63.103.189.255;42.3601;-71.0589
63.103.190.0;63.103.190.255;40.7128;-74.006
63.103.191.0;63.103.191.151;40.1382;-75.2022
63.103.191.152;63.103.193.255;42.3601;-71.0589
63.103.194.0;63.103.194.255;40.5372;-74.5193
63.103.195.0;63.103.195.255;42.6526;-73.7562
63.103.196.0;63.103.198.255;40.7128;-74.006
63.103.199.0;63.103.199.255;42.3601;-71.0589
63.103.200.0;63.103.200.255;40.7128;-74.006
63.103.201.0;63.103.201.255;32.8364;-97.2519
63.103.202.0;63.103.202.255;38.9495;-77.3551
63.103.203.0;63.103.203.255;42.6526;-73.7562
63.103.204.0;63.103.204.255;39.0107;-77.469
63.103.205.0;63.103.205.255;42.3601;-71.0589
63.103.206.0;63.103.206.255;40.1414;-75.4473
63.103.207.0;63.103.207.255;42.3601;-71.0589
63.103.208.0;63.103.208.247;40.7128;-74.006
63.103.208.248;63.103.209.255;40.0836;-74.9166
63.103.210.0;63.103.210.255;42.3601;-71.0589
63.103.211.0;63.103.211.255;41.4345;-87.3968
63.103.212.0;63.103.215.255;40.7063;-74.0125
63.103.216.0;63.103.216.255;42.3601;-71.0589
63.103.217.0;63.103.217.255;42.6526;-73.7562
63.103.218.0;63.103.218.255;42.3601;-71.0589
63.103.219.0;63.103.219.255;42.6526;-73.7562
63.103.220.0;63.103.220.255;42.3601;-71.0589
63.103.221.0;63.103.221.255;40.7128;-74.006
63.103.222.0;63.103.222.255;42.6526;-73.7562
63.103.223.0;63.103.223.255;42.3601;-71.0589
63.103.224.0;63.103.224.255;37.5393;-77.4432
63.103.225.0;63.103.225.255;41.0134;-73.6556
63.103.226.0;63.103.226.255;37.7709;-122.404
63.103.227.0;63.103.227.255;38.5359;-122.801
63.103.228.0;63.103.228.255;42.3601;-71.0589
63.103.229.0;63.103.229.255;40.7128;-74.006
63.103.230.0;63.103.230.255;40.3625;-111.781
63.103.231.0;63.103.231.255;40.7128;-74.006
63.103.232.0;63.103.233.255;42.3601;-71.0589
63.103.234.0;63.103.234.255;42.1619;-88.1531
63.103.235.0;63.103.236.255;32.3482;-97.3849
63.103.237.0;63.103.237.255;35.3466;-79.4182
63.103.238.0;63.103.238.159;39.2097;-76.9366
63.103.238.160;63.103.240.255;40.7128;-74.006
63.103.241.0;63.103.241.255;42.3601;-71.0589
63.103.242.0;63.103.242.255;40.7128;-74.006
63.103.243.0;63.103.243.255;42.6526;-73.7562
63.103.244.0;63.103.244.255;40.7128;-74.006
63.103.245.0;63.103.247.255;42.3601;-71.0589
63.103.248.0;63.103.248.255;40.7128;-74.006
63.103.249.0;63.103.249.255;42.3601;-71.0589
63.103.250.0;63.103.251.255;42.6526;-73.7562
63.103.252.0;63.103.252.255;27.8828;-82.6665
63.103.253.0;63.103.253.255;40.7128;-74.006
63.103.254.0;63.103.254.255;42.3601;-71.0589
63.103.255.0;63.103.255.255;40.7128;-74.006
63.104.0.0;63.104.1.127;42.3601;-71.0589
63.104.1.128;63.104.1.255;41.8601;-87.6288
63.104.2.0;63.104.3.255;40.7128;-74.006
63.104.4.0;63.104.4.255;39.3642;-74.4231
63.104.5.0;63.104.5.255;34.2203;-119.059
63.104.6.0;63.104.6.255;33.0811;-96.8411
63.104.7.0;63.104.7.255;28.6338;-81.3924
63.104.8.0;63.104.8.255;42.6526;-73.7562
63.104.9.0;63.104.9.255;42.3601;-71.0589
63.104.10.0;63.104.10.255;39.0063;-77.4371
63.104.11.0;63.104.11.255;42.3601;-71.0589
63.104.12.0;63.104.13.255;42.6526;-73.7562
63.104.14.0;63.104.15.255;42.3601;-71.0589
63.104.16.0;63.104.19.255;36.8462;-76.2864
63.104.20.0;63.104.23.255;37.5693;-122.277
63.104.24.0;63.104.25.255;32.337;-97.4182
63.104.26.0;63.104.26.255;29.9823;-90.2847
63.104.27.0;63.104.27.255;42.3601;-71.0589
63.104.28.0;63.104.28.255;42.6526;-73.7562
63.104.29.0;63.104.29.255;40.7128;-74.006
63.104.30.0;63.104.31.255;40.7884;-74.3699
63.104.32.0;63.104.32.255;38.8353;-77.085
63.104.33.0;63.104.33.255;38.9072;-77.0369
63.104.34.0;63.104.34.255;41.4738;-82.0018
63.104.35.0;63.104.35.255;40.7128;-74.006
63.104.36.0;63.104.39.255;32.8603;-96.9301
63.104.40.0;63.104.41.255;42.3601;-71.0589
63.104.42.0;63.104.43.255;26.3968;-80.1043
63.104.44.0;63.104.45.255;40.7128;-74.006
63.104.46.0;63.104.46.255;42.3601;-71.0589
63.104.47.0;63.104.47.255;38.8665;-77.2341
63.104.48.0;63.104.50.255;42.3601;-71.0589
63.104.51.0;63.104.51.255;40.7128;-74.006
63.104.52.0;63.104.52.255;39.6044;-104.901
63.104.53.0;63.104.53.255;34.0073;-84.5971
63.104.54.0;63.104.54.255;41.881;-87.6372
63.104.55.0;63.104.55.255;30.2752;-97.8033
63.104.56.0;63.104.59.255;31.3325;-94.7322
63.104.60.0;63.104.60.255;42.3601;-71.0589
63.104.61.0;63.104.61.255;40.7128;-74.006
63.104.62.0;63.104.62.255;42.3601;-71.0589
63.104.63.0;63.104.63.255;42.6526;-73.7562
63.104.64.0;63.104.65.255;42.3601;-71.0589
63.104.66.0;63.104.67.191;40.7128;-74.006
63.104.67.192;63.104.67.255;34.0582;-118.424
63.104.68.0;63.104.69.127;40.7128;-74.006
63.104.69.128;63.104.69.255;40.7108;-74.0081
63.104.70.0;63.104.70.255;42.6035;-83.0356
63.104.71.0;63.104.71.255;40.7418;-74.0045
63.104.72.0;63.104.72.255;40.7128;-74.006
63.104.73.0;63.104.74.255;34.9536;-81.0144
63.104.75.0;63.104.75.255;42.3601;-71.0589
63.104.76.0;63.104.76.255;40.7128;-74.006
63.104.77.0;63.104.79.255;42.3601;-71.0589
63.104.80.0;63.104.83.255;40.61;-74.1792
63.104.84.0;63.104.89.255;42.3601;-71.0589
63.104.90.0;63.104.91.255;40.7128;-74.006
63.104.92.0;63.104.93.255;42.3601;-71.0589
63.104.94.0;63.104.94.255;40.7128;-74.006
63.104.95.0;63.104.97.255;42.3601;-71.0589
63.104.98.0;63.104.98.255;40.6254;-73.9574
63.104.99.0;63.104.100.95;42.3601;-71.0589
63.104.100.96;63.104.100.255;38.8959;-77.0098
63.104.101.0;63.104.101.255;39.2899;-76.6128
63.104.102.0;63.104.102.255;42.3601;-71.0589
63.104.103.0;63.104.103.255;38.9571;-94.6366
63.104.104.0;63.104.104.255;42.3601;-71.0589
63.104.105.0;63.104.105.255;42.6526;-73.7562
63.104.106.0;63.104.106.255;42.3601;-71.0589
63.104.107.0;63.104.107.255;37.4458;-122.161
63.104.108.0;63.104.108.255;42.8155;-71.2552
63.104.109.0;63.104.109.255;40.7128;-74.006
63.104.110.0;63.104.111.255;42.3601;-71.0589
63.104.112.0;63.104.114.255;42.6526;-73.7562
63.104.115.0;63.104.120.255;42.3601;-71.0589
63.104.121.0;63.104.121.255;42.6526;-73.7562
63.104.122.0;63.104.122.255;40.7128;-74.006
63.104.123.0;63.104.123.255;38.8449;-77.1198
63.104.124.0;63.104.125.255;42.3601;-71.0589
63.104.126.0;63.104.126.255;34.0528;-84.0867
63.104.127.0;63.104.127.255;32.4529;-99.7341
63.104.128.0;63.104.128.255;41.1562;-87.8598
63.104.129.0;63.104.131.47;42.3601;-71.0589
63.104.131.48;63.104.131.127;42.0509;-87.6887
63.104.131.128;63.104.134.255;42.3601;-71.0589
63.104.135.0;63.104.135.255;40.7128;-74.006
63.104.136.0;63.104.136.255;42.3601;-71.0589
63.104.137.0;63.104.137.255;47.4719;-122.232
63.104.138.0;63.104.138.255;42.3601;-71.0589
63.104.139.0;63.104.139.255;42.6526;-73.7562
63.104.140.0;63.104.140.255;42.3601;-71.0589
63.104.141.0;63.104.141.255;36.0967;-115.164
63.104.142.0;63.104.142.255;42.3601;-71.0589
63.104.143.0;63.104.143.255;37.6754;-121.865
63.104.144.0;63.104.147.255;42.3601;-71.0589
63.104.148.0;63.104.148.223;29.6197;-95.0864
63.104.148.224;63.104.149.255;40.7128;-74.006
63.104.150.0;63.104.150.255;33.7498;-117.812
63.104.151.0;63.104.151.255;42.0612;-88.1362
63.104.152.0;63.104.152.255;46.2305;-119.092
63.104.153.0;63.104.153.255;40.6221;-74.2446
63.104.154.0;63.104.154.255;42.3612;-71.1153
63.104.155.0;63.104.155.255;42.3547;-71.0602
63.104.156.0;63.104.157.31;42.3601;-71.0589
63.104.157.32;63.104.157.255;34.0916;-84.2394
63.104.158.0;63.104.158.255;38.9072;-77.0369
63.104.159.0;63.104.159.255;40.7461;-74.4331
63.104.160.0;63.104.160.255;41.6682;-72.9427
63.104.161.0;63.104.161.255;42.6526;-73.7562
63.104.162.0;63.104.163.255;40.7128;-74.006
63.104.164.0;63.104.167.255;40.7797;-73.9858
63.104.168.0;63.104.168.255;42.3601;-71.0589
63.104.169.0;63.104.169.255;38.906;-77.0389
63.104.170.0;63.104.172.255;40.7128;-74.006
63.104.173.0;63.104.173.255;33.828;-118.233
63.104.174.0;63.104.174.255;40.7128;-74.006
63.104.175.0;63.104.175.255;42.3601;-71.0589
63.104.176.0;63.104.176.255;40.7128;-74.006
63.104.177.0;63.104.182.255;42.3601;-71.0589
63.104.183.0;63.104.183.255;40.7128;-74.006
63.104.184.0;63.104.185.255;42.214;-121.763
63.104.186.0;63.104.187.127;40.7128;-74.006
63.104.187.128;63.104.187.255;28.5783;-81.3043
63.104.188.0;63.104.188.255;42.6526;-73.7562
63.104.189.0;63.104.189.255;36.9733;-122.026
63.104.190.0;63.104.190.255;33.7908;-118.006
63.104.191.0;63.104.191.255;42.6526;-73.7562
63.104.192.0;63.104.198.255;42.3601;-71.0589
63.104.199.0;63.104.199.255;42.6526;-73.7562
63.104.200.0;63.104.200.255;42.3601;-71.0589
63.104.201.0;63.104.201.255;40.7128;-74.006
63.104.202.0;63.104.202.255;40.314;-74.0258
63.104.203.0;63.104.203.255;42.3499;-71.0805
63.104.204.0;63.104.204.255;42.3601;-71.0589
63.104.205.0;63.104.205.255;31.6927;-89.1296
63.104.206.0;63.104.206.255;42.6526;-73.7562
63.104.207.0;63.104.207.255;40.7521;-73.9926
63.104.208.0;63.104.208.255;37.799;-122.401
63.104.209.0;63.104.209.255;42.3601;-71.0589
63.104.210.0;63.104.210.255;40.7128;-74.006
63.104.211.0;63.104.211.255;42.6526;-73.7562
63.104.212.0;63.104.213.255;42.3601;-71.0589
63.104.214.0;63.104.214.255;40.7128;-74.006
63.104.215.0;63.104.215.255;42.3601;-71.0589
63.104.216.0;63.104.216.255;40.7128;-74.006
63.104.217.0;63.104.217.255;42.3601;-71.0589
63.104.218.0;63.104.218.255;40.7128;-74.006
63.104.219.0;63.104.219.255;42.6526;-73.7562
63.104.220.0;63.104.220.255;37.7936;-122.399
63.104.221.0;63.104.221.255;42.6788;-73.7009
63.104.222.0;63.104.222.255;42.6526;-73.7562
63.104.223.0;63.104.223.255;40.7128;-74.006
63.104.224.0;63.104.226.215;41.8861;-87.633
63.104.226.216;63.104.226.255;41.6614;-88.1196
63.104.227.0;63.104.227.111;41.8779;-87.6347
63.104.227.112;63.104.231.31;41.8861;-87.633
63.104.231.32;63.104.231.255;37.771;-122.403
63.104.232.0;63.104.233.255;42.3601;-71.0589
63.104.234.0;63.104.234.255;40.7128;-74.006
63.104.235.0;63.104.236.255;42.3601;-71.0589
63.104.237.0;63.104.237.255;40.7128;-74.006
63.104.238.0;63.104.238.255;42.6526;-73.7562
63.104.239.0;63.104.239.255;42.3601;-71.0589
63.104.240.0;63.104.241.255;40.7128;-74.006
63.104.242.0;63.104.242.255;42.3601;-71.0589
63.104.243.0;63.104.243.255;40.7128;-74.006
63.104.244.0;63.104.244.255;34.2034;-119.14
63.104.245.0;63.104.248.255;42.3601;-71.0589
63.104.249.0;63.104.249.255;40.7128;-74.006
63.104.250.0;63.104.253.255;42.3601;-71.0589
63.104.254.0;63.104.255.255;40.7128;-74.006
63.105.0.0;63.105.1.127;42.3601;-71.0589
63.105.1.128;63.105.1.255;39.1393;-76.8886
63.105.2.0;63.105.2.255;42.3601;-71.0589
63.105.3.0;63.105.3.255;42.6526;-73.7562
63.105.4.0;63.105.4.255;40.7264;-74.0342
63.105.5.0;63.105.5.255;38.9104;-77.2205
63.105.6.0;63.105.6.255;40.7128;-74.006
63.105.7.0;63.105.7.255;42.3601;-71.0589
63.105.8.0;63.105.8.255;42.6526;-73.7562
63.105.9.0;63.105.9.255;39.006;-76.6983
63.105.10.0;63.105.10.255;32.9654;-96.8227
63.105.11.0;63.105.11.255;42.3601;-71.0589
63.105.12.0;63.105.12.255;40.7128;-74.006
63.105.13.0;63.105.13.255;40.0416;-75.3604
63.105.14.0;63.105.14.255;42.3601;-71.0589
63.105.15.0;63.105.15.255;42.6526;-73.7562
63.105.16.0;63.105.16.255;45.5261;-122.656
63.105.17.0;63.105.17.255;45.5114;-122.66
63.105.18.0;63.105.19.255;45.5206;-122.68
63.105.20.0;63.105.20.255;45.5261;-122.656
63.105.21.0;63.105.22.255;45.5206;-122.68
63.105.23.0;63.105.23.255;45.5261;-122.656
63.105.24.0;63.105.24.255;45.5206;-122.68
63.105.25.0;63.105.25.127;45.5261;-122.656
63.105.25.128;63.105.26.255;45.5206;-122.68
63.105.27.0;63.105.27.255;45.5114;-122.66
63.105.28.0;63.105.29.255;45.5206;-122.68
63.105.30.0;63.105.31.255;45.5261;-122.656
63.105.32.0;63.105.33.255;40.7128;-74.006
63.105.34.0;63.105.35.255;41.7325;-87.8761
63.105.36.0;63.105.37.255;40.7128;-74.006
63.105.38.0;63.105.38.255;39.8939;-82.4177
63.105.39.0;63.105.39.255;26.1376;-80.3339
63.105.40.0;63.105.42.255;42.3601;-71.0589
63.105.43.0;63.105.43.255;42.6526;-73.7562
63.105.44.0;63.105.47.255;41.4332;-81.5243
63.105.48.0;63.105.48.255;42.6526;-73.7562
63.105.49.0;63.105.49.255;42.3601;-71.0589
63.105.50.0;63.105.51.255;29.7604;-95.3698
63.105.52.0;63.105.52.255;42.3601;-71.0589
63.105.53.0;63.105.54.255;40.7128;-74.006
63.105.55.0;63.105.55.255;26.0093;-80.2101
63.105.56.0;63.105.67.255;41.7251;-71.31
63.105.68.0;63.105.68.255;42.3601;-71.0589
63.105.69.0;63.105.69.255;41.877;-87.6662
63.105.70.0;63.105.71.255;42.3601;-71.0589
63.105.72.0;63.105.72.255;42.6526;-73.7562
63.105.73.0;63.105.73.255;42.3601;-71.0589
63.105.74.0;63.105.74.255;42.6526;-73.7562
63.105.75.0;63.105.75.255;42.3601;-71.0589
63.105.76.0;63.105.76.255;42.6526;-73.7562
63.105.77.0;63.105.84.255;42.3601;-71.0589
63.105.85.0;63.105.85.255;40.7128;-74.006
63.105.86.0;63.105.86.255;37.7926;-122.399
63.105.87.0;63.105.87.255;40.7128;-74.006
63.105.88.0;63.105.88.255;40.8134;-73.6575
63.105.89.0;63.105.90.255;42.3601;-71.0589
63.105.91.0;63.105.91.255;40.7128;-74.006
63.105.92.0;63.105.95.63;42.3601;-71.0589
63.105.95.64;63.105.95.191;39.7457;-104.993
63.105.95.192;63.105.96.255;42.3601;-71.0589
63.105.97.0;63.105.97.255;45.2521;-68.9868
63.105.98.0;63.105.98.255;33.5784;-86.2752
63.105.99.0;63.105.99.255;40.7128;-74.006
63.105.100.0;63.105.100.255;26.0455;-80.2157
63.105.101.0;63.105.101.255;42.3618;-71.414
63.105.102.0;63.105.102.255;39.0421;-77.1123
63.105.103.0;63.105.103.255;34.7023;-82.4646
63.105.104.0;63.105.104.255;40.7128;-74.006
63.105.105.0;63.105.105.255;42.6526;-73.7562
63.105.106.0;63.105.106.207;32.9482;-117.242
63.105.106.208;63.105.108.255;42.3601;-71.0589
63.105.109.0;63.105.109.255;38.9083;-77.4515
63.105.110.0;63.105.110.255;40.3356;-75.9269
63.105.111.0;63.105.111.255;42.3601;-71.0589
63.105.112.0;63.105.112.255;38.9529;-77.2729
63.105.113.0;63.105.113.255;42.6526;-73.7562
63.105.114.0;63.105.115.255;42.3601;-71.0589
63.105.116.0;63.105.116.255;38.8718;-77.2377
63.105.117.0;63.105.117.255;42.3601;-71.0589
63.105.118.0;63.105.118.255;40.0682;-76.3236
63.105.119.0;63.105.119.255;40.0778;-75.3657
63.105.120.0;63.105.125.255;42.3601;-71.0589
63.105.126.0;63.105.127.255;45.5485;-122.891
63.105.128.0;63.105.129.255;37.7215;-88.9432
63.105.130.0;63.105.130.255;42.6526;-73.7562
63.105.131.0;63.105.131.255;42.3601;-71.0589
63.105.132.0;63.105.132.255;40.7128;-74.006
63.105.133.0;63.105.133.255;39.6792;-75.731
63.105.134.0;63.105.134.255;42.6526;-73.7562
63.105.135.0;63.105.135.255;40.7128;-74.006
63.105.136.0;63.105.138.255;42.3601;-71.0589
63.105.139.0;63.105.139.255;40.7128;-74.006
63.105.140.0;63.105.141.255;42.3601;-71.0589
63.105.142.0;63.105.142.255;40.7128;-74.006
63.105.143.0;63.105.143.255;42.3601;-71.0589
63.105.144.0;63.105.151.255;40.7496;-73.9732
63.105.152.0;63.105.153.255;42.3601;-71.0589
63.105.154.0;63.105.154.255;41.8028;-88.1495
63.105.155.0;63.105.155.255;42.3601;-71.0589
63.105.156.0;63.105.156.255;40.7128;-74.006
63.105.157.0;63.105.157.255;33.165;-117.349
63.105.158.0;63.105.158.255;42.3601;-71.0589
63.105.159.0;63.105.159.255;40.3423;-74.4787
63.105.160.0;63.105.160.255;40.7128;-74.006
63.105.161.0;63.105.161.255;42.3601;-71.0589
63.105.162.0;63.105.162.255;34.0329;-118.468
63.105.163.0;63.105.163.255;41.962;-87.6735
63.105.164.0;63.105.164.255;32.2221;-110.885
63.105.165.0;63.105.166.127;42.3601;-71.0589
63.105.166.128;63.105.166.207;28.4793;-81.3083
63.105.166.208;63.105.169.255;42.3601;-71.0589
63.105.170.0;63.105.170.255;41.8815;-87.6361
63.105.171.0;63.105.171.255;40.7663;-73.9537
63.105.172.0;63.105.174.255;42.3601;-71.0589
63.105.175.0;63.105.175.255;25.7871;-80.2313
63.105.176.0;63.105.176.255;39.872;-75.5914
63.105.177.0;63.105.177.255;42.3601;-71.0589
63.105.178.0;63.105.178.255;40.7128;-74.006
63.105.179.0;63.105.179.255;39.553;-86.08
63.105.180.0;63.105.181.255;42.3601;-71.0589
63.105.182.0;63.105.182.255;40.7128;-74.006
63.105.183.0;63.105.183.255;38.9072;-77.0369
63.105.184.0;63.105.184.255;39.3778;-77.4115
63.105.185.0;63.105.185.255;37.3164;-121.933
63.105.186.0;63.105.186.255;40.7128;-74.006
63.105.187.0;63.105.189.255;42.3601;-71.0589
63.105.190.0;63.105.191.63;40.7128;-74.006
63.105.191.64;63.105.191.255;42.6791;-83.1556
63.105.192.0;63.105.207.255;37.5003;127.034
63.105.208.0;63.105.209.255;40.7128;-74.006
63.105.210.0;63.105.210.255;42.6526;-73.7562
63.105.211.0;63.105.212.255;40.7128;-74.006
63.105.213.0;63.105.214.255;42.3601;-71.0589
63.105.215.0;63.105.215.255;40.7128;-74.006
63.105.216.0;63.105.216.255;42.3601;-71.0589
63.105.217.0;63.105.217.255;40.7128;-74.006
63.105.218.0;63.105.220.255;42.3601;-71.0589
63.105.221.0;63.105.221.255;40.7128;-74.006
63.105.222.0;63.105.224.255;42.3601;-71.0589
63.105.225.0;63.105.225.255;42.6526;-73.7562
63.105.226.0;63.105.227.255;38.9115;-77.4009
63.105.228.0;63.105.230.127;42.3601;-71.0589
63.105.230.128;63.105.230.255;32.9226;-96.7777
63.105.231.0;63.105.231.255;42.6526;-73.7562
63.105.232.0;63.105.232.255;40.7128;-74.006
63.105.233.0;63.105.233.255;42.3601;-71.0589
63.105.234.0;63.105.234.255;42.6526;-73.7562
63.105.235.0;63.105.237.255;42.3601;-71.0589
63.105.238.0;63.105.238.255;42.6526;-73.7562
63.105.239.0;63.105.239.255;40.7128;-74.006
63.105.240.0;63.105.240.255;42.6526;-73.7562
63.105.241.0;63.105.241.255;42.3601;-71.0589
63.105.242.0;63.105.242.255;40.7128;-74.006
63.105.243.0;63.105.243.255;42.3601;-71.0589
63.105.244.0;63.105.244.255;42.6526;-73.7562
63.105.245.0;63.105.245.255;40.7128;-74.006
63.105.246.0;63.105.247.255;42.3601;-71.0589
63.105.248.0;63.105.255.255;34.9157;-85.1101
63.106.0.0;63.106.0.255;42.3601;-71.0589
63.106.1.0;63.106.1.255;34.0479;-118.255
63.106.2.0;63.106.2.255;38.9072;-77.0369
63.106.3.0;63.106.3.255;42.3601;-71.0589
63.106.4.0;63.106.4.255;40.7128;-74.006
63.106.5.0;63.106.5.255;42.3332;-71.1284
63.106.6.0;63.106.6.255;32.4983;-84.8836
63.106.7.0;63.106.7.255;39.9098;-75.3235
63.106.8.0;63.106.8.255;29.9475;-90.0725
63.106.9.0;63.106.10.255;42.3601;-71.0589
63.106.11.0;63.106.12.255;40.7128;-74.006
63.106.13.0;63.106.13.255;33.5098;-112
63.106.14.0;63.106.14.255;42.3601;-71.0589
63.106.15.0;63.106.15.207;32.8148;-96.7906
63.106.15.208;63.106.16.255;40.7128;-74.006
63.106.17.0;63.106.19.127;42.3601;-71.0589
63.106.19.128;63.106.19.255;37.7892;-122.401
63.106.20.0;63.106.21.47;42.6526;-73.7562
63.106.21.48;63.106.21.255;48.99;-122.727
63.106.22.0;63.106.22.255;40.7128;-74.006
63.106.23.0;63.106.23.255;42.3601;-71.0589
63.106.24.0;63.106.24.127;34.1454;-118.134
63.106.24.128;63.106.25.255;42.3601;-71.0589
63.106.26.0;63.106.27.255;42.6526;-73.7562
63.106.28.0;63.106.28.255;42.3601;-71.0589
63.106.29.0;63.106.29.255;36.254;-115.295
63.106.30.0;63.106.32.255;42.3601;-71.0589
63.106.33.0;63.106.33.255;40.7128;-74.006
63.106.34.0;63.106.34.255;42.6526;-73.7562
63.106.35.0;63.106.36.255;40.7128;-74.006
63.106.37.0;63.106.37.255;33.6797;-117.84
63.106.38.0;63.106.38.255;42.3601;-71.0589
63.106.39.0;63.106.39.255;32.9626;-103.347
63.106.40.0;63.106.40.255;30.1198;-95.4846
63.106.41.0;63.106.41.255;42.6526;-73.7562
63.106.42.0;63.106.45.255;42.3601;-71.0589
63.106.46.0;63.106.46.247;29.6516;-82.3248
63.106.46.248;63.106.47.255;42.3601;-71.0589
63.106.48.0;63.106.48.255;40.7128;-74.006
63.106.49.0;63.106.49.255;40.8802;-74.2961
63.106.50.0;63.106.50.255;40.7128;-74.006
63.106.51.0;63.106.51.255;27.1977;-80.2336
63.106.52.0;63.106.53.255;42.3601;-71.0589
63.106.54.0;63.106.55.255;40.7128;-74.006
63.106.56.0;63.106.56.255;41.6586;-87.7412
63.106.57.0;63.106.57.255;42.3601;-71.0589
63.106.58.0;63.106.58.255;47.7518;-117.386
63.106.59.0;63.106.59.255;32.8667;-96.7686
63.106.60.0;63.106.60.255;40.7128;-74.006
63.106.61.0;63.106.62.255;42.3601;-71.0589
63.106.63.0;63.106.64.255;40.7128;-74.006
63.106.65.0;63.106.65.255;34.061;-118.415
63.106.66.0;63.106.66.255;33.9937;-81.104
63.106.67.0;63.106.67.255;29.9051;-95.3745
63.106.68.0;63.106.71.255;41.486;-87.4502
63.106.72.0;63.106.72.255;42.6526;-73.7562
63.106.73.0;63.106.73.255;42.3601;-71.0589
63.106.74.0;63.106.74.255;42.6996;-75.2339
63.106.75.0;63.106.75.255;42.3601;-71.0589
63.106.76.0;63.106.79.255;25.7312;-80.2368
63.106.80.0;63.106.80.255;42.2318;-83.7464
63.106.81.0;63.106.81.255;36.213;-115.251
63.106.82.0;63.106.84.207;42.3601;-71.0589
63.106.84.208;63.106.84.255;40.7164;-74.0334
63.106.85.0;63.106.85.255;42.6526;-73.7562
63.106.86.0;63.106.86.255;40.8049;-74.101
63.106.87.0;63.106.87.255;42.3601;-71.0589
63.106.88.0;63.106.89.255;30.0801;-81.8169
63.106.90.0;63.106.90.255;42.3601;-71.0589
63.106.91.0;63.106.91.255;42.0203;-87.849
63.106.92.0;63.106.92.255;34.1038;-118.151
63.106.93.0;63.106.93.255;42.3601;-71.0589
63.106.94.0;63.106.94.255;34.1763;-118.467
63.106.95.0;63.106.95.255;42.6148;-82.9933
63.106.96.0;63.106.96.255;42.3601;-71.0589
63.106.97.0;63.106.97.255;27.8252;-82.737
63.106.98.0;63.106.98.255;32.7048;-97.0446
63.106.99.0;63.106.99.255;42.6526;-73.7562
63.106.100.0;63.106.100.255;42.3601;-71.0589
63.106.101.0;63.106.101.255;42.6526;-73.7562
63.106.102.0;63.106.103.255;42.3601;-71.0589
63.106.104.0;63.106.104.255;33.6529;-117.278
63.106.105.0;63.106.105.255;42.3601;-71.0589
63.106.106.0;63.106.106.255;35.8917;-78.8589
63.106.107.0;63.106.108.255;40.7128;-74.006
63.106.109.0;63.106.109.255;39.0145;-77.4281
63.106.110.0;63.106.110.255;40.7589;-73.9809
63.106.111.0;63.106.111.255;42.3601;-71.0589
63.106.112.0;63.106.112.255;32.9845;-96.9238
63.106.113.0;63.106.113.255;42.3601;-71.0589
63.106.114.0;63.106.114.255;21.3073;-157.863
63.106.115.0;63.106.117.255;42.3601;-71.0589
63.106.118.0;63.106.118.255;40.7128;-74.006
63.106.119.0;63.106.119.255;41.8934;-87.6402
63.106.120.0;63.106.123.255;40.7452;-73.9937
63.106.124.0;63.106.124.255;27.8749;-82.7608
63.106.125.0;63.106.125.255;37.5251;-122.005
63.106.126.0;63.106.129.47;42.3601;-71.0589
63.106.129.48;63.106.129.255;25.6848;-80.4138
63.106.130.0;63.106.130.255;41.8272;-71.3825
63.106.131.0;63.106.131.255;42.3601;-71.0589
63.106.132.0;63.106.133.255;38.8937;-77.0144
63.106.134.0;63.106.137.255;42.3601;-71.0589
63.106.138.0;63.106.138.255;40.7128;-74.006
63.106.139.0;63.106.142.255;42.3601;-71.0589
63.106.143.0;63.106.143.255;40.7128;-74.006
63.106.144.0;63.106.145.255;42.3601;-71.0589
63.106.146.0;63.106.146.255;40.7128;-74.006
63.106.147.0;63.106.147.255;42.3601;-71.0589
63.106.148.0;63.106.148.255;40.7128;-74.006
63.106.149.0;63.106.149.255;42.3601;-71.0589
63.106.150.0;63.106.150.255;33.45;-112.076
63.106.151.0;63.106.152.255;42.3601;-71.0589
63.106.153.0;63.106.153.255;40.7128;-74.006
63.106.154.0;63.106.154.255;29.7457;-95.4731
63.106.155.0;63.106.155.255;29.4109;-81.1473
63.106.156.0;63.106.157.255;45.5485;-122.891
63.106.158.0;63.106.160.255;42.3601;-71.0589
63.106.161.0;63.106.161.255;40.7128;-74.006
63.106.162.0;63.106.162.255;42.6526;-73.7562
63.106.163.0;63.106.163.255;40.7128;-74.006
63.106.164.0;63.106.166.255;42.3601;-71.0589
63.106.167.0;63.106.168.255;40.7128;-74.006
63.106.169.0;63.106.169.255;42.3601;-71.0589
63.106.170.0;63.106.172.255;42.6526;-73.7562
63.106.173.0;63.106.173.255;42.3601;-71.0589
63.106.174.0;63.106.174.255;40.7128;-74.006
63.106.175.0;63.106.175.255;42.3601;-71.0589
63.106.176.0;63.106.176.255;41.5411;-87.4846
63.106.177.0;63.106.178.255;42.3601;-71.0589
63.106.179.0;63.106.180.255;40.7128;-74.006
63.106.181.0;63.106.184.255;42.3601;-71.0589
63.106.185.0;63.106.185.255;33.9045;-118.164
63.106.186.0;63.106.186.255;40.7128;-74.006
63.106.187.0;63.106.187.255;42.6526;-73.7562
63.106.188.0;63.106.190.255;42.3601;-71.0589
63.106.191.0;63.106.191.255;42.6526;-73.7562
63.106.192.0;63.106.192.255;42.3601;-71.0589
63.106.193.0;63.106.194.255;40.7128;-74.006
63.106.195.0;63.106.195.255;42.6526;-73.7562
63.106.196.0;63.106.197.255;42.3601;-71.0589
63.106.198.0;63.106.198.255;40.7128;-74.006
63.106.199.0;63.106.200.255;42.3601;-71.0589
63.106.201.0;63.106.201.255;40.7128;-74.006
63.106.202.0;63.106.202.255;42.3601;-71.0589
63.106.203.0;63.106.203.255;40.7128;-74.006
63.106.204.0;63.106.204.255;42.6526;-73.7562
63.106.205.0;63.106.205.255;42.3601;-71.0589
63.106.206.0;63.106.206.255;42.6526;-73.7562
63.106.207.0;63.106.207.255;42.3601;-71.0589
63.106.208.0;63.106.208.255;42.6526;-73.7562
63.106.209.0;63.106.210.255;42.3601;-71.0589
63.106.211.0;63.106.211.255;40.7128;-74.006
63.106.212.0;63.106.212.255;42.6526;-73.7562
63.106.213.0;63.106.215.255;42.3601;-71.0589
63.106.216.0;63.106.216.255;40.7128;-74.006
63.106.217.0;63.106.218.255;42.3601;-71.0589
63.106.219.0;63.106.219.255;40.7128;-74.006
63.106.220.0;63.106.221.255;42.3601;-71.0589
63.106.222.0;63.106.223.255;40.7128;-74.006
63.106.224.0;63.106.224.255;42.6526;-73.7562
63.106.225.0;63.106.226.255;42.3601;-71.0589
63.106.227.0;63.106.227.255;42.6526;-73.7562
63.106.228.0;63.106.228.255;42.3601;-71.0589
63.106.229.0;63.106.229.255;40.7128;-74.006
63.106.230.0;63.106.230.255;42.3601;-71.0589
63.106.231.0;63.106.231.255;40.7128;-74.006
63.106.232.0;63.106.234.255;42.3601;-71.0589
63.106.235.0;63.106.235.255;40.7128;-74.006
63.106.236.0;63.106.236.255;42.3601;-71.0589
63.106.237.0;63.106.237.255;42.6526;-73.7562
63.106.238.0;63.106.238.255;42.3601;-71.0589
63.106.239.0;63.106.239.255;42.6526;-73.7562
63.106.240.0;63.106.241.255;42.3601;-71.0589
63.106.242.0;63.106.242.255;40.7128;-74.006
63.106.243.0;63.106.243.255;42.3601;-71.0589
63.106.244.0;63.106.244.255;42.6526;-73.7562
63.106.245.0;63.106.247.255;42.3601;-71.0589
63.106.248.0;63.106.248.255;40.7128;-74.006
63.106.249.0;63.106.249.255;42.3601;-71.0589
63.106.250.0;63.106.252.255;40.7128;-74.006
63.106.253.0;63.107.1.255;42.3601;-71.0589
63.107.2.0;63.107.2.255;38.5754;-121.479
63.107.3.0;63.107.3.255;40.7128;-74.006
63.107.4.0;63.107.4.255;39.3395;-76.709
63.107.5.0;63.107.5.255;38.8611;-77.3368
63.107.6.0;63.107.6.255;42.3601;-71.0589
63.107.7.0;63.107.7.255;40.7128;-74.006
63.107.8.0;63.107.8.255;42.3601;-71.0589
63.107.9.0;63.107.9.255;42.6526;-73.7562
63.107.10.0;63.107.11.15;26.6397;-81.8763
63.107.11.16;63.107.11.255;26.4404;-82.0741
63.107.12.0;63.107.13.47;32.5087;-84.9539
63.107.13.48;63.107.13.255;37.3343;-121.896
63.107.14.0;63.107.14.255;32.5087;-84.9539
63.107.15.0;63.107.15.255;37.3984;-121.899
63.107.16.0;63.107.18.255;42.3601;-71.0589
63.107.19.0;63.107.19.255;29.602;-95.4598
63.107.20.0;63.107.20.255;42.2847;-71.5847
63.107.21.0;63.107.24.255;42.3601;-71.0589
63.107.25.0;63.107.25.255;40.7128;-74.006
63.107.26.0;63.107.26.255;42.3601;-71.0589
63.107.27.0;63.107.27.255;40.7128;-74.006
63.107.28.0;63.107.29.255;42.3601;-71.0589
63.107.30.0;63.107.30.255;34.091;-117.752
63.107.31.0;63.107.32.255;42.3601;-71.0589
63.107.33.0;63.107.33.255;40.7128;-74.006
63.107.34.0;63.107.34.255;42.3601;-71.0589
63.107.35.0;63.107.35.255;42.6526;-73.7562
63.107.36.0;63.107.37.255;40.7128;-74.006
63.107.38.0;63.107.39.255;42.3601;-71.0589
63.107.40.0;63.107.40.255;40.7128;-74.006
63.107.41.0;63.107.41.255;42.3601;-71.0589
63.107.42.0;63.107.42.255;40.7128;-74.006
63.107.43.0;63.107.43.255;42.3601;-71.0589
63.107.44.0;63.107.44.255;42.6526;-73.7562
63.107.45.0;63.107.45.255;42.3601;-71.0589
63.107.46.0;63.107.46.255;40.7128;-74.006
63.107.47.0;63.107.48.255;42.3601;-71.0589
63.107.49.0;63.107.49.255;40.7128;-74.006
63.107.50.0;63.107.50.255;42.3601;-71.0589
63.107.51.0;63.107.51.255;42.6526;-73.7562
63.107.52.0;63.107.54.255;42.3601;-71.0589
63.107.55.0;63.107.55.255;40.7128;-74.006
63.107.56.0;63.107.56.255;42.3601;-71.0589
63.107.57.0;63.107.57.255;42.6526;-73.7562
63.107.58.0;63.107.58.255;42.3601;-71.0589
63.107.59.0;63.107.59.255;40.7128;-74.006
63.107.60.0;63.107.61.255;42.3601;-71.0589
63.107.62.0;63.107.62.255;40.7128;-74.006
63.107.63.0;63.107.63.255;42.3601;-71.0589
63.107.64.0;63.107.64.255;40.7128;-74.006
63.107.65.0;63.107.71.255;42.3601;-71.0589
63.107.72.0;63.107.72.255;42.6526;-73.7562
63.107.73.0;63.107.73.255;40.7128;-74.006
63.107.74.0;63.107.75.255;42.3601;-71.0589
63.107.76.0;63.107.77.255;42.6526;-73.7562
63.107.78.0;63.107.80.255;42.3601;-71.0589
63.107.81.0;63.107.81.255;40.7128;-74.006
63.107.82.0;63.107.82.255;42.3601;-71.0589
63.107.83.0;63.107.83.255;42.6526;-73.7562
63.107.84.0;63.107.84.255;40.7128;-74.006
63.107.85.0;63.107.86.255;42.3601;-71.0589
63.107.87.0;63.107.88.255;40.7128;-74.006
63.107.89.0;63.107.89.255;42.3601;-71.0589
63.107.90.0;63.107.90.191;42.3464;-71.075
63.107.90.192;63.107.91.255;42.3601;-71.0589
63.107.92.0;63.107.92.255;40.7128;-74.006
63.107.93.0;63.107.93.255;42.3601;-71.0589
63.107.94.0;63.107.94.255;42.6526;-73.7562
63.107.95.0;63.107.95.255;26.1245;-80.1418
63.107.96.0;63.107.96.255;42.3601;-71.0589
63.107.97.0;63.107.97.255;33.6437;-117.718
63.107.98.0;63.107.98.255;42.3601;-71.0589
63.107.99.0;63.107.99.255;40.7128;-74.006
63.107.100.0;63.107.100.255;42.3601;-71.0589
63.107.101.0;63.107.101.255;42.6526;-73.7562
63.107.102.0;63.107.102.255;42.3601;-71.0589
63.107.103.0;63.107.103.255;40.7128;-74.006
63.107.104.0;63.107.104.255;32.861;-96.8054
63.107.105.0;63.107.105.255;40.7128;-74.006
63.107.106.0;63.107.106.255;42.3601;-71.0589
63.107.107.0;63.107.107.255;40.7128;-74.006
63.107.108.0;63.107.110.95;42.3601;-71.0589
63.107.110.96;63.107.110.255;33.6879;-117.865
63.107.111.0;63.107.112.255;40.7128;-74.006
63.107.113.0;63.107.113.255;42.3601;-71.0589
63.107.114.0;63.107.115.255;37.6892;-97.3437
63.107.116.0;63.107.116.255;42.3601;-71.0589
63.107.117.0;63.107.117.255;34.0554;-118.413
63.107.118.0;63.107.118.255;42.3601;-71.0589
63.107.119.0;63.107.119.255;40.7164;-74.0334
63.107.120.0;63.107.120.127;39.6951;-104.997
63.107.120.128;63.107.121.255;42.3601;-71.0589
63.107.122.0;63.107.122.255;40.7128;-74.006
63.107.123.0;63.107.123.255;37.5197;-120.851
63.107.124.0;63.107.124.255;40.7128;-74.006
63.107.125.0;63.107.125.255;42.3601;-71.0589
63.107.126.0;63.107.126.255;40.7128;-74.006
63.107.127.0;63.107.128.255;42.3601;-71.0589
63.107.129.0;63.107.129.255;40.7128;-74.006
63.107.130.0;63.107.130.255;42.3601;-71.0589
63.107.131.0;63.107.132.255;40.7128;-74.006
63.107.133.0;63.107.133.255;37.3882;-122.04
63.107.134.0;63.107.134.255;37.7842;-121.967
63.107.135.0;63.107.135.255;40.4365;-80.1451
63.107.136.0;63.107.137.255;40.7307;-74.0649
63.107.138.0;63.107.138.127;33.1008;-97.254
63.107.138.128;63.107.140.255;42.3601;-71.0589
63.107.141.0;63.107.141.255;40.7128;-74.006
63.107.142.0;63.107.143.255;42.3601;-71.0589
63.107.144.0;63.107.144.255;40.7128;-74.006
63.107.145.0;63.107.145.255;42.6526;-73.7562
63.107.146.0;63.107.147.255;42.3601;-71.0589
63.107.148.0;63.107.150.255;40.7128;-74.006
63.107.151.0;63.107.151.255;42.3601;-71.0589
63.107.152.0;63.107.153.255;40.7128;-74.006
63.107.154.0;63.107.154.255;42.3601;-71.0589
63.107.155.0;63.107.156.255;40.7128;-74.006
63.107.157.0;63.107.158.255;42.3601;-71.0589
63.107.159.0;63.107.160.255;42.6526;-73.7562
63.107.161.0;63.107.161.255;40.7128;-74.006
63.107.162.0;63.107.168.79;42.3601;-71.0589
63.107.168.80;63.107.168.223;40.6197;-73.964
63.107.168.224;63.107.171.255;42.3601;-71.0589
63.107.172.0;63.107.172.127;42.5468;-83.1485
63.107.172.128;63.107.173.255;42.3601;-71.0589
63.107.174.0;63.107.174.255;41.0664;-74.1195
63.107.175.0;63.107.175.255;42.3601;-71.0589
63.107.176.0;63.107.176.255;34.6036;-98.3959
63.107.177.0;63.107.177.255;42.6526;-73.7562
63.107.178.0;63.107.181.255;42.3601;-71.0589
63.107.182.0;63.107.182.255;40.8066;-74.1035
63.107.183.0;63.107.183.255;42.3601;-71.0589
63.107.184.0;63.107.185.255;31.696;-98.1268
63.107.186.0;63.107.186.255;42.3601;-71.0589
63.107.187.0;63.107.187.255;47.616;-122.342
63.107.188.0;63.107.188.255;42.6526;-73.7562
63.107.189.0;63.107.198.255;42.3601;-71.0589
63.107.199.0;63.107.199.255;40.7128;-74.006
63.107.200.0;63.107.200.255;42.6526;-73.7562
63.107.201.0;63.107.201.255;42.3601;-71.0589
63.107.202.0;63.107.202.255;42.6526;-73.7562
63.107.203.0;63.107.208.255;42.3601;-71.0589
63.107.209.0;63.107.209.255;29.6969;-91.2042
63.107.210.0;63.107.210.255;40.7128;-74.006
63.107.211.0;63.107.211.255;42.6526;-73.7562
63.107.212.0;63.107.212.255;42.3601;-71.0589
63.107.213.0;63.107.213.255;40.7128;-74.006
63.107.214.0;63.107.215.255;29.6969;-91.2042
63.107.216.0;63.107.217.255;42.3601;-71.0589
63.107.218.0;63.107.218.63;26.0837;-80.1284
63.107.218.64;63.107.219.255;42.3601;-71.0589
63.107.220.0;63.107.221.255;42.3512;-71.0487
63.107.222.0;63.107.222.255;40.7128;-74.006
63.107.223.0;63.107.223.255;42.6526;-73.7562
63.107.224.0;63.107.225.255;46.5979;-120.517
63.107.226.0;63.107.226.255;43.6823;-72.3014
63.107.227.0;63.107.227.255;37.3493;-122.051
63.107.228.0;63.107.228.255;42.3601;-71.0589
63.107.229.0;63.107.229.255;38.9366;-77.1814
63.107.230.0;63.107.230.255;38.8882;-77.0929
63.107.231.0;63.107.232.63;40.7128;-74.006
63.107.232.64;63.107.232.255;39.1334;-76.793
63.107.233.0;63.107.235.255;42.3601;-71.0589
63.107.236.0;63.107.237.255;41.5058;-81.6889
63.107.238.0;63.107.238.255;40.7128;-74.006
63.107.239.0;63.107.239.255;42.6526;-73.7562
63.107.240.0;63.107.241.255;40.7128;-74.006
63.107.242.0;63.107.242.255;42.6526;-73.7562
63.107.243.0;63.107.243.255;42.3601;-71.0589
63.107.244.0;63.107.244.255;47.6126;-122.338
63.107.245.0;63.107.246.255;42.3601;-71.0589
63.107.247.0;63.107.247.255;42.6526;-73.7562
63.107.248.0;63.107.249.255;42.3601;-71.0589
63.107.250.0;63.107.251.255;40.7128;-74.006
63.107.252.0;63.107.252.255;42.6526;-73.7562
63.107.253.0;63.107.253.255;42.3601;-71.0589
63.107.254.0;63.107.254.255;40.7128;-74.006
63.107.255.0;63.108.0.255;42.6526;-73.7562
63.108.1.0;63.108.1.255;40.7128;-74.006
63.108.2.0;63.108.2.255;32.8797;-96.6084
63.108.3.0;63.108.3.255;40.74;-73.9893
63.108.4.0;63.108.4.255;40.7128;-74.006
63.108.5.0;63.108.7.255;42.3601;-71.0589
63.108.8.0;63.108.9.255;32.5421;-94.3638
63.108.10.0;63.108.11.255;40.7128;-74.006
63.108.12.0;63.108.13.255;42.3601;-71.0589
63.108.14.0;63.108.14.255;39.4182;-76.6669
63.108.15.0;63.108.15.255;37.7885;-122.397
63.108.16.0;63.108.17.255;32.8073;-96.8688
63.108.18.0;63.108.18.255;40.7128;-74.006
63.108.19.0;63.108.19.255;42.3601;-71.0589
63.108.20.0;63.108.21.127;42.6526;-73.7562
63.108.21.128;63.108.21.255;44.8616;-93.4254
63.108.22.0;63.108.22.255;40.7128;-74.006
63.108.23.0;63.108.23.255;42.6526;-73.7562
63.108.24.0;63.108.24.255;33.7165;-117.835
63.108.25.0;63.108.25.255;40.7128;-74.006
63.108.26.0;63.108.27.255;40.4299;-79.9969
63.108.28.0;63.108.28.255;42.6526;-73.7562
63.108.29.0;63.108.29.255;42.3601;-71.0589
63.108.30.0;63.108.30.255;32.9217;-96.7671
63.108.31.0;63.108.31.255;42.3601;-71.0589
63.108.32.0;63.108.32.255;33.1156;-117.317
63.108.33.0;63.108.33.255;42.3601;-71.0589
63.108.34.0;63.108.34.255;33.8943;-84.1394
63.108.35.0;63.108.35.255;40.7128;-74.006
63.108.36.0;63.108.36.255;42.3601;-71.0589
63.108.37.0;63.108.37.255;37.5696;-122.28
63.108.38.0;63.108.38.255;42.3601;-71.0589
63.108.39.0;63.108.40.255;40.7128;-74.006
63.108.41.0;63.108.41.255;32.9488;-96.9329
63.108.42.0;63.108.42.15;39.6361;-77.7113
63.108.42.16;63.108.47.255;42.3601;-71.0589
63.108.48.0;63.108.48.255;32.8759;-117.207
63.108.49.0;63.108.49.255;40.7128;-74.006
63.108.50.0;63.108.50.255;42.3601;-71.0589
63.108.51.0;63.108.51.255;42.6526;-73.7562
63.108.52.0;63.108.52.255;40.7128;-74.006
63.108.53.0;63.108.53.255;42.3601;-71.0589
63.108.54.0;63.108.54.255;25.8136;-80.1321
63.108.55.0;63.108.56.255;42.3601;-71.0589
63.108.57.0;63.108.57.255;40.7128;-74.006
63.108.58.0;63.108.59.63;42.3601;-71.0589
63.108.59.64;63.108.59.255;41.9727;-87.9491
63.108.60.0;63.108.60.255;42.6526;-73.7562
63.108.61.0;63.108.61.255;40.7128;-74.006
63.108.62.0;63.108.62.255;42.7313;-83.2463
63.108.63.0;63.108.63.255;40.7128;-74.006
63.108.64.0;63.108.65.255;42.3601;-71.0589
63.108.66.0;63.108.66.255;35.222;-101.831
63.108.67.0;63.108.68.255;42.3601;-71.0589
63.108.69.0;63.108.69.255;26.2747;-80.1206
63.108.70.0;63.108.70.255;42.3601;-71.0589
63.108.71.0;63.108.71.255;40.5757;-111.892
63.108.72.0;63.108.72.255;38.9672;-77.2609
63.108.73.0;63.108.73.255;42.6526;-73.7562
63.108.74.0;63.108.74.255;40.7128;-74.006
63.108.75.0;63.108.75.255;42.3601;-71.0589
63.108.76.0;63.108.76.255;43.2419;-87.921
63.108.77.0;63.108.77.255;42.3601;-71.0589
63.108.78.0;63.108.78.255;42.6526;-73.7562
63.108.79.0;63.108.79.255;33.6902;-117.858
63.108.80.0;63.108.80.255;40.7128;-74.006
63.108.81.0;63.108.81.255;42.6526;-73.7562
63.108.82.0;63.108.83.255;39.1026;-94.5857
63.108.84.0;63.108.84.255;42.3601;-71.0589
63.108.85.0;63.108.85.255;40.7128;-74.006
63.108.86.0;63.108.86.255;42.2124;-71.1505
63.108.87.0;63.108.87.255;42.6526;-73.7562
63.108.88.0;63.108.88.255;39.0438;-77.4874
63.108.89.0;63.108.90.255;30.3322;-81.6556
63.108.91.0;63.108.91.255;38.9586;-77.357
63.108.92.0;63.108.92.255;30.3322;-81.6556
63.108.93.0;63.108.94.255;39.0438;-77.4874
63.108.95.0;63.108.95.255;30.3322;-81.6556
63.108.96.0;63.108.97.255;39.3565;-76.6252
63.108.98.0;63.108.98.255;40.7128;-74.006
63.108.99.0;63.108.100.255;42.3601;-71.0589
63.108.101.0;63.108.101.255;38.2761;-85.5045
63.108.102.0;63.108.102.255;40.7128;-74.006
63.108.103.0;63.108.103.255;42.6526;-73.7562
63.108.104.0;63.108.104.255;25.7754;-80.1917
63.108.105.0;63.108.105.255;38.9949;-77.0315
63.108.106.0;63.108.106.255;42.1619;-88.1531
63.108.107.0;63.108.109.255;42.3601;-71.0589
63.108.110.0;63.108.110.255;40.7128;-74.006
63.108.111.0;63.108.111.255;42.3601;-71.0589
63.108.112.0;63.108.119.255;37.398;-121.984
63.108.120.0;63.108.123.255;40.7522;-73.9787
63.108.124.0;63.108.124.255;40.7128;-74.006
63.108.125.0;63.108.125.255;37.3988;-121.91
63.108.126.0;63.108.127.255;42.3601;-71.0589
63.108.128.0;63.108.131.255;34.7402;-86.5977
63.108.132.0;63.108.132.255;42.3601;-71.0589
63.108.133.0;63.108.133.255;40.7128;-74.006
63.108.134.0;63.108.134.255;42.3601;-71.0589
63.108.135.0;63.108.135.255;40.7128;-74.006
63.108.136.0;63.108.138.255;39.0438;-77.4874
63.108.139.0;63.108.141.255;42.3601;-71.0589
63.108.142.0;63.108.142.255;32.8939;-96.9654
63.108.143.0;63.108.143.255;40.7128;-74.006
63.108.144.0;63.108.144.255;42.6526;-73.7562
63.108.145.0;63.108.145.255;42.3601;-71.0589
63.108.146.0;63.108.147.255;42.6526;-73.7562
63.108.148.0;63.108.148.255;40.7128;-74.006
63.108.149.0;63.108.149.255;42.3601;-71.0589
63.108.150.0;63.108.150.255;40.7128;-74.006
63.108.151.0;63.108.151.255;42.6526;-73.7562
63.108.152.0;63.108.152.255;42.3601;-71.0589
63.108.153.0;63.108.153.255;40.7128;-74.006
63.108.154.0;63.108.156.255;42.3601;-71.0589
63.108.157.0;63.108.157.255;42.6526;-73.7562
63.108.158.0;63.108.158.255;42.3601;-71.0589
63.108.159.0;63.108.159.255;40.7128;-74.006
63.108.160.0;63.108.160.255;42.3601;-71.0589
63.108.161.0;63.108.161.255;40.7128;-74.006
63.108.162.0;63.108.162.255;41.8824;-87.6326
63.108.163.0;63.108.163.255;40.7128;-74.006
63.108.164.0;63.108.165.255;47.3005;-122.235
63.108.166.0;63.108.166.255;33.927;-84.3815
63.108.167.0;63.108.167.255;42.3601;-71.0589
63.108.168.0;63.108.168.255;42.6526;-73.7562
63.108.169.0;63.108.169.255;40.7128;-74.006
63.108.170.0;63.108.171.255;42.3601;-71.0589
63.108.172.0;63.108.172.255;37.4118;-121.942
63.108.173.0;63.108.174.63;42.3601;-71.0589
63.108.174.64;63.108.174.255;39.1191;-94.6569
63.108.175.0;63.108.175.255;32.1735;-110.914
63.108.176.0;63.108.176.255;42.6526;-73.7562
63.108.177.0;63.108.177.255;42.9119;-85.5904
63.108.178.0;63.108.178.255;39.2111;-76.8849
63.108.179.0;63.108.180.255;42.3601;-71.0589
63.108.181.0;63.108.182.63;40.7128;-74.006
63.108.182.64;63.108.182.255;34.0015;-117.375
63.108.183.0;63.108.183.255;42.3601;-71.0589
63.108.184.0;63.108.184.255;40.7128;-74.006
63.108.185.0;63.108.189.63;42.3601;-71.0589
63.108.189.64;63.108.189.191;40.7623;-73.975
63.108.189.192;63.108.190.255;42.3601;-71.0589
63.108.191.0;63.108.191.199;41.4822;-81.8334
63.108.191.200;63.108.192.255;42.3601;-71.0589
63.108.193.0;63.108.194.255;40.7128;-74.006
63.108.195.0;63.108.202.255;42.3601;-71.0589
63.108.203.0;63.108.203.255;42.6526;-73.7562
63.108.204.0;63.108.206.255;42.3601;-71.0589
63.108.207.0;63.108.207.255;42.6526;-73.7562
63.108.208.0;63.108.209.255;42.3601;-71.0589
63.108.210.0;63.108.210.255;39.291;-76.6168
63.108.211.0;63.108.211.255;40.7128;-74.006
63.108.212.0;63.108.212.255;39.0113;-77.4713
63.108.213.0;63.108.213.255;40.7128;-74.006
63.108.214.0;63.108.214.255;42.6526;-73.7562
63.108.215.0;63.108.215.255;42.3601;-71.0589
63.108.216.0;63.108.223.255;40.5482;-74.4807
63.108.224.0;63.108.224.255;42.6526;-73.7562
63.108.225.0;63.108.225.255;42.0248;-93.6172
63.108.226.0;63.108.226.255;40.8916;-74.3708
63.108.227.0;63.108.227.255;39.7698;-104.91
63.108.228.0;63.108.228.255;42.3601;-71.0589
63.108.229.0;63.108.229.255;42.6526;-73.7562
63.108.230.0;63.108.230.255;29.9518;-90.0697
63.108.231.0;63.108.231.255;40.7128;-74.006
63.108.232.0;63.108.233.255;42.3601;-71.0589
63.108.234.0;63.108.235.255;40.7128;-74.006
63.108.236.0;63.108.236.255;42.3601;-71.0589
63.108.237.0;63.108.237.255;37.6583;-121.037
63.108.238.0;63.108.239.95;42.3601;-71.0589
63.108.239.96;63.108.239.255;30.8409;-83.9757
63.108.240.0;63.108.240.255;33.4018;-84.5941
63.108.241.0;63.108.241.255;37.8001;-122.401
63.108.242.0;63.108.242.255;40.7128;-74.006
63.108.243.0;63.108.244.255;42.3601;-71.0589
63.108.245.0;63.108.246.255;40.7128;-74.006
63.108.247.0;63.108.248.255;42.6526;-73.7562
63.108.249.0;63.108.250.255;42.3601;-71.0589
63.108.251.0;63.108.251.255;40.7128;-74.006
63.108.252.0;63.108.252.127;34.0989;-118.287
63.108.252.128;63.108.253.255;42.3601;-71.0589
63.108.254.0;63.108.254.119;33.6797;-117.84
63.108.254.120;63.108.255.255;42.3601;-71.0589
63.109.0.0;63.109.0.255;40.7128;-74.006
63.109.1.0;63.109.2.255;42.3601;-71.0589
63.109.3.0;63.109.3.255;40.7128;-74.006
63.109.4.0;63.109.5.127;42.3601;-71.0589
63.109.5.128;63.109.5.255;41.3569;-72.0964
63.109.6.0;63.109.6.255;40.7128;-74.006
63.109.7.0;63.109.7.159;34.1011;-118.341
63.109.7.160;63.109.9.255;40.7128;-74.006
63.109.10.0;63.109.10.255;42.6526;-73.7562
63.109.11.0;63.109.12.255;42.3601;-71.0589
63.109.13.0;63.109.13.255;42.6526;-73.7562
63.109.14.0;63.109.14.255;40.7128;-74.006
63.109.15.0;63.109.15.255;39.7392;-104.99
63.109.16.0;63.109.16.255;38.7276;-77.1885
63.109.17.0;63.109.17.255;42.3601;-71.0589
63.109.18.0;63.109.18.255;40.7128;-74.006
63.109.19.0;63.109.19.255;42.6526;-73.7562
63.109.20.0;63.109.20.255;42.3601;-71.0589
63.109.21.0;63.109.22.31;40.7128;-74.006
63.109.22.32;63.109.22.255;46.6314;-122.933
63.109.23.0;63.109.24.151;42.3601;-71.0589
63.109.24.152;63.109.24.255;25.9496;-80.1529
63.109.25.0;63.109.27.151;42.3601;-71.0589
63.109.27.152;63.109.27.255;38.8202;-104.742
63.109.28.0;63.109.28.127;33.9862;-118.385
63.109.28.128;63.109.29.255;42.3601;-71.0589
63.109.30.0;63.109.30.255;28.6365;-81.3911
63.109.31.0;63.109.31.255;40.7128;-74.006
63.109.32.0;63.109.32.255;26.3593;-80.1032
63.109.33.0;63.109.33.223;32.7842;-97.2553
63.109.33.224;63.109.34.255;42.3601;-71.0589
63.109.35.0;63.109.35.255;40.7128;-74.006
63.109.36.0;63.109.37.31;42.3601;-71.0589
63.109.37.32;63.109.37.255;41.5396;-87.651
63.109.38.0;63.109.38.255;26.6397;-81.8763
63.109.39.0;63.109.39.255;42.2406;-88.0046
63.109.40.0;63.109.40.255;42.3601;-71.0589
63.109.41.0;63.109.41.255;30.2645;-97.7423
63.109.42.0;63.109.42.255;42.3601;-71.0589
63.109.43.0;63.109.43.255;29.0033;-81.3035
63.109.44.0;63.109.45.255;26.6397;-81.8763
63.109.46.0;63.109.46.255;42.3601;-71.0589
63.109.47.0;63.109.47.255;40.7128;-74.006
63.109.48.0;63.109.49.255;42.3699;-71.0771
63.109.50.0;63.109.50.255;42.3601;-71.0589
63.109.51.0;63.109.51.239;38.6517;-121.48
63.109.51.240;63.109.52.255;40.7128;-74.006
63.109.53.0;63.109.53.255;39.9481;-75.1435
63.109.54.0;63.109.54.255;38.9942;-77.4221
63.109.55.0;63.109.55.255;42.3601;-71.0589
63.109.56.0;63.109.56.255;42.6526;-73.7562
63.109.57.0;63.109.57.255;42.9119;-85.5904
63.109.58.0;63.109.58.255;42.3601;-71.0589
63.109.59.0;63.109.59.255;35.8226;-78.6066
63.109.60.0;63.109.60.255;40.7128;-74.006
63.109.61.0;63.109.61.255;42.3601;-71.0589
63.109.62.0;63.109.62.255;42.6526;-73.7562
63.109.63.0;63.109.63.255;42.3601;-71.0589
63.109.64.0;63.109.65.255;25.6405;-80.3332
63.109.66.0;63.109.68.255;-0.171056;-78.4849
63.109.69.0;63.109.69.255;25.7881;-80.3236
63.109.70.0;63.109.70.255;-12.0947;-77.0361
63.109.71.0;63.109.72.255;25.7881;-80.3236
63.109.73.0;63.109.73.255;-0.171056;-78.4849
63.109.74.0;63.109.75.255;25.7881;-80.3236
63.109.76.0;63.109.77.255;-0.205108;-78.5094
63.109.78.0;63.109.79.255;25.7881;-80.3236
63.109.80.0;63.109.80.255;42.3601;-71.0589
63.109.81.0;63.109.81.255;38.8945;-77.0209
63.109.82.0;63.109.82.255;41.8801;-87.6281
63.109.83.0;63.109.83.255;41.6923;-72.8668
63.109.84.0;63.109.84.255;42.3601;-71.0589
63.109.85.0;63.109.85.255;34.0074;-118.49
63.109.86.0;63.109.86.255;41.9314;-87.6769
63.109.87.0;63.109.89.127;42.3601;-71.0589
63.109.89.128;63.109.89.255;26.7153;-80.0534
63.109.90.0;63.109.90.255;42.3601;-71.0589
63.109.91.0;63.109.91.255;38.9522;-104.791
63.109.92.0;63.109.93.255;42.3601;-71.0589
63.109.94.0;63.109.94.127;42.3607;-83.0676
63.109.94.128;63.109.95.255;42.3601;-71.0589
63.109.96.0;63.109.96.255;40.7128;-74.006
63.109.97.0;63.109.97.255;44.176;-93.9439
63.109.98.0;63.109.98.255;42.3601;-71.0589
63.109.99.0;63.109.99.255;29.9168;-90.0651
63.109.100.0;63.109.100.255;40.7128;-74.006
63.109.101.0;63.109.101.255;39.8245;-77.258
63.109.102.0;63.109.104.255;42.3601;-71.0589
63.109.105.0;63.109.105.255;42.6526;-73.7562
63.109.106.0;63.109.106.255;34.1629;-118.597
63.109.107.0;63.109.108.255;42.3601;-71.0589
63.109.109.0;63.109.109.255;40.7128;-74.006
63.109.110.0;63.109.110.255;42.3601;-71.0589
63.109.111.0;63.109.111.255;32.8073;-96.8688
63.109.112.0;63.109.112.255;42.3601;-71.0589
63.109.113.0;63.109.113.255;40.7128;-74.006
63.109.114.0;63.109.114.255;42.3601;-71.0589
63.109.115.0;63.109.115.255;40.7128;-74.006
63.109.116.0;63.109.119.159;42.3601;-71.0589
63.109.119.160;63.109.119.255;28.2341;-82.3521
63.109.120.0;63.109.120.255;42.6526;-73.7562
63.109.121.0;63.109.122.255;42.3601;-71.0589
63.109.123.0;63.109.124.255;40.7128;-74.006
63.109.125.0;63.109.125.95;42.3241;-71.2537
63.109.125.96;63.109.127.255;42.3601;-71.0589
63.109.128.0;63.109.128.255;40.7128;-74.006
63.109.129.0;63.109.129.255;42.3601;-71.0589
63.109.130.0;63.109.130.255;42.8046;-71.4851
63.109.131.0;63.109.133.191;42.3601;-71.0589
63.109.133.192;63.109.133.255;42.3464;-71.075
63.109.134.0;63.109.134.255;39.0113;-77.4713
63.109.135.0;63.109.135.255;38.8697;-77.2367
63.109.136.0;63.109.137.63;42.3464;-71.075
63.109.137.64;63.109.139.255;42.3601;-71.0589
63.109.140.0;63.109.142.255;40.7128;-74.006
63.109.143.0;63.109.145.255;42.3601;-71.0589
63.109.146.0;63.109.146.255;40.7128;-74.006
63.109.147.0;63.109.147.255;42.3601;-71.0589
63.109.148.0;63.109.148.255;38.8644;-77.23
63.109.149.0;63.109.150.63;42.3601;-71.0589
63.109.150.64;63.109.150.127;42.3464;-71.075
63.109.150.128;63.109.154.255;42.3601;-71.0589
63.109.155.0;63.109.155.255;42.6526;-73.7562
63.109.156.0;63.109.156.255;40.7128;-74.006
63.109.157.0;63.109.157.255;39.0768;-77.6536
63.109.158.0;63.109.158.255;42.3601;-71.0589
63.109.159.0;63.109.159.255;40.7128;-74.006
63.109.160.0;63.109.191.255;37.5693;-122.277
63.109.192.0;63.109.195.255;42.3601;-71.0589
63.109.196.0;63.109.196.255;40.7128;-74.006
63.109.197.0;63.109.198.255;42.3601;-71.0589
63.109.199.0;63.109.199.255;40.7128;-74.006
63.109.200.0;63.109.200.255;42.6526;-73.7562
63.109.201.0;63.109.201.255;40.7128;-74.006
63.109.202.0;63.109.203.255;42.3601;-71.0589
63.109.204.0;63.109.204.255;40.7128;-74.006
63.109.205.0;63.109.205.255;42.6526;-73.7562
63.109.206.0;63.109.207.255;40.7128;-74.006
63.109.208.0;63.109.208.255;42.3601;-71.0589
63.109.209.0;63.109.210.127;40.7128;-74.006
63.109.210.128;63.109.210.255;34.2203;-118.234
63.109.211.0;63.109.213.255;42.3601;-71.0589
63.109.214.0;63.109.214.255;40.7128;-74.006
63.109.215.0;63.109.215.255;42.3601;-71.0589
63.109.216.0;63.109.216.255;40.6168;-80.5373
63.109.217.0;63.109.217.255;40.0899;-75.4116
63.109.218.0;63.109.218.255;40.7128;-74.006
63.109.219.0;63.109.219.255;42.2568;-84.3821
63.109.220.0;63.109.220.255;42.3492;-90.007
63.109.221.0;63.109.221.255;33.912;-84.3506
63.109.222.0;63.109.222.255;38.9714;-77.3851
63.109.223.0;63.109.224.223;42.3601;-71.0589
63.109.224.224;63.109.224.255;40.7699;-73.4179
63.109.225.0;63.109.225.255;40.5025;-74.3571
63.109.226.0;63.109.227.255;42.3601;-71.0589
63.109.228.0;63.109.228.255;40.7128;-74.006
63.109.229.0;63.109.229.255;47.3026;-122.326
63.109.230.0;63.109.230.255;40.7301;-73.9918
63.109.231.0;63.109.231.255;42.3601;-71.0589
63.109.232.0;63.109.232.255;40.7128;-74.006
63.109.233.0;63.109.233.255;42.3601;-71.0589
63.109.234.0;63.109.234.255;40.7128;-74.006
63.109.235.0;63.109.235.255;42.6526;-73.7562
63.109.236.0;63.109.236.255;42.3034;-71.4789
63.109.237.0;63.109.237.255;42.3601;-71.0589
63.109.238.0;63.109.238.255;40.7128;-74.006
63.109.239.0;63.109.239.255;42.6526;-73.7562
63.109.240.0;63.109.244.255;38.3231;-77.459
63.109.245.0;63.109.245.255;38.7839;-77.5722
63.109.246.0;63.109.246.255;33.8794;35.5157
63.109.247.0;63.109.247.255;42.3601;-71.0589
63.109.248.0;63.109.248.255;33.8794;35.5157
63.109.249.0;63.109.249.255;38.7839;-77.5722
63.109.250.0;63.109.255.255;38.3231;-77.459
63.110.0.0;63.110.0.255;42.3601;-71.0589
63.110.1.0;63.110.1.255;40.7128;-74.006
63.110.2.0;63.110.2.255;37.6936;-122.167
63.110.3.0;63.110.3.255;35.9753;-105.336
63.110.4.0;63.110.7.255;43.1627;-76.3283
63.110.8.0;63.110.8.255;42.6526;-73.7562
63.110.9.0;63.110.9.255;34.1628;-118.831
63.110.10.0;63.110.10.255;36.0634;-115.271
63.110.11.0;63.110.11.255;38.9364;-119.737
63.110.12.0;63.110.12.255;31.423;-100.441
63.110.13.0;63.110.13.255;40.7565;-73.9825
63.110.14.0;63.110.14.255;34.0473;-118.257
63.110.15.0;63.110.15.255;32.9599;-96.7043
63.110.16.0;63.110.16.255;33.5499;-116.671
63.110.17.0;63.110.17.255;35.1553;-106.595
63.110.18.0;63.110.19.255;34.1422;-118.016
63.110.20.0;63.110.20.255;38.8402;-119.358
63.110.21.0;63.110.21.255;33.2747;-111.888
63.110.22.0;63.110.23.255;36.1951;-115.25
63.110.24.0;63.110.25.255;42.3601;-71.0589
63.110.26.0;63.110.26.255;39.7551;-75.6263
63.110.27.0;63.110.27.255;33.6978;-117.839
63.110.28.0;63.110.29.255;37.8532;-122.294
63.110.30.0;63.110.31.255;42.3601;-71.0589
63.110.32.0;63.110.33.255;33.7962;-117.875
63.110.34.0;63.110.34.255;33.3856;-111.687
63.110.35.0;63.110.36.255;33.5503;-111.922
63.110.37.0;63.110.37.255;34.0712;-117.884
63.110.38.0;63.110.38.255;40.0836;-74.9166
63.110.39.0;63.110.39.255;33.6634;-116.31
63.110.40.0;63.110.43.255;41.5058;-81.6889
63.110.44.0;63.110.44.255;34.0549;-118.243
63.110.45.0;63.110.45.255;34.4463;-118.627
63.110.46.0;63.110.46.255;45.0027;-93.2124
63.110.47.0;63.110.47.255;34.1007;-118.335
63.110.48.0;63.110.48.255;34.0549;-118.243
63.110.49.0;63.110.49.255;37.3235;-122.021
63.110.50.0;63.110.50.255;37.7946;-122.401
63.110.51.0;63.110.51.255;42.3601;-71.0589
63.110.52.0;63.110.52.255;34.0635;-118.369
63.110.53.0;63.110.53.255;33.6135;-84.4478
63.110.54.0;63.110.54.255;34.0479;-118.255
63.110.55.0;63.110.55.255;40.3423;-74.4787
63.110.56.0;63.110.56.255;34.0479;-118.255
63.110.57.0;63.110.57.255;33.9832;-118.162
63.110.58.0;63.110.58.255;41.2926;-81.4394
63.110.59.0;63.110.59.255;33.9537;-118.158
63.110.60.0;63.110.60.255;37.2415;-121.783
63.110.61.0;63.110.61.255;33.4241;-111.897
63.110.62.0;63.110.62.255;47.5813;-122.155
63.110.63.0;63.110.63.255;33.9978;-118.398
63.110.64.0;63.110.64.255;33.4028;-111.994
63.110.65.0;63.110.65.255;33.7761;-117.864
63.110.66.0;63.110.66.255;42.3601;-71.0589
63.110.67.0;63.110.67.255;33.81;-118.135
63.110.68.0;63.110.68.255;36.1186;-86.7668
63.110.69.0;63.110.69.255;40.0836;-74.9166
63.110.70.0;63.110.70.255;34.0877;-118.476
63.110.71.0;63.110.71.255;33.9736;-117.603
63.110.72.0;63.110.72.255;35.1805;-111.663
63.110.73.0;63.110.73.255;40.7128;-74.006
63.110.74.0;63.110.74.255;36.1186;-86.7668
63.110.75.0;63.110.75.255;42.6526;-73.7562
63.110.76.0;63.110.76.255;33.8354;-118.351
63.110.77.0;63.110.77.255;36.1186;-86.7668
63.110.78.0;63.110.78.255;33.6129;-111.917
63.110.79.0;63.110.79.255;40.7128;-74.006
63.110.80.0;63.110.80.255;33.4544;-111.976
63.110.81.0;63.110.81.255;32.9894;-117.081
63.110.82.0;63.110.82.255;36.1157;-115.132
63.110.83.0;63.110.83.255;34.0258;-118.379
63.110.84.0;63.110.84.255;33.9754;-118.443
63.110.85.0;63.110.85.255;42.6526;-73.7562
63.110.86.0;63.110.86.255;36.1186;-86.7668
63.110.87.0;63.110.87.255;42.3601;-71.0589
63.110.88.0;63.110.88.255;32.5093;-92.1193
63.110.89.0;63.110.89.255;41.9776;-87.6817
63.110.90.0;63.110.90.255;40.0086;-75.2134
63.110.91.0;63.110.91.255;37.4559;-122.165
63.110.92.0;63.110.92.255;42.6526;-73.7562
63.110.93.0;63.110.93.255;21.3075;-157.864
63.110.94.0;63.110.94.255;38.9838;-77.0957
63.110.95.0;63.110.95.255;42.3601;-71.0589
63.110.96.0;63.110.97.255;39.6059;-104.89
63.110.98.0;63.110.98.255;42.3601;-71.0589
63.110.99.0;63.110.99.255;34.0606;-118.415
63.110.100.0;63.110.100.255;34.1005;-118.004
63.110.101.0;63.110.101.255;34.1549;-118.467
63.110.102.0;63.110.103.255;34.0549;-118.243
63.110.104.0;63.110.104.255;38.9366;-77.1814
63.110.105.0;63.110.105.255;37.521;-122.256
63.110.106.0;63.110.106.255;33.919;-118.395
63.110.107.0;63.110.107.255;42.0435;-71.2353
63.110.108.0;63.110.109.255;34.2117;-118.479
63.110.110.0;63.110.110.255;38.7892;-77.0686
63.110.111.0;63.110.111.255;33.9801;-118.104
63.110.112.0;63.110.112.255;42.6526;-73.7562
63.110.113.0;63.110.113.255;34.0522;-118.44
63.110.114.0;63.110.114.255;34.1981;-119.143
63.110.115.0;63.110.115.255;32.9501;-117.106
63.110.116.0;63.110.116.255;37.2801;-109.295
63.110.117.0;63.110.117.255;42.3601;-71.0589
63.110.118.0;63.110.118.255;33.2769;-111.893
63.110.119.0;63.110.119.255;33.9947;-117.878
63.110.120.0;63.110.120.255;32.5177;-116.994
63.110.121.0;63.110.121.255;32.5967;-115.398
63.110.122.0;63.110.122.255;32.4854;-116.934
63.110.123.0;63.110.123.255;32.5176;-117.015
63.110.124.0;63.110.125.255;38.9541;-77.4282
63.110.126.0;63.110.127.7;39.0677;-77.1569
63.110.127.8;63.110.127.255;38.9541;-77.4282
63.110.128.0;63.110.143.255;33.6797;-112.101
63.110.144.0;63.110.144.255;34.128;-117.929
63.110.145.0;63.110.145.255;42.6164;-82.864
63.110.146.0;63.110.146.255;34.0331;-118.467
63.110.147.0;63.110.147.255;34.0007;-117.854
63.110.148.0;63.110.148.255;33.998;-118.23
63.110.149.0;63.110.149.255;33.8564;-118.291
63.110.150.0;63.110.150.255;35.4159;-97.4697
63.110.151.0;63.110.151.255;40.7128;-74.006
63.110.152.0;63.110.152.255;38.594;-121.547
63.110.153.0;63.110.153.255;39.3019;-76.6155
63.110.154.0;63.110.154.255;40.713;-74.0132
63.110.155.0;63.110.155.255;44.0238;-92.4582
63.110.156.0;63.110.156.255;34.6745;-118.177
63.110.157.0;63.110.157.255;32.3409;-108.716
63.110.158.0;63.110.158.255;33.551;-117.003
63.110.159.0;63.110.159.255;39.9769;-86.1608
63.110.160.0;63.110.160.239;38.3678;-81.6399
63.110.160.240;63.110.162.255;38.3582;-81.5947
63.110.163.0;63.110.163.255;37.7519;-81.1481
63.110.164.0;63.110.164.255;37.7758;-81.1911
63.110.165.0;63.110.167.255;38.3582;-81.5947
63.110.168.0;63.110.168.255;33.8024;-118.021
63.110.169.0;63.110.169.255;39.0522;-77.3811
63.110.170.0;63.110.171.255;33.3885;-111.674
63.110.172.0;63.110.172.255;34.056;-117.598
63.110.173.0;63.110.173.255;33.7736;-118.035
63.110.174.0;63.110.174.255;34.0249;-117.989
63.110.175.0;63.110.175.255;33.9819;-118.46
63.110.176.0;63.110.176.255;33.6532;-117.735
63.110.177.0;63.110.177.255;30.2696;-97.7434
63.110.178.0;63.110.178.255;33.8307;-118.346
63.110.179.0;63.110.179.255;33.9965;-118.22
63.110.180.0;63.110.180.255;38.9837;-119.181
63.110.181.0;63.110.181.255;41.9548;-71.1374
63.110.182.0;63.110.182.255;33.9217;-84.3347
63.110.183.0;63.110.183.255;34.1326;-118.153
63.110.184.0;63.110.184.255;38.9145;-77.2196
63.110.185.0;63.110.185.255;33.8509;-118.304
63.110.186.0;63.110.186.255;37.9256;-122.058
63.110.187.0;63.110.187.255;37.3861;-122.084
63.110.188.0;63.110.188.255;19.4326;-99.1332
63.110.189.0;63.110.189.255;32.5293;-116.993
63.110.190.0;63.110.191.255;19.4326;-99.1332
63.110.192.0;63.110.192.255;44.9778;-93.265
63.110.193.0;63.110.193.255;42.3601;-71.0589
63.110.194.0;63.110.194.255;44.9778;-93.265
63.110.195.0;63.110.195.255;30.3322;-81.6556
63.110.196.0;63.110.196.255;44.9778;-93.265
63.110.197.0;63.110.197.255;32.7767;-96.797
63.110.198.0;63.110.198.255;42.3601;-71.0589
63.110.199.0;63.110.199.255;40.7128;-74.006
63.110.200.0;63.110.200.255;39.9526;-75.1652
63.110.201.0;63.110.201.255;38.9072;-77.0369
63.110.202.0;63.110.202.255;39.7392;-104.99
63.110.203.0;63.110.203.255;33.7488;-84.3877
63.110.204.0;63.110.204.255;44.9778;-93.265
63.110.205.0;63.110.205.255;37.4419;-122.143
63.110.206.0;63.110.206.255;47.6062;-122.332
63.110.207.0;63.110.207.255;42.3601;-71.0589
63.110.208.0;63.110.208.255;29.7604;-95.3698
63.110.209.0;63.110.209.255;44.9778;-93.265
63.110.210.0;63.110.210.255;39.9526;-75.1652
63.110.211.0;63.110.211.255;33.7488;-84.3877
63.110.212.0;63.110.213.255;40.7128;-74.006
63.110.214.0;63.110.214.255;38.9072;-77.0369
63.110.215.0;63.110.215.255;40.7128;-74.006
63.110.216.0;63.110.216.255;29.7604;-95.3698
63.110.217.0;63.110.217.255;38.9072;-77.0369
63.110.218.0;63.110.218.255;41.8781;-87.6298
63.110.219.0;63.110.219.255;37.4419;-122.143
63.110.220.0;63.110.220.255;25.7617;-80.1918
63.110.221.0;63.110.221.255;35.8992;-78.8636
63.110.222.0;63.110.222.255;34.0549;-118.243
63.110.223.0;63.110.224.15;42.3601;-71.0589
63.110.224.16;63.110.224.255;34.1038;-117.628
63.110.225.0;63.110.225.255;40.7128;-74.006
63.110.226.0;63.110.226.255;36.2319;-115.102
63.110.227.0;63.110.227.255;40.276;-111.734
63.110.228.0;63.110.228.255;47.6224;-122.364
63.110.229.0;63.110.229.255;33.9942;-118.441
63.110.230.0;63.110.230.255;33.8695;-118.223
63.110.231.0;63.110.231.255;33.42;-111.981
63.110.232.0;63.110.232.255;32.8504;-96.8163
63.110.233.0;63.110.233.255;33.9191;-118.395
63.110.234.0;63.110.234.255;42.1509;-87.8705
63.110.235.0;63.110.235.255;42.3601;-71.0589
63.110.236.0;63.110.236.255;38.3919;-77.4352
63.110.237.0;63.110.237.255;33.5199;-111.925
63.110.238.0;63.110.238.255;40.7128;-74.006
63.110.239.0;63.110.239.255;32.7753;-117.158
63.110.240.0;63.110.240.255;42.3601;-71.0589
63.110.241.0;63.110.241.255;33.6701;-117.761
63.110.242.0;63.110.242.255;42.3601;-71.0589
63.110.243.0;63.110.243.255;35.9232;-78.5357
63.110.244.0;63.110.244.255;42.3601;-71.0589
63.110.245.0;63.110.245.255;33.7591;-118.088
63.110.246.0;63.110.246.255;33.4028;-111.994
63.110.247.0;63.110.247.255;33.9876;-118.389
63.110.248.0;63.110.255.255;37.9716;-87.5711
63.111.0.0;63.111.0.255;34.0107;-84.5886
63.111.1.0;63.111.1.255;34.0452;-84.3119
63.111.2.0;63.111.2.255;40.7128;-74.006
63.111.3.0;63.111.3.255;42.3601;-71.0589
63.111.4.0;63.111.4.255;35.0592;-80.8579
63.111.5.0;63.111.5.255;42.6526;-73.7562
63.111.6.0;63.111.6.247;43.0595;-88.218
63.111.6.248;63.111.7.255;42.3601;-71.0589
63.111.8.0;63.111.8.239;33.8954;-84.4536
63.111.8.240;63.111.9.255;40.7128;-74.006
63.111.10.0;63.111.10.255;42.3601;-71.0589
63.111.11.0;63.111.11.255;35.0076;-80.8502
63.111.12.0;63.111.12.255;26.8141;-80.0566
63.111.13.0;63.111.13.255;33.9171;-84.3545
63.111.14.0;63.111.14.255;33.917;-84.3558
63.111.15.0;63.111.15.127;33.911;-84.2486
63.111.15.128;63.111.16.239;33.9171;-84.3545
63.111.16.240;63.111.17.255;42.3601;-71.0589
63.111.18.0;63.111.18.255;42.6526;-73.7562
63.111.19.0;63.111.19.255;42.2675;-83.2423
63.111.20.0;63.111.20.255;42.3601;-71.0589
63.111.21.0;63.111.21.255;33.8529;-84.3771
63.111.22.0;63.111.22.255;34.1961;-79.8379
63.111.23.0;63.111.23.255;42.6526;-73.7562
63.111.24.0;63.111.24.255;33.8939;-84.4604
63.111.25.0;63.111.25.255;40.7128;-74.006
63.111.26.0;63.111.27.255;42.3601;-71.0589
63.111.28.0;63.111.28.255;33.8853;-84.4624
63.111.29.0;63.111.29.255;33.8529;-84.3771
63.111.30.0;63.111.30.255;42.2675;-83.2423
63.111.31.0;63.111.31.255;33.9336;-84.3406
63.111.32.0;63.111.32.255;42.3601;-71.0589
63.111.33.0;63.111.34.255;40.7128;-74.006
63.111.35.0;63.111.38.63;42.3601;-71.0589
63.111.38.64;63.111.38.255;33.8952;-84.47
63.111.39.0;63.111.39.255;42.6526;-73.7562
63.111.40.0;63.111.40.255;37.2739;-107.892
63.111.41.0;63.111.42.255;42.6526;-73.7562
63.111.43.0;63.111.43.255;42.3601;-71.0589
63.111.44.0;63.111.45.255;42.6526;-73.7562
63.111.46.0;63.111.50.7;42.3601;-71.0589
63.111.50.8;63.111.50.255;35.0592;-80.8579
63.111.51.0;63.111.52.255;40.7128;-74.006
63.111.53.0;63.111.54.255;42.3601;-71.0589
63.111.55.0;63.111.55.255;40.7128;-74.006
63.111.56.0;63.111.58.255;42.3601;-71.0589
63.111.59.0;63.111.59.255;42.6526;-73.7562
63.111.60.0;63.111.60.255;40.7128;-74.006
63.111.61.0;63.111.61.255;42.6526;-73.7562
63.111.62.0;63.111.63.255;42.3601;-71.0589
63.111.64.0;63.111.64.255;33.9344;-84.3545
63.111.65.0;63.111.65.255;42.3601;-71.0589
63.111.66.0;63.111.66.255;40.7128;-74.006
63.111.67.0;63.111.67.255;40.7078;-75.236
63.111.68.0;63.111.68.255;42.6526;-73.7562
63.111.69.0;63.111.69.255;33.8939;-84.4604
63.111.70.0;63.111.70.255;42.3601;-71.0589
63.111.71.0;63.111.71.255;33.8939;-84.4604
63.111.72.0;63.111.72.255;40.7128;-74.006
63.111.73.0;63.111.73.255;26.8453;-80.0932
63.111.74.0;63.111.74.255;33.8937;-84.4603
63.111.75.0;63.111.75.255;42.3601;-71.0589
63.111.76.0;63.111.76.255;33.88;-84.4579
63.111.77.0;63.111.77.255;42.3601;-71.0589
63.111.78.0;63.111.79.255;37.2739;-107.892
63.111.80.0;63.111.81.255;42.3601;-71.0589
63.111.82.0;63.111.83.255;40.7128;-74.006
63.111.84.0;63.111.93.255;42.3601;-71.0589
63.111.94.0;63.111.94.255;42.6526;-73.7562
63.111.95.0;63.111.95.255;42.3601;-71.0589
63.111.96.0;63.111.96.255;42.6526;-73.7562
63.111.97.0;63.111.97.255;40.7128;-74.006
63.111.98.0;63.111.100.255;42.3601;-71.0589
63.111.101.0;63.111.101.255;42.6526;-73.7562
63.111.102.0;63.111.103.255;40.7128;-74.006
63.111.104.0;63.111.104.255;42.3601;-71.0589
63.111.105.0;63.111.105.255;40.7128;-74.006
63.111.106.0;63.111.108.255;42.3601;-71.0589
63.111.109.0;63.111.109.255;40.7128;-74.006
63.111.110.0;63.111.111.255;42.3601;-71.0589
63.111.112.0;63.111.112.255;40.7128;-74.006
63.111.113.0;63.111.113.255;42.3601;-71.0589
63.111.114.0;63.111.114.255;25.7878;-80.3546
63.111.115.0;63.111.115.255;26.1307;-80.3317
63.111.116.0;63.111.117.255;42.3601;-71.0589
63.111.118.0;63.111.118.255;42.6526;-73.7562
63.111.119.0;63.111.119.255;42.3601;-71.0589
63.111.120.0;63.111.121.255;40.7128;-74.006
63.111.122.0;63.111.122.255;42.6526;-73.7562
63.111.123.0;63.111.124.255;42.3601;-71.0589
63.111.125.0;63.111.127.255;40.7128;-74.006
63.111.128.0;63.111.128.255;42.3601;-71.0589
63.111.129.0;63.111.129.255;40.7128;-74.006
63.111.130.0;63.111.131.255;30.3171;-81.744
63.111.132.0;63.111.132.255;42.0529;-88.0256
63.111.133.0;63.111.133.255;42.6526;-73.7562
63.111.134.0;63.111.135.159;42.3601;-71.0589
63.111.135.160;63.111.135.207;39.9314;-75.2685
63.111.135.208;63.111.136.255;42.3601;-71.0589
63.111.137.0;63.111.137.255;40.7128;-74.006
63.111.138.0;63.111.138.255;42.3601;-71.0589
63.111.139.0;63.111.139.255;26.066;-80.2272
63.111.140.0;63.111.140.255;38.8803;-77.1101
63.111.141.0;63.111.141.255;39.0195;-77.331
63.111.142.0;63.111.143.95;42.3601;-71.0589
63.111.143.96;63.111.143.127;29.1771;-81.0592
63.111.143.128;63.111.144.255;42.3601;-71.0589
63.111.145.0;63.111.145.255;27.9445;-82.4909
63.111.146.0;63.111.147.255;42.6526;-73.7562
63.111.148.0;63.111.148.255;42.3601;-71.0589
63.111.149.0;63.111.149.255;40.7128;-74.006
63.111.150.0;63.111.150.255;38.8753;-77.466
63.111.151.0;63.111.151.255;40.0552;-105.283
63.111.152.0;63.111.152.255;42.6526;-73.7562
63.111.153.0;63.111.153.255;40.7128;-74.006
63.111.154.0;63.111.154.255;42.3601;-71.0589
63.111.155.0;63.111.155.255;40.7128;-74.006
63.111.156.0;63.111.156.255;42.3601;-71.0589
63.111.157.0;63.111.157.255;40.7128;-74.006
63.111.158.0;63.111.158.255;42.3601;-71.0589
63.111.159.0;63.111.159.255;43.0822;-87.8832
63.111.160.0;63.111.160.255;42.6526;-73.7562
63.111.161.0;63.111.161.255;40.069;-75.4252
63.111.162.0;63.111.162.255;42.3601;-71.0589
63.111.163.0;63.111.163.255;37.6343;-77.6712
63.111.164.0;63.111.164.255;42.3601;-71.0589
63.111.165.0;63.111.165.127;38.9094;-77.036
63.111.165.128;63.111.167.255;42.3601;-71.0589
63.111.168.0;63.111.168.255;40.7128;-74.006
63.111.169.0;63.111.169.255;42.6526;-73.7562
63.111.170.0;63.111.171.63;42.3601;-71.0589
63.111.171.64;63.111.171.255;33.9005;-84.2417
63.111.172.0;63.111.172.255;40.7128;-74.006
63.111.173.0;63.111.173.255;40.9994;-81.4926
63.111.174.0;63.111.174.255;37.4883;-122.218
63.111.175.0;63.111.175.255;42.3601;-71.0589
63.111.176.0;63.111.176.255;40.7128;-74.006
63.111.177.0;63.111.177.255;42.3601;-71.0589
63.111.178.0;63.111.178.255;40.7128;-74.006
63.111.179.0;63.111.179.255;39.1297;-77.2373
63.111.180.0;63.111.180.255;33.5784;-86.2752
63.111.181.0;63.111.181.255;42.3601;-71.0589
63.111.182.0;63.111.182.255;40.7128;-74.006
63.111.183.0;63.111.183.255;42.3036;-71.4801
63.111.184.0;63.111.185.255;40.7589;-73.9809
63.111.186.0;63.111.186.255;33.7806;-84.4283
63.111.187.0;63.111.187.255;42.3601;-71.0589
63.111.188.0;63.111.188.255;40.7128;-74.006
63.111.189.0;63.111.189.255;42.3601;-71.0589
63.111.190.0;63.111.190.255;33.9587;-83.3658
63.111.191.0;63.111.191.255;40.7128;-74.006
63.111.192.0;63.111.192.255;42.6526;-73.7562
63.111.193.0;63.111.193.255;40.7128;-74.006
63.111.194.0;63.111.194.255;42.3601;-71.0589
63.111.195.0;63.111.195.255;43.0436;-87.9934
63.111.196.0;63.111.197.255;42.3601;-71.0589
63.111.198.0;63.111.198.255;32.2967;-90.1678
63.111.199.0;63.111.199.255;42.3601;-71.0589
63.111.200.0;63.111.200.255;40.6768;-73.983
63.111.201.0;63.111.201.255;40.7128;-74.006
63.111.202.0;63.111.202.159;33.8404;-118.235
63.111.202.160;63.111.203.255;42.3601;-71.0589
63.111.204.0;63.111.204.255;40.9247;-74.1025
63.111.205.0;63.111.207.255;42.3601;-71.0589
63.111.208.0;63.111.208.255;42.6526;-73.7562
63.111.209.0;63.111.209.255;42.3601;-71.0589
63.111.210.0;63.111.210.255;38.878;-76.8317
63.111.211.0;63.111.211.255;26.4187;-80.0941
63.111.212.0;63.111.212.255;42.3601;-71.0589
63.111.213.0;63.111.213.255;40.7128;-74.006
63.111.214.0;63.111.214.255;42.3601;-71.0589
63.111.215.0;63.111.215.255;40.0136;-75.1748
63.111.216.0;63.111.218.255;42.3601;-71.0589
63.111.219.0;63.111.219.127;40.7399;-74.03
63.111.219.128;63.111.220.255;42.3601;-71.0589
63.111.221.0;63.111.222.255;40.7128;-74.006
63.111.223.0;63.111.223.255;42.3601;-71.0589
63.111.224.0;63.111.224.255;40.1309;-76.5704
63.111.225.0;63.111.225.255;40.9099;-74.0341
63.111.226.0;63.111.226.255;42.3601;-71.0589
63.111.227.0;63.111.227.255;42.6526;-73.7562
63.111.228.0;63.111.228.255;40.7128;-74.006
63.111.229.0;63.111.229.255;42.3601;-71.0589
63.111.230.0;63.111.230.255;40.9099;-74.0341
63.111.231.0;63.111.231.255;41.879;-87.6415
63.111.232.0;63.111.232.255;42.3601;-71.0589
63.111.233.0;63.111.233.255;40.7128;-74.006
63.111.234.0;63.111.236.255;42.3601;-71.0589
63.111.237.0;63.111.237.255;40.7207;-73.9462
63.111.238.0;63.111.239.255;40.7128;-74.006
63.111.240.0;63.111.242.255;42.3601;-71.0589
63.111.243.0;63.111.243.255;42.6526;-73.7562
63.111.244.0;63.111.244.255;40.565;-74.3253
63.111.245.0;63.111.245.255;42.3601;-71.0589
63.111.246.0;63.111.246.255;40.7128;-74.006
63.111.247.0;63.111.247.255;42.3601;-71.0589
63.111.248.0;63.111.249.255;41.519;-83.8041
63.111.250.0;63.111.250.255;34.0515;-117.668
63.111.251.0;63.111.253.255;42.3601;-71.0589
63.111.254.0;63.111.254.255;40.7128;-74.006
63.111.255.0;63.111.255.255;42.3601;-71.0589
63.112.0.0;63.112.0.239;36.9102;-121.783
63.112.0.240;63.112.1.255;42.3601;-71.0589
63.112.2.0;63.112.2.255;40.0836;-74.9166
63.112.3.0;63.112.3.247;38.0242;-121.856
63.112.3.248;63.112.5.7;42.3601;-71.0589
63.112.5.8;63.112.5.255;40.0544;-82.8969
63.112.6.0;63.112.6.255;33.6416;-111.893
63.112.7.0;63.112.7.255;42.3601;-71.0589
63.112.8.0;63.112.8.255;42.6526;-73.7562
63.112.9.0;63.112.9.255;40.7128;-74.006
63.112.10.0;63.112.10.255;39.0332;-94.5015
63.112.11.0;63.112.11.255;42.6526;-73.7562
63.112.12.0;63.112.12.255;42.3601;-71.0589
63.112.13.0;63.112.13.255;40.0836;-74.9166
63.112.14.0;63.112.14.231;32.9665;-96.8239
63.112.14.232;63.112.16.7;42.3601;-71.0589
63.112.16.8;63.112.16.255;33.9548;-118.397
63.112.17.0;63.112.17.255;32.784;-96.7969
63.112.18.0;63.112.18.255;36.0377;-86.8038
63.112.19.0;63.112.19.255;40.0544;-82.8969
63.112.20.0;63.112.21.15;42.3601;-71.0589
63.112.21.16;63.112.21.255;40.0544;-82.8969
63.112.22.0;63.112.22.255;40.7128;-74.006
63.112.23.0;63.112.23.255;42.6526;-73.7562
63.112.24.0;63.112.24.255;42.3601;-71.0589
63.112.25.0;63.112.25.255;40.642;-74.5846
63.112.26.0;63.112.26.255;42.3601;-71.0589
63.112.27.0;63.112.27.119;32.784;-96.7969
63.112.27.120;63.112.28.255;42.3601;-71.0589
63.112.29.0;63.112.29.255;40.7128;-74.006
63.112.30.0;63.112.30.255;42.6526;-73.7562
63.112.31.0;63.112.31.255;40.0836;-74.9166
63.112.32.0;63.112.32.255;32.784;-96.7969
63.112.33.0;63.112.33.95;41.6653;-88.1154
63.112.33.96;63.112.34.255;42.3601;-71.0589
63.112.35.0;63.112.35.255;39.8885;-83.9286
63.112.36.0;63.112.36.255;42.6526;-73.7562
63.112.37.0;63.112.37.255;32.784;-96.7969
63.112.38.0;63.112.38.255;40.7128;-74.006
63.112.39.0;63.112.39.255;42.3601;-71.0589
63.112.40.0;63.112.40.63;41.8803;-87.6403
63.112.40.64;63.112.41.255;42.3601;-71.0589
63.112.42.0;63.112.42.255;40.0836;-74.9166
63.112.43.0;63.112.43.255;42.6526;-73.7562
63.112.44.0;63.112.44.255;40.7128;-74.006
63.112.45.0;63.112.45.255;42.6526;-73.7562
63.112.46.0;63.112.46.255;37.4059;-121.927
63.112.47.0;63.112.47.255;40.7635;-73.979
63.112.48.0;63.112.49.7;42.3601;-71.0589
63.112.49.8;63.112.49.255;40.0836;-74.9166
63.112.50.0;63.112.50.255;40.7128;-74.006
63.112.51.0;63.112.51.255;40.4391;-80.0061
63.112.52.0;63.112.53.23;42.3601;-71.0589
63.112.53.24;63.112.53.255;39.9546;-82.8773
63.112.54.0;63.112.54.255;39.6004;-104.891
63.112.55.0;63.112.55.255;42.6526;-73.7562
63.112.56.0;63.112.56.255;32.784;-96.7969
63.112.57.0;63.112.58.63;42.3601;-71.0589
63.112.58.64;63.112.58.255;40.0836;-74.9166
63.112.59.0;63.112.59.255;43.037;-87.9108
63.112.60.0;63.112.61.255;40.7128;-74.006
63.112.62.0;63.112.62.255;41.9328;-87.9494
63.112.63.0;63.112.63.255;39.0113;-77.4713
63.112.64.0;63.112.64.255;32.784;-96.7969
63.112.65.0;63.112.65.191;41.6801;-88.1063
63.112.65.192;63.112.66.255;42.3601;-71.0589
63.112.67.0;63.112.68.63;40.7128;-74.006
63.112.68.64;63.112.68.255;27.1095;-82.3864
63.112.69.0;63.112.69.255;40.0544;-82.8969
63.112.70.0;63.112.70.255;42.3346;-83.0567
63.112.71.0;63.112.71.255;43.6252;-84.1719
63.112.72.0;63.112.72.255;29.747;-95.3647
63.112.73.0;63.112.74.103;42.3601;-71.0589
63.112.74.104;63.112.74.247;40.6877;-75.2172
63.112.74.248;63.112.76.23;42.3601;-71.0589
63.112.76.24;63.112.76.255;42.3529;-71.0641
63.112.77.0;63.112.77.255;42.6526;-73.7562
63.112.78.0;63.112.78.255;40.0836;-74.9166
63.112.79.0;63.112.80.255;42.3601;-71.0589
63.112.81.0;63.112.81.255;35.9232;-78.5357
63.112.82.0;63.112.82.255;42.6526;-73.7562
63.112.83.0;63.112.83.255;40.7128;-74.006
63.112.84.0;63.112.85.71;42.3601;-71.0589
63.112.85.72;63.112.85.255;40.642;-74.5846
63.112.86.0;63.112.86.255;42.6526;-73.7562
63.112.87.0;63.112.87.175;39.3332;-84.3147
63.112.87.176;63.112.90.255;42.3601;-71.0589
63.112.91.0;63.112.91.255;40.7128;-74.006
63.112.92.0;63.112.94.47;42.3601;-71.0589
63.112.94.48;63.112.94.255;40.7085;-74.0112
63.112.95.0;63.112.95.255;40.7128;-74.006
63.112.96.0;63.112.96.255;42.3601;-71.0589
63.112.97.0;63.112.97.255;40.7128;-74.006
63.112.98.0;63.112.98.255;33.9411;-84.2137
63.112.99.0;63.112.99.255;42.3601;-71.0589
63.112.100.0;63.112.101.255;40.7128;-74.006
63.112.102.0;63.112.102.255;42.3601;-71.0589
63.112.103.0;63.112.103.255;42.6526;-73.7562
63.112.104.0;63.112.104.255;40.0836;-74.9166
63.112.105.0;63.112.105.255;42.3601;-71.0589
63.112.106.0;63.112.106.255;40.7128;-74.006
63.112.107.0;63.112.107.255;40.0836;-74.9166
63.112.108.0;63.112.108.255;40.7128;-74.006
63.112.109.0;63.112.110.63;42.6526;-73.7562
63.112.110.64;63.112.110.159;40.642;-74.5846
63.112.110.160;63.112.111.255;42.6526;-73.7562
63.112.112.0;63.112.112.255;40.7128;-74.006
63.112.113.0;63.112.113.255;40.0836;-74.9166
63.112.114.0;63.112.114.255;40.7128;-74.006
63.112.115.0;63.112.115.255;40.0544;-82.8969
63.112.116.0;63.112.116.255;40.7128;-74.006
63.112.117.0;63.112.117.255;42.3601;-71.0589
63.112.118.0;63.112.118.255;40.1277;-83.0175
63.112.119.0;63.112.119.247;40.0836;-74.9166
63.112.119.248;63.112.120.255;42.3601;-71.0589
63.112.121.0;63.112.121.255;40.7128;-74.006
63.112.122.0;63.112.122.255;40.0836;-74.9166
63.112.123.0;63.112.123.255;42.3601;-71.0589
63.112.124.0;63.112.124.255;39.3332;-84.3147
63.112.125.0;63.112.125.255;40.0836;-74.9166
63.112.126.0;63.112.127.55;42.3601;-71.0589
63.112.127.56;63.112.127.127;33.828;-118.233
63.112.127.128;63.112.128.255;42.3601;-71.0589
63.112.129.0;63.112.129.255;38.9586;-77.376
63.112.130.0;63.112.130.255;42.6526;-73.7562
63.112.131.0;63.112.132.255;42.3601;-71.0589
63.112.133.0;63.112.133.255;38.9371;-77.4128
63.112.134.0;63.112.134.255;40.7128;-74.006
63.112.135.0;63.112.136.255;42.3601;-71.0589
63.112.137.0;63.112.137.255;40.7128;-74.006
63.112.138.0;63.112.139.255;42.3601;-71.0589
63.112.140.0;63.112.143.255;40.0199;-105.242
63.112.144.0;63.112.144.255;42.6526;-73.7562
63.112.145.0;63.112.145.255;40.7098;-74.0054
63.112.146.0;63.112.146.255;39.6541;-106.827
63.112.147.0;63.112.147.255;40.7128;-74.006
63.112.148.0;63.112.148.255;42.3601;-71.0589
63.112.149.0;63.112.149.255;40.7128;-74.006
63.112.150.0;63.112.150.255;33.9203;-84.3359
63.112.151.0;63.112.151.255;42.6526;-73.7562
63.112.152.0;63.112.152.255;37.6646;-77.545
63.112.153.0;63.112.153.255;42.6526;-73.7562
63.112.154.0;63.112.155.255;42.3601;-71.0589
63.112.156.0;63.112.159.255;41.2825;-72.6337
63.112.160.0;63.112.160.255;40.7128;-74.006
63.112.161.0;63.112.162.255;42.3601;-71.0589
63.112.163.0;63.112.163.255;40.7128;-74.006
63.112.164.0;63.112.167.255;42.3601;-71.0589
63.112.168.0;63.112.171.255;42.3704;-71.2751
63.112.172.0;63.112.172.255;42.3601;-71.0589
63.112.173.0;63.112.173.255;40.7128;-74.006
63.112.174.0;63.112.174.255;42.3601;-71.0589
63.112.175.0;63.112.175.255;38.7772;-85.419
63.112.176.0;63.112.176.255;42.3601;-71.0589
63.112.177.0;63.112.177.255;42.6526;-73.7562
63.112.178.0;63.112.179.255;42.3601;-71.0589
63.112.180.0;63.112.180.255;40.7128;-74.006
63.112.181.0;63.112.181.255;42.3601;-71.0589
63.112.182.0;63.112.183.255;40.7128;-74.006
63.112.184.0;63.112.184.255;38.6371;-77.3111
63.112.185.0;63.112.185.255;42.6526;-73.7562
63.112.186.0;63.112.186.255;40.7128;-74.006
63.112.187.0;63.112.187.255;35.8205;-78.6084
63.112.188.0;63.112.188.255;42.3601;-71.0589
63.112.189.0;63.112.189.255;38.9538;-77.3837
63.112.190.0;63.112.190.127;32.7559;-97.3305
63.112.190.128;63.112.191.255;42.6526;-73.7562
63.112.192.0;63.112.192.255;40.7128;-74.006
63.112.193.0;63.112.196.255;42.3601;-71.0589
63.112.197.0;63.112.197.255;40.7128;-74.006
63.112.198.0;63.112.198.255;42.6526;-73.7562
63.112.199.0;63.112.203.255;42.3601;-71.0589
63.112.204.0;63.112.204.255;40.7128;-74.006
63.112.205.0;63.112.206.255;42.3601;-71.0589
63.112.207.0;63.112.207.255;40.7128;-74.006
63.112.208.0;63.112.208.255;42.3601;-71.0589
63.112.209.0;63.112.210.255;42.6526;-73.7562
63.112.211.0;63.112.211.255;42.3601;-71.0589
63.112.212.0;63.112.213.255;40.7128;-74.006
63.112.214.0;63.112.214.255;42.3601;-71.0589
63.112.215.0;63.112.215.255;40.7128;-74.006
63.112.216.0;63.112.216.255;40.3954;-80.0524
63.112.217.0;63.112.217.255;40.7128;-74.006
63.112.218.0;63.112.218.31;33.3478;-86.8018
63.112.218.32;63.112.220.135;42.3601;-71.0589
63.112.220.136;63.112.220.255;40.4465;-74.1782
63.112.221.0;63.112.221.255;33.0202;-96.7183
63.112.222.0;63.112.222.255;42.3601;-71.0589
63.112.223.0;63.112.223.255;42.6526;-73.7562
63.112.224.0;63.112.224.255;42.3601;-71.0589
63.112.225.0;63.112.225.255;42.6526;-73.7562
63.112.226.0;63.112.226.255;42.3601;-71.0589
63.112.227.0;63.112.227.255;29.8473;-89.9927
63.112.228.0;63.112.228.255;40.7128;-74.006
63.112.229.0;63.112.229.255;42.3601;-71.0589
63.112.230.0;63.112.230.255;42.6526;-73.7562
63.112.231.0;63.112.231.255;39.0113;-77.4713
63.112.232.0;63.112.232.255;42.0655;-88.0813
63.112.233.0;63.112.234.255;42.6526;-73.7562
63.112.235.0;63.112.235.255;42.3601;-71.0589
63.112.236.0;63.112.236.255;42.6526;-73.7562
63.112.237.0;63.112.237.255;42.3601;-71.0589
63.112.238.0;63.112.238.255;38.8952;-77.0742
63.112.239.0;63.112.239.255;40.7128;-74.006
63.112.240.0;63.112.240.159;35.4664;-97.5126
63.112.240.160;63.112.241.255;42.3601;-71.0589
63.112.242.0;63.112.242.255;42.6526;-73.7562
63.112.243.0;63.112.243.255;42.3601;-71.0589
63.112.244.0;63.112.246.255;42.6526;-73.7562
63.112.247.0;63.112.247.255;42.3601;-71.0589
63.112.248.0;63.112.248.255;33.7656;-117.998
63.112.249.0;63.112.249.255;33.7486;-117.867
63.112.250.0;63.112.250.255;32.9292;-96.8413
63.112.251.0;63.112.251.255;42.3601;-71.0589
63.112.252.0;63.112.252.255;42.6526;-73.7562
63.112.253.0;63.112.253.255;40.4807;-88.9943
63.112.254.0;63.112.254.255;42.3601;-71.0589
63.112.255.0;63.112.255.255;42.6526;-73.7562
63.113.0.0;63.113.0.255;40.6232;-74.2667
63.113.1.0;63.113.1.255;40.1784;-75.1285
63.113.2.0;63.113.2.255;40.1593;-74.3179
63.113.3.0;63.113.3.255;42.3601;-71.0589
63.113.4.0;63.113.4.255;41.8536;-87.6183
63.113.5.0;63.113.7.255;42.3601;-71.0589
63.113.8.0;63.113.8.255;32.9599;-96.7043
63.113.9.0;63.113.9.127;42.3132;-71.3347
63.113.9.128;63.113.10.255;42.9042;-78.868
63.113.11.0;63.113.11.255;42.3601;-71.0589
63.113.12.0;63.113.12.255;40.4977;-79.8643
63.113.13.0;63.113.13.255;42.9042;-78.868
63.113.14.0;63.113.14.255;40.8106;-96.6274
63.113.15.0;63.113.15.255;42.9578;-71.5016
63.113.16.0;63.113.17.255;42.3601;-71.0589
63.113.18.0;63.113.18.255;40.7128;-74.006
63.113.19.0;63.113.19.255;42.3601;-71.0589
63.113.20.0;63.113.20.255;39.2824;-81.5508
63.113.21.0;63.113.24.255;42.3601;-71.0589
63.113.25.0;63.113.25.255;42.6526;-73.7562
63.113.26.0;63.113.26.255;42.3601;-71.0589
63.113.27.0;63.113.27.255;40.7128;-74.006
63.113.28.0;63.113.28.255;42.6526;-73.7562
63.113.29.0;63.113.29.255;42.3601;-71.0589
63.113.30.0;63.113.30.255;42.6526;-73.7562
63.113.31.0;63.113.31.255;42.3601;-71.0589
63.113.32.0;63.113.32.255;40.7128;-74.006
63.113.33.0;63.113.33.255;42.6526;-73.7562
63.113.34.0;63.113.35.255;42.3601;-71.0589
63.113.36.0;63.113.36.255;35.8081;-90.7231
63.113.37.0;63.113.37.255;47.6682;-122.387
63.113.38.0;63.113.39.255;42.3601;-71.0589
63.113.40.0;63.113.47.255;40.8326;-74.3387
63.113.48.0;63.113.63.255;34.0086;-81.0255
63.113.64.0;63.113.65.255;40.7128;-74.006
63.113.66.0;63.113.66.255;37.9566;-121.288
63.113.67.0;63.113.67.255;42.6526;-73.7562
63.113.68.0;63.113.68.255;40.7128;-74.006
63.113.69.0;63.113.69.255;33.889;-84.4662
63.113.70.0;63.113.70.255;40.8308;-74.0586
63.113.71.0;63.113.71.255;42.3601;-71.0589
63.113.72.0;63.113.72.191;32.9015;-96.4656
63.113.72.192;63.113.73.255;42.6526;-73.7562
63.113.74.0;63.113.74.255;32.9226;-96.7777
63.113.75.0;63.113.75.255;35.2109;-80.8344
63.113.76.0;63.113.76.255;40.7128;-74.006
63.113.77.0;63.113.77.255;42.9543;-88.0069
63.113.78.0;63.113.78.255;37.4883;-122.218
63.113.79.0;63.113.79.255;29.7436;-95.4725
63.113.80.0;63.113.81.255;42.3601;-71.0589
63.113.82.0;63.113.82.255;40.7128;-74.006
63.113.83.0;63.113.83.255;42.6526;-73.7562
63.113.84.0;63.113.84.255;42.3601;-71.0589
63.113.85.0;63.113.85.255;42.6526;-73.7562
63.113.86.0;63.113.86.255;42.3601;-71.0589
63.113.87.0;63.113.87.255;40.7128;-74.006
63.113.88.0;63.113.88.255;42.3601;-71.0589
63.113.89.0;63.113.89.255;42.6526;-73.7562
63.113.90.0;63.113.90.255;40.7128;-74.006
63.113.91.0;63.113.92.255;42.3601;-71.0589
63.113.93.0;63.113.94.255;42.6526;-73.7562
63.113.95.0;63.113.95.255;42.3601;-71.0589
63.113.96.0;63.113.96.255;-33.4489;-70.6693
63.113.97.0;63.113.97.255;42.6526;-73.7562
63.113.98.0;63.113.98.255;40.7128;-74.006
63.113.99.0;63.113.99.255;38.8449;-77.1198
63.113.100.0;63.113.101.255;32.9599;-96.7043
63.113.102.0;63.113.102.255;37.3832;-121.924
63.113.103.0;63.113.103.127;36.1543;-86.8117
63.113.103.128;63.113.104.255;40.7128;-74.006
63.113.105.0;63.113.105.255;42.3601;-71.0589
63.113.106.0;63.113.106.255;42.6526;-73.7562
63.113.107.0;63.113.108.255;40.7128;-74.006
63.113.109.0;63.113.109.255;42.3601;-71.0589
63.113.110.0;63.113.111.255;40.7128;-74.006
63.113.112.0;63.113.113.255;40.8608;-74.3039
63.113.114.0;63.113.114.255;42.6526;-73.7562
63.113.115.0;63.113.115.255;42.3601;-71.0589
63.113.116.0;63.113.116.255;40.7128;-74.006
63.113.117.0;63.113.117.255;42.6526;-73.7562
63.113.118.0;63.113.118.255;42.3601;-71.0589
63.113.119.0;63.113.119.255;40.7128;-74.006
63.113.120.0;63.113.120.255;42.3601;-71.0589
63.113.121.0;63.113.121.191;26.7138;-80.0649
63.113.121.192;63.113.122.255;42.3601;-71.0589
63.113.123.0;63.113.123.255;40.8831;-111.895
63.113.124.0;63.113.124.255;30.4189;-97.7509
63.113.125.0;63.113.127.143;42.3601;-71.0589
63.113.127.144;63.113.127.255;35.8952;-78.6502
63.113.128.0;63.113.128.255;42.3601;-71.0589
63.113.129.0;63.113.130.255;40.7128;-74.006
63.113.131.0;63.113.134.255;42.3601;-71.0589
63.113.135.0;63.113.135.255;42.6526;-73.7562
63.113.136.0;63.113.139.255;25.7617;-80.1918
63.113.140.0;63.113.143.255;27.9517;-82.4588
63.113.144.0;63.113.144.255;42.3601;-71.0589
63.113.145.0;63.113.145.255;42.5547;-71.0166
63.113.146.0;63.113.146.255;42.3848;-71.0705
63.113.147.0;63.113.148.255;42.3601;-71.0589
63.113.149.0;63.113.149.255;40.7128;-74.006
63.113.150.0;63.113.151.215;42.3601;-71.0589
63.113.151.216;63.113.151.255;41.7608;-88.4878
63.113.152.0;63.113.152.255;40.7128;-74.006
63.113.153.0;63.113.154.255;42.6526;-73.7562
63.113.155.0;63.113.155.255;42.3601;-71.0589
63.113.156.0;63.113.157.255;30.393;-97.8501
63.113.158.0;63.113.158.255;43.2419;-87.921
63.113.159.0;63.113.159.255;42.3601;-71.0589
63.113.160.0;63.113.160.255;40.7128;-74.006
63.113.161.0;63.113.161.255;42.6526;-73.7562
63.113.162.0;63.113.163.255;42.3601;-71.0589
63.113.164.0;63.113.164.255;40.7128;-74.006
63.113.165.0;63.113.165.127;42.3628;-71.0835
63.113.165.128;63.113.166.255;40.7128;-74.006
63.113.167.0;63.113.167.255;42.6526;-73.7562
63.113.168.0;63.113.168.255;42.3601;-71.0589
63.113.169.0;63.113.169.231;26.2652;-80.1421
63.113.169.232;63.113.170.255;42.3601;-71.0589
63.113.171.0;63.113.171.255;39.7684;-86.1581
63.113.172.0;63.113.172.255;33.9428;-84.2386
63.113.173.0;63.113.173.255;40.7128;-74.006
63.113.174.0;63.113.175.255;42.6526;-73.7562
63.113.176.0;63.113.176.255;42.3601;-71.0589
63.113.177.0;63.113.177.255;38.8951;-77.0692
63.113.178.0;63.113.178.255;39.1848;-76.8522
63.113.179.0;63.113.179.255;30.375;-97.7394
63.113.180.0;63.113.182.255;42.3601;-71.0589
63.113.183.0;63.113.183.255;40.7128;-74.006
63.113.184.0;63.113.184.255;41.0139;-75.184
63.113.185.0;63.113.185.255;42.3601;-71.0589
63.113.186.0;63.113.187.255;40.7128;-74.006
63.113.188.0;63.113.188.255;40.7571;-73.9848
63.113.189.0;63.113.189.255;36.1219;-115.156
63.113.190.0;63.113.190.255;42.3601;-71.0589
63.113.191.0;63.113.191.255;40.1867;-74.8364
63.113.192.0;63.113.192.255;34.7709;-112.058
63.113.193.0;63.113.193.255;34.7437;-82.3802
63.113.194.0;63.113.194.255;40.7551;-73.9793
63.113.195.0;63.113.195.255;38.8141;-77.0387
63.113.196.0;63.113.196.255;38.7969;-77.5121
63.113.197.0;63.113.198.255;40.7128;-74.006
63.113.199.0;63.113.203.215;42.3601;-71.0589
63.113.203.216;63.113.203.223;35.1078;-89.883
63.113.203.224;63.113.204.255;42.3601;-71.0589
63.113.205.0;63.113.206.255;40.7128;-74.006
63.113.207.0;63.113.207.255;42.3601;-71.0589
63.113.208.0;63.113.208.255;34.4;-119.3
63.113.209.0;63.113.209.255;40.7128;-74.006
63.113.210.0;63.113.210.255;37.3605;-77.3274
63.113.211.0;63.113.211.255;41.4704;-75.0434
63.113.212.0;63.113.212.255;33.9076;-84.4787
63.113.213.0;63.113.214.255;42.3601;-71.0589
63.113.215.0;63.113.216.255;40.7128;-74.006
63.113.217.0;63.113.217.255;42.6526;-73.7562
63.113.218.0;63.113.218.255;42.3601;-71.0589
63.113.219.0;63.113.220.255;40.7128;-74.006
63.113.221.0;63.113.221.255;42.3601;-71.0589
63.113.222.0;63.113.222.255;37.2402;-93.2496
63.113.223.0;63.113.223.255;42.9118;-85.5076
63.113.224.0;63.113.225.255;42.3601;-71.0589
63.113.226.0;63.113.227.255;42.6526;-73.7562
63.113.228.0;63.113.228.255;40.7128;-74.006
63.113.229.0;63.113.231.255;42.3601;-71.0589
63.113.232.0;63.113.232.255;40.7128;-74.006
63.113.233.0;63.113.240.255;42.3601;-71.0589
63.113.241.0;63.113.242.255;42.6526;-73.7562
63.113.243.0;63.113.243.255;42.3601;-71.0589
63.113.244.0;63.113.244.255;42.6526;-73.7562
63.113.245.0;63.113.245.255;42.3601;-71.0589
63.113.246.0;63.113.246.255;40.9099;-74.0341
63.113.247.0;63.113.247.255;40.7128;-74.006
63.113.248.0;63.113.248.255;42.6526;-73.7562
63.113.249.0;63.113.250.255;42.3601;-71.0589
63.113.251.0;63.113.251.255;40.7128;-74.006
63.113.252.0;63.113.252.255;42.3601;-71.0589
63.113.253.0;63.113.253.255;42.6526;-73.7562
63.113.254.0;63.113.255.255;42.3601;-71.0589
63.114.0.0;63.114.0.255;42.9328;-78.9008
63.114.1.0;63.114.1.255;40.7522;-73.9841
63.114.2.0;63.114.2.255;39.2904;-76.6122
63.114.3.0;63.114.3.255;37.5407;-77.4361
63.114.4.0;63.114.4.255;42.3601;-71.0589
63.114.5.0;63.114.7.255;40.7128;-74.006
63.114.8.0;63.114.8.255;42.3601;-71.0589
63.114.9.0;63.114.10.255;40.7128;-74.006
63.114.11.0;63.114.11.255;42.3601;-71.0589
63.114.12.0;63.114.13.255;30.4626;-84.3037
63.114.14.0;63.114.15.127;42.3601;-71.0589
63.114.15.128;63.114.15.255;34.0578;-118.446
63.114.16.0;63.114.16.255;42.3601;-71.0589
63.114.17.0;63.114.17.255;38.7135;-77.7953
63.114.18.0;63.114.19.255;42.6526;-73.7562
63.114.20.0;63.114.20.255;42.3601;-71.0589
63.114.21.0;63.114.22.255;34.0112;-118.41
63.114.23.0;63.114.23.255;42.3601;-71.0589
63.114.24.0;63.114.24.255;33.6271;-111.91
63.114.25.0;63.114.25.255;42.6526;-73.7562
63.114.26.0;63.114.26.255;37.8454;-122.292
63.114.27.0;63.114.27.255;40.3309;-79.7118
63.114.28.0;63.114.28.255;42.3601;-71.0589
63.114.29.0;63.114.30.255;40.7128;-74.006
63.114.31.0;63.114.31.255;42.3601;-71.0589
63.114.32.0;63.114.32.255;40.0932;-83.1336
63.114.33.0;63.114.33.255;26.7084;-80.2306
63.114.34.0;63.114.34.255;42.3601;-71.0589
63.114.35.0;63.114.35.255;40.7128;-74.006
63.114.36.0;63.114.36.255;42.3601;-71.0589
63.114.37.0;63.114.37.255;31.5213;74.3522
63.114.38.0;63.114.38.255;40.7128;-74.006
63.114.39.0;63.114.40.255;42.3601;-71.0589
63.114.41.0;63.114.41.255;32.5692;-117.097
63.114.42.0;63.114.43.255;42.3601;-71.0589
63.114.44.0;63.114.44.255;40.7128;-74.006
63.114.45.0;63.114.47.255;42.3601;-71.0589
63.114.48.0;63.114.48.255;40.7128;-74.006
63.114.49.0;63.114.49.255;42.6526;-73.7562
63.114.50.0;63.114.50.255;40.7128;-74.006
63.114.51.0;63.114.53.255;42.3601;-71.0589
63.114.54.0;63.114.54.255;42.6526;-73.7562
63.114.55.0;63.114.58.255;42.3601;-71.0589
63.114.59.0;63.114.60.255;40.7128;-74.006
63.114.61.0;63.114.62.255;42.3601;-71.0589
63.114.63.0;63.114.63.255;42.6526;-73.7562
63.114.64.0;63.114.64.255;42.3601;-71.0589
63.114.65.0;63.114.65.255;40.5882;-83.1318
63.114.66.0;63.114.66.255;40.7128;-74.006
63.114.67.0;63.114.67.255;42.3601;-71.0589
63.114.68.0;63.114.68.255;29.7324;-95.4433
63.114.69.0;63.114.69.255;40.5576;-74.4825
63.114.70.0;63.114.70.127;44.8744;-93.353
63.114.70.128;63.114.71.255;42.6526;-73.7562
63.114.72.0;63.114.72.255;40.7128;-74.006
63.114.73.0;63.114.73.255;41.0815;-81.4656
63.114.74.0;63.114.75.255;37.4083;-122.021
63.114.76.0;63.114.77.255;40.7128;-74.006
63.114.78.0;63.114.79.255;42.3601;-71.0589
63.114.80.0;63.114.80.255;40.7128;-74.006
63.114.81.0;63.114.81.255;42.3601;-71.0589
63.114.82.0;63.114.82.175;41.7902;-87.5873
63.114.82.176;63.114.83.255;42.3601;-71.0589
63.114.84.0;63.114.84.255;40.7128;-74.006
63.114.85.0;63.114.85.255;42.3601;-71.0589
63.114.86.0;63.114.86.255;40.7128;-74.006
63.114.87.0;63.114.87.255;38.678;-121.176
63.114.88.0;63.114.89.255;42.3601;-71.0589
63.114.90.0;63.114.90.255;42.6526;-73.7562
63.114.91.0;63.114.91.255;42.3601;-71.0589
63.114.92.0;63.114.93.255;40.7128;-74.006
63.114.94.0;63.114.94.255;42.6526;-73.7562
63.114.95.0;63.114.97.255;42.3601;-71.0589
63.114.98.0;63.114.98.255;40.7128;-74.006
63.114.99.0;63.114.99.255;42.3601;-71.0589
63.114.100.0;63.114.100.255;42.6526;-73.7562
63.114.101.0;63.114.101.255;42.3601;-71.0589
63.114.102.0;63.114.102.255;40.7128;-74.006
63.114.103.0;63.114.103.255;42.3601;-71.0589
63.114.104.0;63.114.104.255;40.7128;-74.006
63.114.105.0;63.114.105.127;39.8637;-77.3543
63.114.105.128;63.114.106.255;42.3601;-71.0589
63.114.107.0;63.114.107.255;42.6526;-73.7562
63.114.108.0;63.114.108.255;43.905;-70.2575
63.114.109.0;63.114.109.255;42.3601;-71.0589
63.114.110.0;63.114.110.255;42.1451;-70.9037
63.114.111.0;63.114.111.255;38.8938;-77.0489
63.114.112.0;63.114.112.255;42.3601;-71.0589
63.114.113.0;63.114.113.255;42.6526;-73.7562
63.114.114.0;63.114.114.255;42.3601;-71.0589
63.114.115.0;63.114.115.255;40.7128;-74.006
63.114.116.0;63.114.116.255;42.6526;-73.7562
63.114.117.0;63.114.118.255;42.3601;-71.0589
63.114.119.0;63.114.119.255;42.6526;-73.7562
63.114.120.0;63.114.120.255;40.7128;-74.006
63.114.121.0;63.114.123.255;42.3601;-71.0589
63.114.124.0;63.114.124.255;40.7128;-74.006
63.114.125.0;63.114.131.255;42.3601;-71.0589
63.114.132.0;63.114.132.254;33.5529;-111.896
63.114.132.255;63.114.133.255;33.553;-111.895
63.114.134.0;63.114.134.255;42.6526;-73.7562
63.114.135.0;63.114.135.255;40.7128;-74.006
63.114.136.0;63.114.136.255;41.6844;-73.8596
63.114.137.0;63.114.137.255;40.7128;-74.006
63.114.138.0;63.114.139.255;42.3601;-71.0589
63.114.140.0;63.114.140.255;47.8954;-97.0461
63.114.141.0;63.114.141.255;42.3601;-71.0589
63.114.142.0;63.114.142.255;40.7357;-74.1724
63.114.143.0;63.114.143.255;42.6526;-73.7562
63.114.144.0;63.114.144.255;42.3601;-71.0589
63.114.145.0;63.114.145.255;40.7128;-74.006
63.114.146.0;63.114.147.255;41.5534;-87.8294
63.114.148.0;63.114.148.255;42.3601;-71.0589
63.114.149.0;63.114.149.255;39.1085;-77.1809
63.114.150.0;63.114.151.191;29.5625;-98.6001
63.114.151.192;63.114.151.255;29.4268;-98.4899
63.114.152.0;63.114.153.255;40.7128;-74.006
63.114.154.0;63.114.154.255;42.3601;-71.0589
63.114.155.0;63.114.155.223;29.7495;-95.482
63.114.155.224;63.114.156.255;42.3601;-71.0589
63.114.157.0;63.114.157.255;28.5563;-81.3408
63.114.158.0;63.114.158.255;42.3601;-71.0589
63.114.159.0;63.114.159.255;40.0411;-74.8249
63.114.160.0;63.114.161.255;42.3601;-71.0589
63.114.162.0;63.114.162.255;40.7128;-74.006
63.114.163.0;63.114.163.255;42.6526;-73.7562
63.114.164.0;63.114.167.255;42.3601;-71.0589
63.114.168.0;63.114.168.255;33.4701;-86.7711
63.114.169.0;63.114.169.255;40.3796;-75.9277
63.114.170.0;63.114.170.255;27.8365;-82.686
63.114.171.0;63.114.171.255;40.7491;-73.9883
63.114.172.0;63.114.172.255;40.0315;-75.6236
63.114.173.0;63.114.173.255;35.0988;-106.565
63.114.174.0;63.114.174.255;39.2009;-84.3785
63.114.175.0;63.114.175.255;42.6526;-73.7562
63.114.176.0;63.114.176.255;39.0418;-77.1074
63.114.177.0;63.114.177.255;32.7411;-97.4371
63.114.178.0;63.114.178.255;42.6526;-73.7562
63.114.179.0;63.114.179.255;40.7128;-74.006
63.114.180.0;63.114.180.255;42.2405;-87.9509
63.114.181.0;63.114.182.255;42.3601;-71.0589
63.114.183.0;63.114.183.255;36.0628;-95.8801
63.114.184.0;63.114.185.255;40.7128;-74.006
63.114.186.0;63.114.186.255;39.032;-77.4237
63.114.187.0;63.114.187.255;40.7372;-114.038
63.114.188.0;63.114.191.255;40.7551;-73.9855
63.114.192.0;63.114.192.255;40.7128;-74.006
63.114.193.0;63.114.193.255;42.3601;-71.0589
63.114.194.0;63.114.194.255;37.3992;-121.937
63.114.195.0;63.114.195.255;27.8843;-82.6641
63.114.196.0;63.114.196.255;38.3066;-77.4799
63.114.197.0;63.114.197.255;40.2379;-111.668
63.114.198.0;63.114.198.255;35.2218;-80.9212
63.114.199.0;63.114.199.255;42.3601;-71.0589
63.114.200.0;63.114.200.255;42.6526;-73.7562
63.114.201.0;63.114.202.255;40.7128;-74.006
63.114.203.0;63.114.203.255;42.3601;-71.0589
63.114.204.0;63.114.205.255;35.2869;-81.2011
63.114.206.0;63.114.206.255;40.7128;-74.006
63.114.207.0;63.114.207.255;42.3601;-71.0589
63.114.208.0;63.114.208.255;38.9072;-77.0369
63.114.209.0;63.114.209.255;42.6526;-73.7562
63.114.210.0;63.114.210.223;25.797;-80.3381
63.114.210.224;63.114.213.255;42.3601;-71.0589
63.114.214.0;63.114.214.255;42.6526;-73.7562
63.114.215.0;63.114.217.255;42.3601;-71.0589
63.114.218.0;63.114.218.255;40.7128;-74.006
63.114.219.0;63.114.219.255;42.6526;-73.7562
63.114.220.0;63.114.222.255;42.3601;-71.0589
63.114.223.0;63.114.223.255;40.7128;-74.006
63.114.224.0;63.114.224.191;30.2653;-97.7429
63.114.224.192;63.114.225.255;42.3601;-71.0589
63.114.226.0;63.114.226.119;36.8407;-76.1436
63.114.226.120;63.114.227.255;40.7128;-74.006
63.114.228.0;63.114.228.255;42.3601;-71.0589
63.114.229.0;63.114.229.255;42.6526;-73.7562
63.114.230.0;63.114.230.255;39.6318;-104.896
63.114.231.0;63.114.233.255;42.3601;-71.0589
63.114.234.0;63.114.234.255;39.2242;-76.8847
63.114.235.0;63.114.235.255;42.3601;-71.0589
63.114.236.0;63.114.236.255;42.239;-88.0393
63.114.237.0;63.114.238.255;42.6526;-73.7562
63.114.239.0;63.114.241.255;42.3601;-71.0589
63.114.242.0;63.114.242.255;40.7128;-74.006
63.114.243.0;63.114.244.255;42.3601;-71.0589
63.114.245.0;63.114.245.255;40.036;-105.242
63.114.246.0;63.114.247.255;42.3601;-71.0589
63.114.248.0;63.114.255.255;28.0034;-82.774
63.115.0.0;63.115.15.255;32.2949;-64.783
63.115.16.0;63.115.16.255;41.8243;-71.4988
63.115.17.0;63.115.17.255;42.3601;-71.0589
63.115.18.0;63.115.18.255;39.8107;-74.5358
63.115.19.0;63.115.19.255;40.7426;-74.0029
63.115.20.0;63.115.20.255;42.3628;-71.0835
63.115.21.0;63.115.21.255;40.7586;-73.9746
63.115.22.0;63.115.22.255;40.8553;-73.9664
63.115.23.0;63.115.23.255;42.3601;-71.0589
63.115.24.0;63.115.27.255;42.3791;-71.0687
63.115.28.0;63.115.28.255;40.752;-73.9795
63.115.29.0;63.115.29.255;40.3674;-74.6857
63.115.30.0;63.115.31.15;40.8802;-74.2961
63.115.31.16;63.115.31.255;40.986;-74.3038
63.115.32.0;63.115.32.255;42.353;-71.0575
63.115.33.0;63.115.33.255;40.7177;-74.0083
63.115.34.0;63.115.34.255;40.6631;-73.7622
63.115.35.0;63.115.35.255;40.7415;-74.0034
63.115.36.0;63.115.38.255;28.7646;-81.3533
63.115.39.0;63.115.39.255;40.9551;-74.2153
63.115.40.0;63.115.40.255;40.7272;-74.0354
63.115.41.0;63.115.41.255;42.282;-83.8014
63.115.42.0;63.115.42.255;40.7561;-73.9902
63.115.43.0;63.115.43.255;33.0176;-96.8389
63.115.44.0;63.115.45.255;40.0744;-75.4109
63.115.46.0;63.115.46.255;41.246;-96.0248
63.115.47.0;63.115.47.255;42.8693;-78.7572
63.115.48.0;63.115.48.255;42.3937;-71.0413
63.115.49.0;63.115.49.255;40.7053;-74.0109
63.115.50.0;63.115.50.255;40.909;-74.0338
63.115.51.0;63.115.51.255;29.7296;-95.5258
63.115.52.0;63.115.52.255;40.7819;-74.4367
63.115.53.0;63.115.53.255;33.9169;-84.3365
63.115.54.0;63.115.54.255;42.4749;-71.2165
63.115.55.0;63.115.55.255;41.0168;-74.2057
63.115.56.0;63.115.56.255;40.7439;-73.9887
63.115.57.0;63.115.57.255;40.6413;-73.7781
63.115.58.0;63.115.58.255;42.4863;-71.1166
63.115.59.0;63.115.59.255;42.6526;-73.7562
63.115.60.0;63.115.60.255;32.8356;-96.923
63.115.61.0;63.115.61.255;40.7052;-74.0162
63.115.62.0;63.115.62.255;42.3601;-71.0589
63.115.63.0;63.115.63.255;42.575;-70.9764
63.115.64.0;63.115.65.255;40.7233;-74.0043
63.115.66.0;63.115.66.255;40.76;-73.9724
63.115.67.0;63.115.67.255;40.7415;-74.0034
63.115.68.0;63.115.68.255;42.3601;-71.0589
63.115.69.0;63.115.69.255;42.6526;-73.7562
63.115.70.0;63.115.70.255;42.1836;-70.9768
63.115.71.0;63.115.71.255;38.3316;-90.407
63.115.72.0;63.115.72.255;40.7083;-73.6287
63.115.73.0;63.115.73.255;39.2055;-84.3652
63.115.74.0;63.115.75.255;41.7971;-72.5068
63.115.76.0;63.115.77.255;38.8837;-77.0303
63.115.78.0;63.115.78.255;42.3657;-71.0927
63.115.79.0;63.115.79.255;42.3601;-71.0589
63.115.80.0;63.115.81.255;40.5451;-74.4947
63.115.82.0;63.115.82.255;40.7561;-73.9902
63.115.83.0;63.115.83.255;40.5338;-79.6471
63.115.84.0;63.115.85.255;38.7699;-77.3839
63.115.86.0;63.115.86.255;30.385;-97.7438
63.115.87.0;63.115.87.255;42.2794;-71.7697
63.115.88.0;63.115.88.255;42.6526;-73.7562
63.115.89.0;63.115.90.255;42.3601;-71.0589
63.115.91.0;63.115.91.255;40.7128;-74.006
63.115.92.0;63.115.92.255;42.3601;-71.0589
63.115.93.0;63.115.93.255;40.7128;-74.006
63.115.94.0;63.115.94.255;42.3601;-71.0589
63.115.95.0;63.115.95.255;40.7128;-74.006
63.115.96.0;63.115.96.255;42.3601;-71.0589
63.115.97.0;63.115.97.255;40.7128;-74.006
63.115.98.0;63.115.99.255;42.3601;-71.0589
63.115.100.0;63.115.100.255;42.3517;-71.1228
63.115.101.0;63.115.101.255;41.1136;-74.1202
63.115.102.0;63.115.102.255;40.4672;-74.4867
63.115.103.0;63.115.103.255;40.7544;-73.9818
63.115.104.0;63.115.104.255;40.7143;-74.006
63.115.105.0;63.115.105.255;42.39;-71.2576
63.115.106.0;63.115.106.255;40.4802;-74.4099
63.115.107.0;63.115.107.255;40.7195;-74.3581
63.115.108.0;63.115.108.255;41.0526;-73.532
63.115.109.0;63.115.109.255;42.3601;-71.0589
63.115.110.0;63.115.111.255;43.905;-70.2575
63.115.112.0;63.115.113.255;34.0464;-117.62
63.115.114.0;63.115.127.255;40.622;-74.2446
63.115.128.0;63.115.128.255;40.8701;-74.4516
63.115.129.0;63.115.129.255;40.0999;-75.4171
63.115.130.0;63.115.131.255;41.0882;-73.8153
63.115.132.0;63.115.135.255;42.377;-71.0803
63.115.136.0;63.115.137.255;40.7542;-73.9798
63.115.138.0;63.115.139.255;43.0335;-88.1408
63.115.140.0;63.115.143.255;41.1669;-74.2589
63.115.144.0;63.115.159.255;39.0587;-76.9645
63.115.160.0;63.115.160.255;40.7128;-74.006
63.115.161.0;63.115.161.255;42.3601;-71.0589
63.115.162.0;63.115.162.255;41.8536;-87.6183
63.115.163.0;63.115.163.255;40.7128;-74.006
63.115.164.0;63.115.164.255;45.5166;-122.535
63.115.165.0;63.115.165.255;40.5731;-75.4801
63.115.166.0;63.115.166.255;38.3051;-88.9489
63.115.167.0;63.115.167.255;42.3601;-71.0589
63.115.168.0;63.115.168.255;41.8206;-71.3629
63.115.169.0;63.115.169.255;38.911;-120.01
63.115.170.0;63.115.170.255;39.6078;-79.9676
63.115.171.0;63.115.171.255;39.6279;-84.2273
63.115.172.0;63.115.172.255;33.8596;-118.314
63.115.173.0;63.115.173.255;35.3691;-80.8316
63.115.174.0;63.115.174.255;38.8665;-77.2341
63.115.175.0;63.115.175.255;42.9136;-77.3
63.115.176.0;63.115.176.255;41.0671;-74.1323
63.115.177.0;63.115.177.255;38.9041;-99.3161
63.115.178.0;63.115.178.255;36.8363;-119.807
63.115.179.0;63.115.179.255;44.0737;-123.109
63.115.180.0;63.115.180.255;46.5643;-120.497
63.115.181.0;63.115.181.255;42.3601;-71.0589
63.115.182.0;63.115.185.255;40.7128;-74.006
63.115.186.0;63.115.188.255;42.3601;-71.0589
63.115.189.0;63.115.189.255;40.7128;-74.006
63.115.190.0;63.115.191.255;42.6526;-73.7562
63.115.192.0;63.115.196.31;42.3601;-71.0589
63.115.196.32;63.115.196.255;37.5511;-122.315
63.115.197.0;63.115.197.255;42.6526;-73.7562
63.115.198.0;63.115.199.255;40.7128;-74.006
63.115.200.0;63.115.202.255;42.3601;-71.0589
63.115.203.0;63.115.203.255;40.7128;-74.006
63.115.204.0;63.115.204.255;42.6526;-73.7562
63.115.205.0;63.115.208.255;42.3601;-71.0589
63.115.209.0;63.115.209.255;42.6526;-73.7562
63.115.210.0;63.115.211.255;42.3601;-71.0589
63.115.212.0;63.115.212.255;40.7759;-73.9777
63.115.213.0;63.115.213.255;42.6526;-73.7562
63.115.214.0;63.115.215.255;42.3601;-71.0589
63.115.216.0;63.115.216.255;40.7128;-74.006
63.115.217.0;63.115.217.239;29.5071;-98.5703
63.115.217.240;63.115.219.79;42.3601;-71.0589
63.115.219.80;63.115.219.255;36.0819;-95.8396
63.115.220.0;63.115.220.255;42.3601;-71.0589
63.115.221.0;63.115.221.255;33.1064;-117.224
63.115.222.0;63.115.222.255;40.7128;-74.006
63.115.223.0;63.115.224.255;42.3601;-71.0589
63.115.225.0;63.115.225.255;42.6526;-73.7562
63.115.226.0;63.115.226.255;40.755;-73.9718
63.115.227.0;63.115.227.255;42.6526;-73.7562
63.115.228.0;63.115.228.255;42.3601;-71.0589
63.115.229.0;63.115.229.255;37.5407;-77.4361
63.115.230.0;63.115.230.23;41.162;-80.0832
63.115.230.24;63.115.232.79;42.3601;-71.0589
63.115.232.80;63.115.232.255;42.1307;-71.0412
63.115.233.0;63.115.234.255;38.9072;-77.0369
63.115.235.0;63.115.235.255;41.8715;-87.8656
63.115.236.0;63.115.236.255;42.3601;-71.0589
63.115.237.0;63.115.237.255;33.4777;-86.7431
63.115.238.0;63.115.238.255;42.6526;-73.7562
63.115.239.0;63.115.239.255;40.7128;-74.006
63.115.240.0;63.115.240.255;40.7834;-73.9662
63.115.241.0;63.115.241.255;39.0738;-77.1343
63.115.242.0;63.115.242.255;34.1309;-118.149
63.115.243.0;63.115.243.255;42.3601;-71.0589
63.115.244.0;63.115.244.255;40.7128;-74.006
63.115.245.0;63.115.245.127;41.8462;-87.9504
63.115.245.128;63.115.247.255;42.3601;-71.0589
63.115.248.0;63.115.255.255;41.8865;-87.6291
63.116.0.0;63.116.0.255;40.7549;-73.9869
63.116.1.0;63.116.1.255;40.7264;-74.0342
63.116.2.0;63.116.2.255;33.8897;-84.4654
63.116.3.0;63.116.3.255;40.7704;-73.8366
63.116.4.0;63.116.4.255;40.7588;-73.9745
63.116.5.0;63.116.5.255;40.7415;-74.0034
63.116.6.0;63.116.6.255;42.3616;-71.2569
63.116.7.0;63.116.7.255;42.0539;-87.871
63.116.8.0;63.116.8.255;42.3601;-71.0589
63.116.9.0;63.116.9.255;40.7645;-73.9799
63.116.10.0;63.116.10.255;41.0056;-74.2438
63.116.11.0;63.116.11.255;42.3538;-71.0574
63.116.12.0;63.116.13.47;39.6292;-79.9566
63.116.13.48;63.116.13.255;39.6472;-79.9235
63.116.14.0;63.116.15.255;39.6292;-79.9566
63.116.16.0;63.116.16.255;40.7415;-74.0034
63.116.17.0;63.116.17.255;42.1456;-72.5285
63.116.18.0;63.116.18.255;42.5698;-83.2313
63.116.19.0;63.116.19.255;40.7772;-73.1026
63.116.20.0;63.116.20.255;40.1135;-75.2877
63.116.21.0;63.116.21.255;39.9954;-74.9969
63.116.22.0;63.116.22.255;40.7552;-74.0018
63.116.23.0;63.116.23.255;40.7128;-74.006
63.116.24.0;63.116.24.255;34.9499;-81.933
63.116.25.0;63.116.25.255;42.117;-72.5469
63.116.26.0;63.116.26.255;42.3547;-71.0602
63.116.27.0;63.116.27.255;40.7434;-73.9385
63.116.28.0;63.116.31.255;40.4365;-80.1451
63.116.32.0;63.116.47.255;37.4042;-121.979
63.116.48.0;63.116.48.255;40.7756;-73.0508
63.116.49.0;63.116.49.255;40.7143;-74.006
63.116.50.0;63.116.50.255;40.7652;-73.9797
63.116.51.0;63.116.51.255;26.1224;-80.2588
63.116.52.0;63.116.52.255;40.8665;-74.41
63.116.53.0;63.116.53.255;40.759;-73.9732
63.116.54.0;63.116.54.255;42.3525;-71.5861
63.116.55.0;63.116.55.255;40.7436;-74.169
63.116.56.0;63.116.56.255;42.3915;-71.2567
63.116.57.0;63.116.57.255;33.9612;-84.4132
63.116.58.0;63.116.58.255;42.3555;-71.0605
63.116.59.0;63.116.59.255;32.8302;-117.134
63.116.60.0;63.116.60.255;40.7615;-73.9714
63.116.61.0;63.116.61.255;41.0866;-73.5158
63.116.62.0;63.116.62.255;40.7088;-74.0068
63.116.63.0;63.116.63.255;40.7622;-73.9729
63.116.64.0;63.116.71.255;40.7759;-73.0265
63.116.72.0;63.116.75.255;40.6485;-74.6417
63.116.76.0;63.116.76.255;42.0848;-71.398
63.116.77.0;63.116.77.255;40.7637;-73.9747
63.116.78.0;63.116.79.255;40.9099;-74.0341
63.116.80.0;63.116.80.255;40.7052;-74.0086
63.116.81.0;63.116.81.255;40.7528;-73.9748
63.116.82.0;63.116.82.255;40.898;-73.9408
63.116.83.0;63.116.83.255;40.7069;-74.3285
63.116.84.0;63.116.84.255;40.7655;-73.9809
63.116.85.0;63.116.85.255;42.295;-71.2032
63.116.86.0;63.116.86.255;40.7608;-73.9718
63.116.87.0;63.116.87.255;40.7572;-73.977
63.116.88.0;63.116.88.255;40.7382;-73.9923
63.116.89.0;63.116.89.255;42.3566;-71.0503
63.116.90.0;63.116.90.255;42.3601;-71.0589
63.116.91.0;63.116.91.255;40.757;-73.9747
63.116.92.0;63.116.92.255;40.7633;-73.9775
63.116.93.0;63.116.93.255;39.7466;-75.549
63.116.94.0;63.116.94.255;40.7128;-74.006
63.116.95.0;63.116.95.255;40.5334;-74.529
63.116.96.0;63.116.96.255;39.7278;-104.94
63.116.97.0;63.116.97.255;40.7291;-74.0078
63.116.98.0;63.116.98.255;41.5218;-71.2913
63.116.99.0;63.116.99.255;40.7589;-73.9751
63.116.100.0;63.116.100.255;40.7598;-73.9746
63.116.101.0;63.116.101.255;40.815;-73.2517
63.116.102.0;63.116.102.255;43.2467;-78.1939
63.116.103.0;63.116.103.255;40.7594;-73.98
63.116.104.0;63.116.105.255;42.9421;-78.8739
63.116.106.0;63.116.106.255;40.7885;-74.0431
63.116.107.0;63.116.107.255;40.7516;-73.9812
63.116.108.0;63.116.108.255;40.7653;-73.9823
63.116.109.0;63.116.109.255;42.3601;-71.0589
63.116.110.0;63.116.110.255;40.7128;-74.006
63.116.111.0;63.116.111.255;42.6526;-73.7562
63.116.112.0;63.116.115.255;42.295;-71.2032
63.116.116.0;63.116.116.255;40.7628;-73.9823
63.116.117.0;63.116.117.255;41.824;-71.4128
63.116.118.0;63.116.119.255;42.3601;-71.0589
63.116.120.0;63.116.122.255;42.0928;-88.0333
63.116.123.0;63.116.123.255;39.7196;-75.1122
63.116.124.0;63.116.124.255;39.9502;-75.1637
63.116.125.0;63.116.125.255;40.5902;-74.6505
63.116.126.0;63.116.126.255;41.0537;-74.0245
63.116.127.0;63.116.127.255;42.53;-71.2554
63.116.128.0;63.116.129.255;40.5599;-74.3145
63.116.130.0;63.116.131.255;42.117;-72.5469
63.116.132.0;63.116.132.255;44.8025;-93.5748
63.116.133.0;63.116.133.255;40.7564;-73.9707
63.116.134.0;63.116.134.255;37.1276;-76.5096
63.116.135.0;63.116.135.255;42.3601;-71.0589
63.116.136.0;63.116.136.255;39.5108;-76.1668
63.116.137.0;63.116.137.255;40.7128;-74.006
63.116.138.0;63.116.138.255;42.377;-71.0803
63.116.139.0;63.116.139.255;41.6409;-85.9264
63.116.140.0;63.116.141.255;40.7529;-73.9961
63.116.142.0;63.116.142.255;42.3601;-71.0589
63.116.143.0;63.116.143.255;40.2272;-74.0027
63.116.144.0;63.116.144.255;40.7862;-74.0691
63.116.145.0;63.116.145.255;40.7411;-73.9853
63.116.146.0;63.116.146.255;40.809;-74.1057
63.116.147.0;63.116.147.255;40.766;-73.9852
63.116.148.0;63.116.148.255;42.3498;-71.0428
63.116.149.0;63.116.149.255;40.591;-73.8906
63.116.150.0;63.116.150.255;40.7069;-74.0113
63.116.151.0;63.116.151.255;42.3601;-71.0589
63.116.152.0;63.116.152.255;41.4997;-81.6824
63.116.153.0;63.116.153.255;40.76;-73.9778
63.116.154.0;63.116.154.255;40.7645;-73.9703
63.116.155.0;63.116.155.255;40.7584;-73.9724
63.116.156.0;63.116.156.255;40.3716;-74.5904
63.116.157.0;63.116.157.255;40.755;-74.0431
63.116.158.0;63.116.158.255;38.7134;-78.1591
63.116.159.0;63.116.159.255;42.3423;-83.4571
63.116.160.0;63.116.160.255;40.7609;-73.9793
63.116.161.0;63.116.161.255;40.7128;-74.006
63.116.162.0;63.116.162.255;42.6526;-73.7562
63.116.163.0;63.116.163.255;35.2279;-80.8453
63.116.164.0;63.116.164.255;42.33;-71.1257
63.116.165.0;63.116.165.255;39.9732;-74.1285
63.116.166.0;63.116.166.255;40.9194;-74.1731
63.116.167.0;63.116.167.255;40.7773;-74.0759
63.116.168.0;63.116.168.255;33.2019;-116.93
63.116.169.0;63.116.169.255;39.4961;-76.6603
63.116.170.0;63.116.170.255;40.761;-73.9781
63.116.171.0;63.116.171.255;40.7605;-73.9733
63.116.172.0;63.116.172.255;41.0781;-74.1447
63.116.173.0;63.116.173.255;41.8327;-87.6869
63.116.174.0;63.116.174.255;40.8837;-74.2802
63.116.175.0;63.116.175.255;40.7393;-74.0279
63.116.176.0;63.116.179.255;40.7838;-73.452
63.116.180.0;63.116.180.255;40.7128;-74.006
63.116.181.0;63.116.181.255;40.7644;-73.9702
63.116.182.0;63.116.182.255;40.7643;-73.9973
63.116.183.0;63.116.183.255;42.3601;-71.0589
63.116.184.0;63.116.185.255;41.8772;-79.148
63.116.186.0;63.116.186.255;40.7128;-74.006
63.116.187.0;63.116.187.255;41.051;-74.0553
63.116.188.0;63.116.188.255;40.706;-74.0088
63.116.189.0;63.116.189.255;42.2646;-71.804
63.116.190.0;63.116.190.255;33.6655;-117.76
63.116.191.0;63.116.191.255;40.7609;-73.9782
63.116.192.0;63.116.192.255;41.4038;-81.6644
63.116.193.0;63.116.193.255;42.3601;-71.0589
63.116.194.0;63.116.195.255;40.753;-73.985
63.116.196.0;63.116.196.255;40.7608;-73.9718
63.116.197.0;63.116.197.255;40.7482;-73.9864
63.116.198.0;63.116.199.255;40.7537;-73.9956
63.116.200.0;63.116.200.255;30.0523;-95.2447
63.116.201.0;63.116.201.255;40.9709;-73.8734
63.116.202.0;63.116.202.255;42.9359;-71.4222
63.116.203.0;63.116.203.255;38.5923;-121.277
63.116.204.0;63.116.204.255;40.7505;-73.9818
63.116.205.0;63.116.205.255;40.0722;-74.1679
63.116.206.0;63.116.206.255;42.6569;-71.1372
63.116.207.0;63.116.207.255;32.8416;-96.9316
63.116.208.0;63.116.208.255;40.7641;-73.9713
63.116.209.0;63.116.209.255;42.3601;-71.0589
63.116.210.0;63.116.210.255;40.3028;-73.9792
63.116.211.0;63.116.211.255;40.7607;-73.9753
63.116.212.0;63.116.213.255;40.749;-73.9753
63.116.214.0;63.116.214.255;40.7258;-74.0051
63.116.215.0;63.116.215.255;40.1736;-75.1013
63.116.216.0;63.116.217.255;40.5381;-74.5462
63.116.218.0;63.116.218.255;40.7415;-74.0034
63.116.219.0;63.116.219.255;42.6526;-73.7562
63.116.220.0;63.116.220.255;40.7403;-73.9957
63.116.221.0;63.116.221.255;37.9295;-122.022
63.116.222.0;63.116.223.255;40.7433;-74.0079
63.116.224.0;63.116.224.255;30.6654;-88.172
63.116.225.0;63.116.225.255;40.7724;-73.9879
63.116.226.0;63.116.226.255;42.461;-70.9475
63.116.227.0;63.116.227.255;30.3322;-81.6556
63.116.228.0;63.116.228.255;40.8051;-73.9128
63.116.229.0;63.116.229.255;40.2732;-76.8867
63.116.230.0;63.116.230.255;40.8869;-74.4445
63.116.231.0;63.116.231.255;40.7221;-74.0046
63.116.232.0;63.116.232.255;40.9331;-73.9662
63.116.233.0;63.116.233.255;41.0199;-73.6482
63.116.234.0;63.116.234.255;40.7643;-73.9707
63.116.235.0;63.116.235.255;41.0804;-73.5477
63.116.236.0;63.116.236.255;39.5315;-75.1312
63.116.237.0;63.116.237.255;40.7586;-73.9858
63.116.238.0;63.116.238.255;42.3999;-71.2532
63.116.239.0;63.116.239.255;39.1575;-75.5235
63.116.240.0;63.116.240.255;42.3601;-71.0589
63.116.241.0;63.116.241.255;42.3542;-71.0546
63.116.242.0;63.116.242.255;40.7368;-74.1734
63.116.243.0;63.116.243.255;41.4209;-75.6318
63.116.244.0;63.116.244.255;42.3644;-71.0891
63.116.245.0;63.116.245.255;40.7128;-74.006
63.116.246.0;63.116.246.255;42.3649;-71.0888
63.116.247.0;63.116.247.255;40.7576;-73.9916
63.116.248.0;63.116.248.255;39.8676;-75.0478
63.116.249.0;63.116.249.255;41.1394;-73.3638
63.116.250.0;63.116.250.255;40.7518;-73.9917
63.116.251.0;63.116.251.255;39.9504;-74.95
63.116.252.0;63.116.252.255;42.3638;-71.2019
63.116.253.0;63.116.253.255;42.3082;-75.3979
63.116.254.0;63.116.254.255;40.7551;-73.9783
63.116.255.0;63.116.255.255;40.7547;-73.9828
63.117.0.0;63.117.0.255;40.8046;-73.9632
63.117.1.0;63.117.1.255;40.7357;-74.1724
63.117.2.0;63.117.2.255;44.9116;-93.426
63.117.3.0;63.117.3.255;40.7357;-74.1724
63.117.4.0;63.117.7.255;39.7278;-104.94
63.117.8.0;63.117.9.255;40.5537;-74.4571
63.117.10.0;63.117.10.255;25.6315;-80.3499
63.117.11.0;63.117.11.255;40.9703;-73.7034
63.117.12.0;63.117.12.255;43.1553;-77.6063
63.117.13.0;63.117.13.255;40.7414;-73.6086
63.117.14.0;63.117.14.255;40.7143;-74.006
63.117.15.0;63.117.15.255;40.7357;-74.1724
63.117.16.0;63.117.16.255;40.7509;-73.9777
63.117.17.0;63.117.17.255;40.5151;-74.3199
63.117.18.0;63.117.19.255;40.9973;-74.0398
63.117.20.0;63.117.20.255;40.7597;-73.9768
63.117.21.0;63.117.21.255;40.7877;-73.551
63.117.22.0;63.117.22.255;39.116;-77.1917
63.117.23.0;63.117.23.255;40.7128;-74.006
63.117.24.0;63.117.31.255;38.8035;-77.5105
63.117.32.0;63.117.32.255;40.7367;-73.987
63.117.33.0;63.117.34.127;42.3601;-71.0589
63.117.34.128;63.117.34.255;42.7098;-71.1507
63.117.35.0;63.117.35.255;40.4406;-79.994
63.117.36.0;63.117.37.255;42.4908;-71.2248
63.117.38.0;63.117.38.255;40.7202;-73.9986
63.117.39.0;63.117.39.255;42.3601;-71.0589
63.117.40.0;63.117.47.255;41.6024;-72.878
63.117.48.0;63.117.48.255;41.4043;-81.8772
63.117.49.0;63.117.49.255;42.3705;-71.275
63.117.50.0;63.117.50.255;40.7577;-73.9742
63.117.51.0;63.117.51.255;40.7128;-74.006
63.117.52.0;63.117.52.255;40.7423;-73.9863
63.117.53.0;63.117.53.255;42.3601;-71.0589
63.117.54.0;63.117.54.255;40.745;-73.9847
63.117.55.0;63.117.55.255;42.3601;-71.0589
63.117.56.0;63.117.56.255;40.7551;-73.9782
63.117.57.0;63.117.57.255;40.7626;-73.9745
63.117.58.0;63.117.58.255;42.3545;-71.0553
63.117.59.0;63.117.59.255;40.7637;-73.9762
63.117.60.0;63.117.60.255;40.7633;-73.9775
63.117.61.0;63.117.61.255;42.3545;-71.0553
63.117.62.0;63.117.62.255;41.0259;-73.6298
63.117.63.0;63.117.63.255;42.3568;-71.0539
63.117.64.0;63.117.64.255;40.7571;-73.99
63.117.65.0;63.117.65.255;42.0141;-88.3134
63.117.66.0;63.117.66.255;41.0649;-74.1224
63.117.67.0;63.117.67.255;40.7514;-73.9764
63.117.68.0;63.117.68.255;40.828;-74.0437
63.117.69.0;63.117.69.255;40.7341;-74.1724
63.117.70.0;63.117.70.255;39.9526;-75.1652
63.117.71.0;63.117.71.255;40.8187;-74.1532
63.117.72.0;63.117.74.255;42.3601;-71.0589
63.117.75.0;63.117.75.255;42.6526;-73.7562
63.117.76.0;63.117.76.255;42.2231;-71.5056
63.117.77.0;63.117.77.255;40.4962;-74.4413
63.117.78.0;63.117.78.255;42.377;-71.0803
63.117.79.0;63.117.79.255;40.7093;-74.0079
63.117.80.0;63.117.95.255;39.0587;-76.9645
63.117.96.0;63.117.96.255;40.762;-73.9762
63.117.97.0;63.117.97.255;40.4741;-88.9782
63.117.98.0;63.117.98.255;40.4365;-80.1451
63.117.99.0;63.117.99.255;33.8021;-118.026
63.117.100.0;63.117.100.63;40.7734;-73.4206
63.117.100.64;63.117.101.255;42.3601;-71.0589
63.117.102.0;63.117.102.255;42.3515;-71.0761
63.117.103.0;63.117.103.255;42.37;-71.0796
63.117.104.0;63.117.104.255;41.8536;-87.6183
63.117.105.0;63.117.105.255;41.6511;-72.6764
63.117.106.0;63.117.106.255;40.7523;-73.9784
63.117.107.0;63.117.107.255;40.7651;-73.9833
63.117.108.0;63.117.108.255;40.7436;-73.9842
63.117.109.0;63.117.109.255;42.2038;-71.0022
63.117.110.0;63.117.110.255;40.7351;-73.178
63.117.111.0;63.117.111.255;42.3569;-71.0503
63.117.112.0;63.117.112.255;40.6446;-74.6403
63.117.113.0;63.117.113.255;38.9434;-94.5299
63.117.114.0;63.117.114.255;40.4481;-74.4156
63.117.115.0;63.117.115.255;40.7446;-74.1706
63.117.116.0;63.117.117.255;39.0677;-77.1569
63.117.118.0;63.117.119.255;38.9541;-77.4282
63.117.120.0;63.117.120.255;40.7128;-74.006
63.117.121.0;63.117.121.255;40.758;-73.9823
63.117.122.0;63.117.122.255;42.3601;-71.0589
63.117.123.0;63.117.123.255;40.3559;-74.6109
63.117.124.0;63.117.124.255;40.7613;-73.9774
63.117.125.0;63.117.125.255;42.3601;-71.0589
63.117.126.0;63.117.126.255;40.7411;-74.034
63.117.127.0;63.117.127.255;40.7128;-74.006
63.117.128.0;63.117.128.255;32.9789;-96.8266
63.117.129.0;63.117.129.255;33.0058;-97.247
63.117.130.0;63.117.130.255;33.6382;-117.851
63.117.131.0;63.117.131.255;42.2963;-71.4912
63.117.132.0;63.117.135.255;40.7136;-74.015
63.117.136.0;63.117.137.63;42.3601;-71.0589
63.117.137.64;63.117.137.255;40.8533;-74.3357
63.117.138.0;63.117.138.255;41.8956;-72.6479
63.117.139.0;63.117.139.255;41.7377;-71.4554
63.117.140.0;63.117.140.255;37.7912;-122.398
63.117.141.0;63.117.141.255;44.084;-93.225
63.117.142.0;63.117.142.255;40.754;-73.9813
63.117.143.0;63.117.143.255;41.0222;-73.6259
63.117.144.0;63.117.151.255;39.0587;-76.9645
63.117.152.0;63.117.152.255;40.9596;-73.8096
63.117.153.0;63.117.159.255;39.0587;-76.9645
63.117.160.0;63.117.160.255;42.3545;-71.0553
63.117.161.0;63.117.161.255;42.3601;-71.0589
63.117.162.0;63.117.162.255;40.7604;-73.9726
63.117.163.0;63.117.163.255;40.753;-73.9808
63.117.164.0;63.117.164.255;40.7622;-73.9729
63.117.165.0;63.117.165.255;40.7609;-73.9738
63.117.166.0;63.117.166.255;42.3545;-71.0553
63.117.167.0;63.117.167.255;40.7623;-73.975
63.117.168.0;63.117.168.255;40.5863;-74.6265
63.117.169.0;63.117.169.255;29.7943;-95.2535
63.117.170.0;63.117.170.255;40.7033;-74.0089
63.117.171.0;63.117.171.255;40.7503;-73.9842
63.117.172.0;63.117.172.255;40.831;-74.0991
63.117.173.0;63.117.173.255;40.7174;-73.4053
63.117.174.0;63.117.174.255;40.7331;-73.9924
63.117.175.0;63.117.175.255;40.7559;-73.9785
63.117.176.0;63.117.176.255;40.5622;-74.3344
63.117.177.0;63.117.177.255;40.7086;-74.0113
63.117.178.0;63.117.178.255;40.9843;-73.674
63.117.179.0;63.117.179.255;40.7249;-74.0347
63.117.180.0;63.117.180.255;40.7929;-73.4711
63.117.181.0;63.117.181.255;40.7649;-73.9791
63.117.182.0;63.117.182.255;40.7595;-73.9823
63.117.183.0;63.117.183.255;40.7128;-74.006
63.117.184.0;63.117.184.255;42.3601;-71.0589
63.117.185.0;63.117.185.255;40.7624;-73.8416
63.117.186.0;63.117.186.255;37.5977;-77.5116
63.117.187.0;63.117.187.255;40.7417;-74.0078
63.117.188.0;63.117.188.255;40.758;-73.9716
63.117.189.0;63.117.189.255;40.7626;-111.889
63.117.190.0;63.117.190.255;40.8061;-74.108
63.117.191.0;63.117.191.255;41.8536;-87.6183
63.117.192.0;63.117.195.255;40.7532;-73.9791
63.117.196.0;63.117.196.255;33.6795;-117.838
63.117.197.0;63.117.197.255;36.6232;-121.922
63.117.198.0;63.117.198.255;39.8561;-75.368
63.117.199.0;63.117.199.255;40.7128;-74.006
63.117.200.0;63.117.200.255;40.7051;-74.0092
63.117.201.0;63.117.201.255;39.0164;-77.459
63.117.202.0;63.117.202.255;42.461;-70.9475
63.117.203.0;63.117.203.255;40.7128;-74.006
63.117.204.0;63.117.204.255;41.0288;-73.5998
63.117.205.0;63.117.205.255;40.636;-74.2655
63.117.206.0;63.117.206.255;40.3396;-74.0985
63.117.207.0;63.117.207.255;40.9195;-74.1697
63.117.208.0;63.117.208.255;42.3506;-71.074
63.117.209.0;63.117.209.255;35.1883;-80.9237
63.117.210.0;63.117.210.255;40.7769;-73.874
63.117.211.0;63.117.211.255;41.2899;-72.3854
63.117.212.0;63.117.212.255;40.2142;-74.6901
63.117.213.0;63.117.213.255;40.7562;-73.9828
63.117.214.0;63.117.214.255;42.4042;-71.2564
63.117.215.0;63.117.215.255;40.7143;-74.006
63.117.216.0;63.117.216.255;42.6526;-73.7562
63.117.217.0;63.117.217.255;42.4722;-71.2481
63.117.218.0;63.117.218.255;41.2409;-73.1477
63.117.219.0;63.117.219.255;40.0138;-75.118
63.117.220.0;63.117.221.255;42.4184;-71.1062
63.117.222.0;63.117.222.255;41.0226;-73.6269
63.117.223.0;63.117.223.255;40.7644;-73.9702
63.117.224.0;63.117.224.255;42.3601;-71.0589
63.117.225.0;63.117.225.255;42.9956;-71.4682
63.117.226.0;63.117.226.255;42.5942;-76.6153
63.117.227.0;63.117.228.31;42.3601;-71.0589
63.117.228.32;63.117.228.255;40.017;-105.276
63.117.229.0;63.117.229.255;40.445;-80.1663
63.117.230.0;63.117.231.255;40.7083;-73.6287
63.117.232.0;63.117.232.255;40.7116;-74.0139
63.117.233.0;63.117.233.255;38.2761;-85.5045
63.117.234.0;63.117.234.255;42.5936;-71.1503
63.117.235.0;63.117.235.255;42.6526;-73.7562
63.117.236.0;63.117.236.255;40.6633;-74.1778
63.117.237.0;63.117.237.255;41.8855;-71.3625
63.117.238.0;63.117.238.255;40.7341;-73.5967
63.117.239.0;63.117.239.255;41.1855;-80.45
63.117.240.0;63.117.240.255;42.3601;-71.0589
63.117.241.0;63.117.241.255;42.3629;-71.1015
63.117.242.0;63.117.242.255;42.1424;-71.4894
63.117.243.0;63.117.243.255;40.7602;-73.9748
63.117.244.0;63.117.245.255;40.6958;-73.5851
63.117.246.0;63.117.247.255;42.1028;-72.5917
63.117.248.0;63.117.248.255;42.3601;-71.0589
63.117.249.0;63.117.249.255;40.7473;-73.8517
63.117.250.0;63.117.250.255;40.8606;-74.0368
63.117.251.0;63.117.251.255;36.8446;-76.1792
63.117.252.0;63.117.252.255;39.8757;-75.0082
63.117.253.0;63.117.253.255;41.1936;-79.398
63.117.254.0;63.117.254.255;34.2601;-83.8681
63.117.255.0;63.117.255.255;40.7521;-73.9802
63.118.0.0;63.118.1.255;42.3601;-71.0589
63.118.2.0;63.118.2.255;41.8772;-79.148
63.118.3.0;63.118.3.255;42.5156;-71.7576
63.118.4.0;63.118.4.255;40.7128;-74.006
63.118.5.0;63.118.5.255;40.7373;-73.9922
63.118.6.0;63.118.6.255;40.2719;-74.6712
63.118.7.0;63.118.7.255;42.3601;-71.0589
63.118.8.0;63.118.8.255;40.7509;-73.9833
63.118.9.0;63.118.9.255;40.7492;-74.1482
63.118.10.0;63.118.10.255;42.3601;-71.0589
63.118.11.0;63.118.11.255;40.7259;-74.1051
63.118.12.0;63.118.12.255;42.6058;-71.2821
63.118.13.0;63.118.13.255;42.5506;-71.2153
63.118.14.0;63.118.14.255;38.8978;-77.0317
63.118.15.0;63.118.15.255;38.8721;-77.1036
63.118.16.0;63.118.16.255;40.8192;-74.3905
63.118.17.0;63.118.17.255;40.7519;-73.9756
63.118.18.0;63.118.18.255;41.8536;-87.6183
63.118.19.0;63.118.19.255;41.0349;-74.073
63.118.20.0;63.118.20.255;38.9909;-77.4198
63.118.21.0;63.118.21.255;32.8502;-96.938
63.118.22.0;63.118.22.255;38.6739;-77.237
63.118.23.0;63.118.23.255;41.0349;-74.073
63.118.24.0;63.118.24.255;35.9933;-79.8739
63.118.25.0;63.118.25.255;40.7511;-73.9836
63.118.26.0;63.118.26.255;41.0534;-73.9554
63.118.27.0;63.118.27.255;32.8209;-96.869
63.118.28.0;63.118.28.255;25.8195;-80.3328
63.118.29.0;63.118.29.255;42.4094;-71.2758
63.118.30.0;63.118.30.255;42.3508;-71.07
63.118.31.0;63.118.31.255;40.1302;-75.2742
63.118.32.0;63.118.39.255;39.2032;-76.6825
63.118.40.0;63.118.41.255;40.8042;-73.2037
63.118.42.0;63.118.42.255;40.2869;-74.702
63.118.43.0;63.118.43.255;40.7578;-73.9743
63.118.44.0;63.118.44.255;40.755;-73.9818
63.118.45.0;63.118.45.255;40.7128;-74.006
63.118.46.0;63.118.46.255;42.1681;-71.1108
63.118.47.0;63.118.47.255;40.4109;-80.4833
63.118.48.0;63.118.48.255;42.6526;-73.7562
63.118.49.0;63.118.49.255;38.8035;-76.0634
63.118.50.0;63.118.50.255;42.6149;-70.6577
63.118.51.0;63.118.51.255;40.7128;-74.006
63.118.52.0;63.118.55.255;40.8042;-73.2037
63.118.56.0;63.118.57.255;42.6498;-73.7616
63.118.58.0;63.118.58.255;40.7128;-74.006
63.118.59.0;63.118.59.255;38.7258;-77.1162
63.118.60.0;63.118.60.255;42.3565;-71.0534
63.118.61.0;63.118.61.255;35.7658;-78.7299
63.118.62.0;63.118.62.255;37.7918;-122.399
63.118.63.0;63.118.63.255;40.2753;-80.1673
63.118.64.0;63.118.65.255;40.4465;-79.9501
63.118.66.0;63.118.66.255;41.0445;-73.8046
63.118.67.0;63.118.67.255;32.9292;-96.8413
63.118.68.0;63.118.68.255;40.302;-111.699
63.118.69.0;63.118.69.255;40.7415;-74.0034
63.118.70.0;63.118.70.255;40.811;-96.7024
63.118.71.0;63.118.71.255;42.1681;-71.1992
63.118.72.0;63.118.72.255;41.3154;-72.3519
63.118.73.0;63.118.73.255;40.7117;-73.4023
63.118.74.0;63.118.74.255;42.6526;-73.7562
63.118.75.0;63.118.76.255;42.3601;-71.0589
63.118.77.0;63.118.77.255;40.9529;-74.2488
63.118.78.0;63.118.78.255;40.461;-74.4916
63.118.79.0;63.118.79.255;42.3525;-71.0563
63.118.80.0;63.118.80.255;41.9613;-71.0363
63.118.81.0;63.118.81.255;41.049;-73.5435
63.118.82.0;63.118.82.255;41.0333;-73.5339
63.118.83.0;63.118.83.255;40.7638;-73.973
63.118.84.0;63.118.84.255;40.7085;-74.0129
63.118.85.0;63.118.85.255;40.7613;-73.9882
63.118.86.0;63.118.86.255;40.7523;-73.9784
63.118.87.0;63.118.87.255;42.3008;-122.85
63.118.88.0;63.118.88.255;42.3589;-71.0554
63.118.89.0;63.118.89.255;37.6643;-77.4596
63.118.90.0;63.118.90.255;42.6526;-73.7562
63.118.91.0;63.118.91.255;40.7128;-74.006
63.118.92.0;63.118.92.255;41.8823;-87.6344
63.118.93.0;63.118.93.255;42.3693;-71.0878
63.118.94.0;63.118.94.255;42.3518;-71.0698
63.118.95.0;63.118.95.255;40.2147;-74.0378
63.118.96.0;63.118.96.255;40.7128;-74.006
63.118.97.0;63.118.97.255;38.8026;-77.2133
63.118.98.0;63.118.98.255;39.8002;-89.6414
63.118.99.0;63.118.99.255;40.1455;-82.9616
63.118.100.0;63.118.100.255;38.8046;-77.0586
63.118.101.0;63.118.101.255;41.8885;-87.8027
63.118.102.0;63.118.102.255;38.7242;-77.28
63.118.103.0;63.118.103.255;40.7597;-73.973
63.118.104.0;63.118.111.255;32.9476;-117.242
63.118.112.0;63.118.112.255;42.3567;-71.0539
63.118.113.0;63.118.113.255;41.8536;-87.6183
63.118.114.0;63.118.114.255;42.6949;-71.1982
63.118.115.0;63.118.115.255;40.7886;-73.7281
63.118.116.0;63.118.119.255;40.7654;-85.1635
63.118.120.0;63.118.120.255;40.7102;-74.0106
63.118.121.0;63.118.121.255;31.5288;-97.1607
63.118.122.0;63.118.122.255;40.712;-73.4218
63.118.123.0;63.118.123.255;37.1286;-121.653
63.118.124.0;63.118.127.255;37.3853;-121.925
63.118.128.0;63.118.129.255;41.745;-71.4658
63.118.130.0;63.118.130.255;47.6175;-122.333
63.118.131.0;63.118.131.255;40.9595;-74.0534
63.118.132.0;63.118.132.255;41.5058;-81.6889
63.118.133.0;63.118.133.255;39.0699;-77.1545
63.118.134.0;63.118.134.255;39.7668;-86.1607
63.118.135.0;63.118.135.255;40.7052;-74.0162
63.118.136.0;63.118.143.255;42.3791;-71.0687
63.118.144.0;63.118.144.255;38.9332;-77.0848
63.118.145.0;63.118.145.255;42.4772;-71.2092
63.118.146.0;63.118.146.255;42.3573;-71.6082
63.118.147.0;63.118.147.255;42.3601;-71.0589
63.118.148.0;63.118.148.255;39.5372;-104.866
63.118.149.0;63.118.149.255;40.7029;-74.0139
63.118.150.0;63.118.150.255;42.3601;-71.0589
63.118.151.0;63.118.151.255;40.7128;-74.006
63.118.152.0;63.118.153.49;26.6397;-81.8763
63.118.153.50;63.118.153.255;26.5588;-81.8879
63.118.154.0;63.118.154.255;41.8789;-87.6372
63.118.155.0;63.118.155.255;40.7128;-74.006
63.118.156.0;63.118.156.255;44.9597;-93.3702
63.118.157.0;63.118.157.255;44.8615;-93.3794
63.118.158.0;63.118.158.255;32.2734;-90.1533
63.118.159.0;63.118.159.255;40.7128;-74.006
63.118.160.0;63.118.161.255;40.709;-74.3453
63.118.162.0;63.118.162.255;40.7577;-73.9762
63.118.163.0;63.118.164.255;40.7759;-73.9628
63.118.165.0;63.118.165.255;40.7393;-73.9929
63.118.166.0;63.118.166.255;42.9957;-78.1582
63.118.167.0;63.118.167.255;42.2287;-87.9527
63.118.168.0;63.118.168.255;37.788;-122.406
63.118.169.0;63.118.169.255;40.4862;-74.4518
63.118.170.0;63.118.170.255;39.0376;-77.4158
63.118.171.0;63.118.171.255;40.3693;-74.6509
63.118.172.0;63.118.173.255;32.8073;-96.8688
63.118.174.0;63.118.174.255;40.7672;-73.991
63.118.175.0;63.118.175.255;40.815;-73.2517
63.118.176.0;63.118.176.255;40.753;-73.985
63.118.177.0;63.118.177.255;42.4062;-71.1013
63.118.178.0;63.118.178.255;40.7596;-73.9762
63.118.179.0;63.118.179.255;40.7586;-73.9858
63.118.180.0;63.118.180.255;40.8384;-74.8243
63.118.181.0;63.118.181.255;40.7177;-74.0083
63.118.182.0;63.118.182.255;41.8466;-87.9633
63.118.183.0;63.118.183.255;42.3542;-71.0514
63.118.184.0;63.118.184.255;40.6867;-73.9762
63.118.185.0;63.118.185.255;40.7652;-73.9785
63.118.186.0;63.118.186.255;40.7179;-74.034
63.118.187.0;63.118.187.255;42.6101;-71.1607
63.118.188.0;63.118.188.255;42.5595;-70.8863
63.118.189.0;63.118.189.255;41.5294;-71.2987
63.118.190.0;63.118.190.255;42.3507;-71.0733
63.118.191.0;63.118.191.255;42.5077;-71.2422
63.118.192.0;63.118.192.255;45.9408;-102.159
63.118.193.0;63.118.193.255;40.7605;-73.9789
63.118.194.0;63.118.195.255;40.988;-73.825
63.118.196.0;63.118.196.255;40.7128;-74.006
63.118.197.0;63.118.197.255;42.3966;-71.2676
63.118.198.0;63.118.199.255;41.931;-84.6411
63.118.200.0;63.118.201.255;40.7601;-73.9745
63.118.202.0;63.118.202.255;38.9436;-77.0777
63.118.203.0;63.118.203.255;40.7128;-74.006
63.118.204.0;63.118.205.255;36.0569;-79.65
63.118.206.0;63.118.206.255;40.7648;-73.9778
63.118.207.0;63.118.207.255;42.3601;-71.0589
63.118.208.0;63.118.208.255;40.7357;-74.1724
63.118.209.0;63.118.209.255;40.7577;-73.9901
63.118.210.0;63.118.210.255;40.6951;-73.9847
63.118.211.0;63.118.211.255;41.8536;-87.6183
63.118.212.0;63.118.212.255;42.4868;-71.1969
63.118.213.0;63.118.213.255;40.7519;-73.9797
63.118.214.0;63.118.214.255;40.5449;-74.4953
63.118.215.0;63.118.215.255;41.2386;-73.145
63.118.216.0;63.118.216.255;42.3601;-71.0589
63.118.217.0;63.118.217.255;40.7128;-74.006
63.118.218.0;63.118.218.255;42.3601;-71.0589
63.118.219.0;63.118.219.255;40.7128;-74.006
63.118.220.0;63.118.220.255;40.8439;-74.4598
63.118.221.0;63.118.221.255;42.6526;-73.7562
63.118.222.0;63.118.222.255;42.3975;-71.1235
63.118.223.0;63.118.224.255;42.3601;-71.0589
63.118.225.0;63.118.225.255;33.6902;-117.858
63.118.226.0;63.118.226.255;34.1451;-118.362
63.118.227.0;63.118.227.255;43.0115;-75.004
63.118.228.0;63.118.228.255;38.9072;-77.0369
63.118.229.0;63.118.229.255;40.7212;-74.1802
63.118.230.0;63.118.230.255;42.3547;-71.0602
63.118.231.0;63.118.231.255;42.3671;-71.0773
63.118.232.0;63.118.233.255;41.3765;-73.4977
63.118.234.0;63.118.234.255;42.3601;-71.0589
63.118.235.0;63.118.235.255;40.7605;-73.9753
63.118.236.0;63.118.237.255;40.7292;-74.0055
63.118.238.0;63.118.238.255;40.7128;-74.006
63.118.239.0;63.118.239.255;38.8595;-77.3338
63.118.240.0;63.118.240.255;39.1433;-77.2199
63.118.241.0;63.118.241.255;40.7545;-73.9745
63.118.242.0;63.118.242.255;37.7912;-122.398
63.118.243.0;63.118.243.255;40.8654;-73.973
63.118.244.0;63.118.245.255;42.498;-71.5428
63.118.246.0;63.118.246.255;42.4719;-71.2632
63.118.247.0;63.118.247.255;38.9623;-76.9347
63.118.248.0;63.118.248.255;42.6526;-73.7562
63.118.249.0;63.118.249.255;42.3601;-71.0589
63.118.250.0;63.118.251.255;42.3635;-71.3889
63.118.252.0;63.118.255.255;42.3649;-71.0888
63.119.0.0;63.119.7.255;38.5973;-121.274
63.119.8.0;63.119.8.255;25.7272;-80.3153
63.119.9.0;63.119.9.255;42.4657;-83.2217
63.119.10.0;63.119.10.255;40.7404;-75.3096
63.119.11.0;63.119.11.255;41.0611;-74.0667
63.119.12.0;63.119.13.255;40.3759;-80.384
63.119.14.0;63.119.14.255;39.9512;-76.7325
63.119.15.0;63.119.15.255;40.7581;-73.9789
63.119.16.0;63.119.17.255;34.0511;-118.266
63.119.18.0;63.119.19.255;40.7128;-74.006
63.119.20.0;63.119.20.255;43.0211;-78.7846
63.119.21.0;63.119.21.255;33.7924;-78.7666
63.119.22.0;63.119.23.255;40.3946;-74.1731
63.119.24.0;63.119.24.255;30.337;-97.6772
63.119.25.0;63.119.25.255;42.3601;-71.0589
63.119.26.0;63.119.26.255;40.8554;-81.4314
63.119.27.0;63.119.27.255;42.6526;-73.7562
63.119.28.0;63.119.29.255;37.381;-121.993
63.119.30.0;63.119.30.255;28.025;-82.4934
63.119.31.0;63.119.31.255;40.7041;-74.0111
63.119.32.0;63.119.32.255;41.8053;-88.2019
63.119.33.0;63.119.33.255;40.7536;-73.9781
63.119.34.0;63.119.34.255;42.7058;-71.1531
63.119.35.0;63.119.35.255;40.7128;-74.006
63.119.36.0;63.119.36.255;40.4406;-79.9959
63.119.37.0;63.119.37.255;40.7652;-73.9797
63.119.38.0;63.119.39.255;35.1605;-101.874
63.119.40.0;63.119.40.255;40.7128;-74.006
63.119.41.0;63.119.43.255;42.3601;-71.0589
63.119.44.0;63.119.45.255;42.3893;-71.2606
63.119.46.0;63.119.46.255;40.6407;-74.7739
63.119.47.0;63.119.47.255;41.0307;-73.6251
63.119.48.0;63.119.48.255;40.8464;-74.0392
63.119.49.0;63.119.49.255;21.301;-157.86
63.119.50.0;63.119.50.255;40.7603;-73.9762
63.119.51.0;63.119.51.255;42.3601;-71.0589
63.119.52.0;63.119.52.255;39.1058;-77.1842
63.119.53.0;63.119.53.255;38.985;-77.0952
63.119.54.0;63.119.55.255;39.2843;-76.645
63.119.56.0;63.119.56.255;42.3601;-71.0589
63.119.57.0;63.119.57.255;40.6108;-74.2941
63.119.58.0;63.119.58.255;41.0593;-74.0519
63.119.59.0;63.119.59.255;40.7128;-74.006
63.119.60.0;63.119.60.127;40.7224;-74.0079
63.119.60.128;63.119.61.255;40.7128;-74.006
63.119.62.0;63.119.62.255;40.6234;-73.7457
63.119.63.0;63.119.63.255;42.3601;-71.0589
63.119.64.0;63.119.64.255;40.7128;-74.006
63.119.65.0;63.119.65.255;42.3601;-71.0589
63.119.66.0;63.119.66.255;42.3573;-71.6082
63.119.67.0;63.119.67.255;40.886;-74.4593
63.119.68.0;63.119.68.255;40.6525;-74.3218
63.119.69.0;63.119.69.255;40.7625;-73.9725
63.119.70.0;63.119.70.255;33.6704;-117.858
63.119.71.0;63.119.71.255;42.9353;-78.8423
63.119.72.0;63.119.72.255;44.669;-73.4575
63.119.73.0;63.119.73.255;40.7627;-73.9809
63.119.74.0;63.119.74.255;41.055;-73.5377
63.119.75.0;63.119.75.255;38.863;-77.3355
63.119.76.0;63.119.78.255;42.3601;-71.0589
63.119.79.0;63.119.79.255;41.2128;-73.1551
63.119.80.0;63.119.80.255;40.7548;-73.9849
63.119.81.0;63.119.81.255;40.9152;-74.0547
63.119.82.0;63.119.82.255;41.0537;-74.0245
63.119.83.0;63.119.83.255;40.049;-75.5272
63.119.84.0;63.119.84.255;42.1583;-70.8774
63.119.85.0;63.119.85.255;42.3927;-71.1198
63.119.86.0;63.119.86.255;40.9445;-74.0754
63.119.87.0;63.119.87.255;40.7128;-74.006
63.119.88.0;63.119.88.255;40.2804;-74.7921
63.119.89.0;63.119.89.255;40.9032;-74.1295
63.119.90.0;63.119.90.255;42.3601;-71.0589
63.119.91.0;63.119.91.255;37.791;-122.4
63.119.92.0;63.119.92.255;40.7038;-74.0128
63.119.93.0;63.119.93.255;40.7594;-73.98
63.119.94.0;63.119.94.255;40.7128;-74.006
63.119.95.0;63.119.95.255;42.5506;-71.2153
63.119.96.0;63.119.97.63;40.7128;-74.006
63.119.97.64;63.119.97.255;41.041;-74.1176
63.119.98.0;63.119.98.255;40.7128;-74.006
63.119.99.0;63.119.99.255;42.3601;-71.0589
63.119.100.0;63.119.100.255;40.7572;-73.9726
63.119.101.0;63.119.101.255;40.7357;-74.1724
63.119.102.0;63.119.102.255;42.6526;-73.7562
63.119.103.0;63.119.103.255;40.7128;-74.006
63.119.104.0;63.119.107.255;32.4951;-94.7407
63.119.108.0;63.119.108.255;40.7498;-73.7649
63.119.109.0;63.119.109.255;41.5862;-71.4323
63.119.110.0;63.119.110.255;42.4722;-71.2481
63.119.111.0;63.119.111.255;39.1777;-76.8543
63.119.112.0;63.119.112.255;42.6526;-73.7562
63.119.113.0;63.119.113.255;40.7053;-74.0139
63.119.114.0;63.119.114.255;40.7615;-73.9781
63.119.115.0;63.119.115.255;40.7883;-74.2536
63.119.116.0;63.119.116.255;42.3601;-71.0589
63.119.117.0;63.119.117.255;40.15;-76.6045
63.119.118.0;63.119.118.255;42.2541;-83.7393
63.119.119.0;63.119.119.255;40.7143;-74.006
63.119.120.0;63.119.127.255;40.7545;-73.9745
63.119.128.0;63.119.128.255;42.6526;-73.7562
63.119.129.0;63.119.129.255;32.3079;-95.48
63.119.130.0;63.119.131.255;42.3601;-71.0589
63.119.132.0;63.119.132.255;42.5965;-83.1724
63.119.133.0;63.119.133.255;41.1168;-74.1252
63.119.134.0;63.119.134.255;40.7562;-73.9771
63.119.135.0;63.119.135.255;42.4042;-71.0693
63.119.136.0;63.119.136.255;40.4972;-74.4492
63.119.137.0;63.119.137.255;40.8091;-74.3445
63.119.138.0;63.119.138.255;40.7896;-74.0565
63.119.139.0;63.119.139.255;40.5884;-73.6579
63.119.140.0;63.119.140.255;40.7526;-73.9879
63.119.141.0;63.119.141.255;42.4055;-71.0751
63.119.142.0;63.119.142.255;40.564;-74.7106
63.119.143.0;63.119.143.255;37.2563;-79.9187
63.119.144.0;63.119.144.255;42.3547;-71.2625
63.119.145.0;63.119.145.255;40.7834;-73.9662
63.119.146.0;63.119.146.255;40.7602;-73.9679
63.119.147.0;63.119.147.255;39.1197;-77.1843
63.119.148.0;63.119.148.255;42.3601;-71.0589
63.119.149.0;63.119.149.255;42.6526;-73.7562
63.119.150.0;63.119.151.255;42.3601;-71.0589
63.119.152.0;63.119.152.255;37.5248;-122.259
63.119.153.0;63.119.153.255;40.7128;-74.006
63.119.154.0;63.119.154.255;37.5248;-122.259
63.119.155.0;63.119.155.255;42.392;-71.2688
63.119.156.0;63.119.156.255;40.8882;-73.822
63.119.157.0;63.119.157.255;40.7829;-73.9468
63.119.158.0;63.119.158.255;40.7034;-74.0125
63.119.159.0;63.119.159.255;41.034;-73.7629
63.119.160.0;63.119.160.255;42.6526;-73.7562
63.119.161.0;63.119.163.255;42.3601;-71.0589
63.119.164.0;63.119.164.255;41.7012;-71.1469
63.119.165.0;63.119.165.255;40.7128;-74.006
63.119.166.0;63.119.166.255;40.755;-73.978
63.119.167.0;63.119.167.255;40.7128;-74.006
63.119.168.0;63.119.171.255;42.394;-73.7002
63.119.172.0;63.119.172.255;42.3601;-71.0589
63.119.173.0;63.119.173.255;40.7598;-73.9754
63.119.174.0;63.119.174.255;40.7626;-73.9778
63.119.175.0;63.119.175.255;44.4322;-73.2086
63.119.176.0;63.119.176.255;41.8253;-71.4101
63.119.177.0;63.119.177.255;42.3601;-71.0589
63.119.178.0;63.119.178.255;40.7207;-73.726
63.119.179.0;63.119.179.255;40.8265;-74.1068
63.119.180.0;63.119.180.255;34.144;-118.803
63.119.181.0;63.119.181.255;40.7524;-73.9059
63.119.182.0;63.119.182.255;35.0519;-85.3122
63.119.183.0;63.119.183.255;39.3177;-76.7634
63.119.184.0;63.119.191.255;39.4509;-74.7254
63.119.192.0;63.119.192.255;28.5887;-81.4799
63.119.193.0;63.119.193.255;39.0113;-77.4713
63.119.194.0;63.119.194.255;42.3601;-71.0589
63.119.195.0;63.119.195.255;42.355;-71.056
63.119.196.0;63.119.197.255;42.3601;-71.0589
63.119.198.0;63.119.200.255;42.6526;-73.7562
63.119.201.0;63.119.201.255;40.7128;-74.006
63.119.202.0;63.119.202.255;39.9733;-74.1947
63.119.203.0;63.119.203.255;40.8299;-74.1267
63.119.204.0;63.119.204.255;40.7627;-74.4187
63.119.205.0;63.119.205.255;40.7056;-74.0048
63.119.206.0;63.119.206.255;40.78;-74.1257
63.119.207.0;63.119.207.255;42.6526;-73.7562
63.119.208.0;63.119.208.255;40.7128;-74.006
63.119.209.0;63.119.209.255;42.6526;-73.7562
63.119.210.0;63.119.210.255;42.3601;-71.0589
63.119.211.0;63.119.211.255;40.7057;-74.0061
63.119.212.0;63.119.212.255;42.3601;-71.0589
63.119.213.0;63.119.213.255;42.6526;-73.7562
63.119.214.0;63.119.215.255;42.3601;-71.0589
63.119.216.0;63.119.216.255;40.8705;-73.8289
63.119.217.0;63.119.217.255;40.7596;-73.7233
63.119.218.0;63.119.219.255;42.3601;-71.0589
63.119.220.0;63.119.220.255;40.7398;-73.9349
63.119.221.0;63.119.221.255;42.5106;-71.248
63.119.222.0;63.119.222.255;39.8845;-74.9277
63.119.223.0;63.119.223.255;40.761;-73.973
63.119.224.0;63.119.225.255;40.7128;-74.006
63.119.226.0;63.119.226.255;41.6137;-71.4173
63.119.227.0;63.119.227.255;40.7043;-74.0083
63.119.228.0;63.119.228.255;40.7128;-74.006
63.119.229.0;63.119.229.255;42.3601;-71.0589
63.119.230.0;63.119.230.255;44.9753;-93.2719
63.119.231.0;63.119.231.255;42.3601;-71.0589
63.119.232.0;63.119.232.255;40.7647;-73.9789
63.119.233.0;63.119.233.255;40.7592;-73.9763
63.119.234.0;63.119.234.255;42.3601;-71.0589
63.119.235.0;63.119.235.255;40.0108;-74.9832
63.119.236.0;63.119.236.255;41.0188;-73.6481
63.119.237.0;63.119.237.255;37.4767;-122.201
63.119.238.0;63.119.238.255;40.7633;-73.9775
63.119.239.0;63.119.239.255;40.762;-73.9762
63.119.240.0;63.119.240.255;40.2601;-74.2738
63.119.241.0;63.119.241.255;41.5505;-87.665
63.119.242.0;63.119.242.255;41.2764;-73.126
63.119.243.0;63.119.243.255;38.8231;-77.167
63.119.244.0;63.119.244.255;40.4447;-74.3152
63.119.245.0;63.119.245.255;42.3601;-71.0589
63.119.246.0;63.119.246.255;25.7738;-80.188
63.119.247.0;63.119.247.255;42.2626;-71.803
63.119.248.0;63.119.248.255;40.7498;-73.9833
63.119.249.0;63.119.249.255;39.0968;-76.7382
63.119.250.0;63.119.250.255;40.7547;-73.9828
63.119.251.0;63.119.252.255;42.3601;-71.0589
63.119.253.0;63.119.253.255;40.7128;-74.006
63.119.254.0;63.119.254.255;40.7334;-74.0635
63.119.255.0;63.119.255.255;42.3601;-71.0589
63.120.0.0;63.120.0.255;40.7128;-74.006
63.120.1.0;63.120.1.255;42.3601;-71.0589
63.120.2.0;63.120.2.255;47.5787;-122.156
63.120.3.0;63.120.4.255;42.3601;-71.0589
63.120.5.0;63.120.5.255;39.4097;-76.6249
63.120.6.0;63.120.6.255;40.7128;-74.006
63.120.7.0;63.120.7.255;42.3601;-71.0589
63.120.8.0;63.120.8.159;38.9127;-77.2248
63.120.8.160;63.120.9.255;42.3601;-71.0589
63.120.10.0;63.120.10.255;40.7128;-74.006
63.120.11.0;63.120.11.255;42.3601;-71.0589
63.120.12.0;63.120.12.255;39.7426;-86.2093
63.120.13.0;63.120.13.255;40.7496;-73.9732
63.120.14.0;63.120.14.255;42.6526;-73.7562
63.120.15.0;63.120.16.255;42.3601;-71.0589
63.120.17.0;63.120.17.255;40.7128;-74.006
63.120.18.0;63.120.18.255;43.077;-70.7981
63.120.19.0;63.120.19.255;37.0568;-122.004
63.120.20.0;63.120.20.255;40.7601;-73.9855
63.120.21.0;63.120.21.255;42.6526;-73.7562
63.120.22.0;63.120.28.255;42.3601;-71.0589
63.120.29.0;63.120.29.159;42.3389;-122.894
63.120.29.160;63.120.31.255;42.3601;-71.0589
63.120.32.0;63.120.33.255;40.7128;-74.006
63.120.34.0;63.120.34.255;42.3601;-71.0589
63.120.35.0;63.120.35.255;34.1049;-118.217
63.120.36.0;63.120.36.255;38.7097;-90.423
63.120.37.0;63.120.37.255;33.1909;-101.378
63.120.38.0;63.120.39.255;40.7128;-74.006
63.120.40.0;63.120.40.255;42.6526;-73.7562
63.120.41.0;63.120.41.255;42.3601;-71.0589
63.120.42.0;63.120.42.255;40.7128;-74.006
63.120.43.0;63.120.43.255;42.3601;-71.0589
63.120.44.0;63.120.44.255;40.7128;-74.006
63.120.45.0;63.120.46.255;42.3601;-71.0589
63.120.47.0;63.120.47.255;42.6526;-73.7562
63.120.48.0;63.120.48.255;38.9858;-77.4458
63.120.49.0;63.120.49.255;32.8005;-96.8214
63.120.50.0;63.120.50.255;40.7128;-74.006
63.120.51.0;63.120.51.255;42.3601;-71.0589
63.120.52.0;63.120.52.255;40.7128;-74.006
63.120.53.0;63.120.53.255;35.9159;-78.8467
63.120.54.0;63.120.54.255;40.7128;-74.006
63.120.55.0;63.120.55.255;37.5052;-122.212
63.120.56.0;63.120.58.255;42.3601;-71.0589
63.120.59.0;63.120.59.255;37.7989;-122.4
63.120.60.0;63.120.60.255;42.3601;-71.0589
63.120.61.0;63.120.61.255;44.9764;-93.2605
63.120.62.0;63.120.62.255;42.3601;-71.0589
63.120.63.0;63.120.63.255;42.6526;-73.7562
63.120.64.0;63.120.64.255;39.0113;-77.4713
63.120.65.0;63.120.66.15;40.7128;-74.006
63.120.66.16;63.120.66.255;41.6736;-83.6908
63.120.67.0;63.120.67.255;42.3601;-71.0589
63.120.68.0;63.120.69.255;40.2928;-76.7999
63.120.70.0;63.120.70.255;42.3601;-71.0589
63.120.71.0;63.120.71.255;40.7128;-74.006
63.120.72.0;63.120.72.255;33.6885;-117.859
63.120.73.0;63.120.73.255;40.7128;-74.006
63.120.74.0;63.120.75.255;42.3601;-71.0589
63.120.76.0;63.120.76.255;40.7128;-74.006
63.120.77.0;63.120.77.255;33.6685;-117.83
63.120.78.0;63.120.79.255;42.3601;-71.0589
63.120.80.0;63.120.80.255;40.7128;-74.006
63.120.81.0;63.120.81.255;42.6526;-73.7562
63.120.82.0;63.120.85.191;42.3601;-71.0589
63.120.85.192;63.120.85.255;32.8986;-117.199
63.120.86.0;63.120.86.255;42.6526;-73.7562
63.120.87.0;63.120.87.255;40.7128;-74.006
63.120.88.0;63.120.88.255;41.2958;-72.7688
63.120.89.0;63.120.90.63;40.7128;-74.006
63.120.90.64;63.120.90.255;33.7101;-117.846
63.120.91.0;63.120.91.255;42.5495;-83.0866
63.120.92.0;63.120.92.255;42.3671;-71.1025
63.120.93.0;63.120.93.255;42.6526;-73.7562
63.120.94.0;63.120.94.255;41.9737;-87.8464
63.120.95.0;63.120.95.255;40.7128;-74.006
63.120.96.0;63.120.97.255;42.6526;-73.7562
63.120.98.0;63.120.99.255;42.3601;-71.0589
63.120.100.0;63.120.100.255;40.1221;-74.9811
63.120.101.0;63.120.101.255;40.8121;-73.188
63.120.102.0;63.120.102.255;40.1415;-79.5591
63.120.103.0;63.120.104.127;42.3601;-71.0589
63.120.104.128;63.120.104.255;41.421;-73.2819
63.120.105.0;63.120.105.255;30.393;-97.8501
63.120.106.0;63.120.106.255;33.6608;-117.87
63.120.107.0;63.120.107.255;42.6526;-73.7562
63.120.108.0;63.120.109.255;41.999;-87.8693
63.120.110.0;63.120.110.255;42.6526;-73.7562
63.120.111.0;63.120.111.255;40.7128;-74.006
63.120.112.0;63.120.114.255;42.3601;-71.0589
63.120.115.0;63.120.115.255;37.4077;-121.983
63.120.116.0;63.120.119.255;40.3103;-74.571
63.120.120.0;63.120.120.255;42.3601;-71.0589
63.120.121.0;63.120.121.255;42.6526;-73.7562
63.120.122.0;63.120.123.255;42.3601;-71.0589
63.120.124.0;63.120.125.255;40.7128;-74.006
63.120.126.0;63.120.126.255;42.3601;-71.0589
63.120.127.0;63.120.127.255;39.0067;-77.4291
63.120.128.0;63.120.131.255;42.3601;-71.0589
63.120.132.0;63.120.135.255;40.6311;-75.3756
63.120.136.0;63.120.137.255;40.7128;-74.006
63.120.138.0;63.120.138.255;42.3601;-71.0589
63.120.139.0;63.120.139.255;40.7128;-74.006
63.120.140.0;63.120.140.255;42.6526;-73.7562
63.120.141.0;63.120.141.255;42.3601;-71.0589
63.120.142.0;63.120.142.255;42.6526;-73.7562
63.120.143.0;63.120.143.255;40.7128;-74.006
63.120.144.0;63.120.144.255;42.3601;-71.0589
63.120.145.0;63.120.145.255;42.6526;-73.7562
63.120.146.0;63.120.146.255;42.3601;-71.0589
63.120.147.0;63.120.147.127;33.8256;-84.2352
63.120.147.128;63.120.149.127;40.7128;-74.006
63.120.149.128;63.120.149.255;34.0483;-118.376
63.120.150.0;63.120.150.255;42.3601;-71.0589
63.120.151.0;63.120.151.255;42.6526;-73.7562
63.120.152.0;63.120.153.255;40.7128;-74.006
63.120.154.0;63.120.154.255;28.2219;-80.6753
63.120.155.0;63.120.158.255;42.3601;-71.0589
63.120.159.0;63.120.160.255;40.7128;-74.006
63.120.161.0;63.120.161.255;42.6526;-73.7562
63.120.162.0;63.120.162.255;42.3601;-71.0589
63.120.163.0;63.120.163.255;40.7128;-74.006
63.120.164.0;63.120.164.255;39.7781;-86.1828
63.120.165.0;63.120.165.255;36.7602;-108.155
63.120.166.0;63.120.166.255;29.9468;-93.918
63.120.167.0;63.120.169.255;42.3601;-71.0589
63.120.170.0;63.120.170.255;40.7128;-74.006
63.120.171.0;63.120.171.255;41.9758;-91.6671
63.120.172.0;63.120.172.255;42.3601;-71.0589
63.120.173.0;63.120.173.255;37.5379;-122.258
63.120.174.0;63.120.174.255;40.7128;-74.006
63.120.175.0;63.120.175.255;42.6526;-73.7562
63.120.176.0;63.120.176.255;37.2153;-80.3996
63.120.177.0;63.120.177.255;42.3601;-71.0589
63.120.178.0;63.120.178.255;38.9516;-77.3436
63.120.179.0;63.120.179.255;37.4114;-121.978
63.120.180.0;63.120.180.255;42.6526;-73.7562
63.120.181.0;63.120.181.255;42.3601;-71.0589
63.120.182.0;63.120.182.255;40.7128;-74.006
63.120.183.0;63.120.183.255;42.3601;-71.0589
63.120.184.0;63.120.184.255;40.7128;-74.006
63.120.185.0;63.120.188.255;42.3601;-71.0589
63.120.189.0;63.120.189.255;40.7128;-74.006
63.120.190.0;63.120.190.255;42.3601;-71.0589
63.120.191.0;63.120.191.255;40.7128;-74.006
63.120.192.0;63.120.195.255;42.3601;-71.0589
63.120.196.0;63.120.196.255;38.7135;-77.7953
63.120.197.0;63.120.197.255;42.3601;-71.0589
63.120.198.0;63.120.198.255;37.3737;-121.912
63.120.199.0;63.120.199.255;31.3356;-110.969
63.120.200.0;63.120.207.255;27.949;-82.457
63.120.208.0;63.120.208.255;40.7128;-74.006
63.120.209.0;63.120.209.255;42.3601;-71.0589
63.120.210.0;63.120.210.255;42.6526;-73.7562
63.120.211.0;63.120.213.255;42.3601;-71.0589
63.120.214.0;63.120.214.255;42.6526;-73.7562
63.120.215.0;63.120.216.255;42.3601;-71.0589
63.120.217.0;63.120.217.255;43.415;-83.9457
63.120.218.0;63.120.218.255;42.6526;-73.7562
63.120.219.0;63.120.221.255;42.3601;-71.0589
63.120.222.0;63.120.222.255;36.1579;-95.9879
63.120.223.0;63.120.223.255;40.7128;-74.006
63.120.224.0;63.120.224.255;41.8308;-87.7487
63.120.225.0;63.120.225.255;42.3601;-71.0589
63.120.226.0;63.120.227.255;40.7128;-74.006
63.120.228.0;63.120.228.255;42.6526;-73.7562
63.120.229.0;63.120.229.255;42.3601;-71.0589
63.120.230.0;63.120.230.255;40.7128;-74.006
63.120.231.0;63.120.232.255;42.3601;-71.0589
63.120.233.0;63.120.233.255;40.7128;-74.006
63.120.234.0;63.120.236.255;42.3601;-71.0589
63.120.237.0;63.120.237.255;40.7128;-74.006
63.120.238.0;63.120.242.255;42.3601;-71.0589
63.120.243.0;63.120.243.255;40.7128;-74.006
63.120.244.0;63.120.245.255;42.3601;-71.0589
63.120.246.0;63.120.246.255;40.7128;-74.006
63.120.247.0;63.120.247.255;42.3601;-71.0589
63.120.248.0;63.120.248.255;42.1083;-79.1952
63.120.249.0;63.120.249.255;42.5348;-83.359
63.120.250.0;63.120.250.207;40.5397;-74.357
63.120.250.208;63.120.251.255;40.7128;-74.006
63.120.252.0;63.120.252.255;42.3601;-71.0589
63.120.253.0;63.120.253.255;39.1714;-76.6206
63.120.254.0;63.120.254.255;40.7128;-74.006
63.120.255.0;63.120.255.255;41.8779;-87.6332
63.121.0.0;63.121.0.255;28.4585;-81.2993
63.121.1.0;63.121.1.255;42.3601;-71.0589
63.121.2.0;63.121.2.255;40.7508;-73.9794
63.121.3.0;63.121.4.255;42.3601;-71.0589
63.121.5.0;63.121.5.255;37.3737;-121.912
63.121.6.0;63.121.7.255;42.3601;-71.0589
63.121.8.0;63.121.8.255;42.6526;-73.7562
63.121.9.0;63.121.12.255;42.3601;-71.0589
63.121.13.0;63.121.16.255;40.7128;-74.006
63.121.17.0;63.121.17.255;40.7532;-73.9791
63.121.18.0;63.121.21.191;42.3601;-71.0589
63.121.21.192;63.121.21.255;33.945;-118.371
63.121.22.0;63.121.24.255;42.3601;-71.0589
63.121.25.0;63.121.25.255;40.7128;-74.006
63.121.26.0;63.121.27.255;39.6478;-104.988
63.121.28.0;63.121.31.255;42.3704;-71.2751
63.121.32.0;63.121.32.255;40.7128;-74.006
63.121.33.0;63.121.35.255;42.3601;-71.0589
63.121.36.0;63.121.36.255;42.6526;-73.7562
63.121.37.0;63.121.37.255;40.7128;-74.006
63.121.38.0;63.121.39.255;42.3601;-71.0589
63.121.40.0;63.121.40.255;42.6526;-73.7562
63.121.41.0;63.121.41.255;40.7128;-74.006
63.121.42.0;63.121.43.255;42.3601;-71.0589
63.121.44.0;63.121.47.127;40.7128;-74.006
63.121.47.128;63.121.47.255;38.8037;-77.0561
63.121.48.0;63.121.48.255;42.3601;-71.0589
63.121.49.0;63.121.49.255;34.0162;-118.492
63.121.50.0;63.121.50.255;42.3601;-71.0589
63.121.51.0;63.121.51.207;33.9749;-84.1848
63.121.51.208;63.121.52.255;42.3601;-71.0589
63.121.53.0;63.121.53.255;36.8237;-76.2116
63.121.54.0;63.121.55.255;41.2213;-81.6327
63.121.56.0;63.121.56.255;33.0097;-96.6636
63.121.57.0;63.121.57.175;41.1866;-73.8455
63.121.57.176;63.121.59.255;42.3601;-71.0589
63.121.60.0;63.121.61.191;40.7128;-74.006
63.121.61.192;63.121.61.255;42.0993;-87.8709
63.121.62.0;63.121.62.255;34.1019;-117.637
63.121.63.0;63.121.63.255;42.3601;-71.0589
63.121.64.0;63.121.64.255;40.7128;-74.006
63.121.65.0;63.121.65.79;42.2179;-88.1126
63.121.65.80;63.121.66.255;42.3601;-71.0589
63.121.67.0;63.121.67.255;42.6526;-73.7562
63.121.68.0;63.121.68.255;42.3601;-71.0589
63.121.69.0;63.121.69.255;42.6526;-73.7562
63.121.70.0;63.121.70.255;35.1039;-80.6758
63.121.71.0;63.121.71.255;42.3601;-71.0589
63.121.72.0;63.121.72.255;40.7128;-74.006
63.121.73.0;63.121.74.255;42.3601;-71.0589
63.121.75.0;63.121.76.255;40.7128;-74.006
63.121.77.0;63.121.77.255;39.8598;-75.3336
63.121.78.0;63.121.78.255;38.678;-121.176
63.121.79.0;63.121.79.255;40.7128;-74.006
63.121.80.0;63.121.87.255;34.1144;-84.2368
63.121.88.0;63.121.89.255;38.8714;-77.4355
63.121.90.0;63.121.90.255;42.3601;-71.0589
63.121.91.0;63.121.92.127;40.7128;-74.006
63.121.92.128;63.121.92.255;32.9845;-96.7135
63.121.93.0;63.121.93.255;42.6526;-73.7562
63.121.94.0;63.121.95.255;42.3601;-71.0589
63.121.96.0;63.121.101.119;41.8861;-87.633
63.121.101.120;63.121.101.129;40.7211;-73.9581
63.121.101.130;63.121.104.127;41.8861;-87.633
63.121.104.128;63.121.104.143;38.9082;-77.0362
63.121.104.144;63.121.106.255;41.8861;-87.633
63.121.107.0;63.121.107.255;33.8975;-84.4646
63.121.108.0;63.121.111.255;41.8861;-87.633
63.121.112.0;63.121.119.255;41.0434;-73.9557
63.121.120.0;63.121.127.127;41.8861;-87.633
63.121.127.128;63.121.127.255;37.4016;-122.053
63.121.128.0;63.121.128.255;38.9072;-77.0369
63.121.129.0;63.121.130.255;42.3601;-71.0589
63.121.131.0;63.121.131.255;42.6029;-83.2653
63.121.132.0;63.121.134.127;42.3545;-71.0553
63.121.134.128;63.121.134.255;26.7066;-80.0502
63.121.135.0;63.121.135.255;42.3545;-71.0553
63.121.136.0;63.121.139.255;37.3704;-121.97
63.121.140.0;63.121.140.255;37.3469;-121.904
63.121.141.0;63.121.141.255;39.0533;-76.9669
63.121.142.0;63.121.144.255;42.3601;-71.0589
63.121.145.0;63.121.145.255;42.6526;-73.7562
63.121.146.0;63.121.146.255;42.3601;-71.0589
63.121.147.0;63.121.148.255;42.6526;-73.7562
63.121.149.0;63.121.149.127;38.9194;-104.817
63.121.149.128;63.121.151.255;42.3601;-71.0589
63.121.152.0;63.121.152.255;40.8205;-73.2633
63.121.153.0;63.121.154.255;40.7128;-74.006
63.121.155.0;63.121.159.255;42.3601;-71.0589
63.121.160.0;63.121.175.255;44.982;-93.2355
63.121.176.0;63.121.176.255;42.6526;-73.7562
63.121.177.0;63.121.178.255;42.3601;-71.0589
63.121.179.0;63.121.179.255;40.7128;-74.006
63.121.180.0;63.121.181.255;42.3601;-71.0589
63.121.182.0;63.121.182.255;42.6526;-73.7562
63.121.183.0;63.121.186.255;42.3601;-71.0589
63.121.187.0;63.121.187.255;40.7128;-74.006
63.121.188.0;63.121.188.255;42.6526;-73.7562
63.121.189.0;63.121.191.255;42.3601;-71.0589
63.121.192.0;63.121.193.63;42.6526;-73.7562
63.121.193.64;63.121.193.255;30.023;-90.2564
63.121.194.0;63.121.194.127;32.8258;-96.8489
63.121.194.128;63.121.195.255;42.3601;-71.0589
63.121.196.0;63.121.196.231;33.5554;-112.108
63.121.196.232;63.121.197.255;40.7128;-74.006
63.121.198.0;63.121.198.255;42.3601;-71.0589
63.121.199.0;63.121.199.255;33.1392;-117.269
63.121.200.0;63.121.200.255;42.3601;-71.0589
63.121.201.0;63.121.201.255;40.7128;-74.006
63.121.202.0;63.121.202.255;42.6526;-73.7562
63.121.203.0;63.121.204.255;42.3601;-71.0589
63.121.205.0;63.121.205.255;42.6526;-73.7562
63.121.206.0;63.121.207.255;32.9641;-80.644
63.121.208.0;63.121.208.255;42.3601;-71.0589
63.121.209.0;63.121.209.255;42.6526;-73.7562
63.121.210.0;63.121.212.255;42.3601;-71.0589
63.121.213.0;63.121.213.255;40.7128;-74.006
63.121.214.0;63.121.214.255;42.6526;-73.7562
63.121.215.0;63.121.215.255;42.3601;-71.0589
63.121.216.0;63.121.216.255;40.7128;-74.006
63.121.217.0;63.121.217.255;42.3601;-71.0589
63.121.218.0;63.121.219.255;42.6526;-73.7562
63.121.220.0;63.121.221.255;42.3601;-71.0589
63.121.222.0;63.121.222.255;40.7128;-74.006
63.121.223.0;63.121.223.255;42.3601;-71.0589
63.121.224.0;63.121.224.255;47.5978;-122.329
63.121.225.0;63.121.225.255;42.3601;-71.0589
63.121.226.0;63.121.226.255;37.9066;-122.066
63.121.227.0;63.121.227.255;42.3601;-71.0589
63.121.228.0;63.121.228.255;41.9869;-87.7358
63.121.229.0;63.121.230.255;42.3601;-71.0589
63.121.231.0;63.121.231.255;42.6526;-73.7562
63.121.232.0;63.121.234.255;37.9445;-87.4053
63.121.235.0;63.121.235.255;37.9716;-87.5711
63.121.236.0;63.121.236.255;37.9445;-87.4053
63.121.237.0;63.121.239.255;37.9716;-87.5711
63.121.240.0;63.121.240.255;42.6526;-73.7562
63.121.241.0;63.121.241.255;33.8345;-84.3283
63.121.242.0;63.121.242.255;40.1003;-82.9167
63.121.243.0;63.121.243.255;42.3601;-71.0589
63.121.244.0;63.121.245.15;40.1003;-82.9167
63.121.245.16;63.121.245.239;40.7498;-84.1548
63.121.245.240;63.121.246.255;40.1003;-82.9167
63.121.247.0;63.121.247.255;40.7364;-84.1633
63.121.248.0;63.121.249.143;42.3601;-71.0589
63.121.249.144;63.121.250.15;32.9153;-96.8958
63.121.250.16;63.121.250.255;40.7128;-74.006
63.121.251.0;63.121.251.255;42.3601;-71.0589
63.121.252.0;63.121.252.255;42.6526;-73.7562
63.121.253.0;63.121.254.255;42.3601;-71.0589
63.121.255.0;63.121.255.255;40.7128;-74.006
63.122.0.0;63.122.0.255;38.9124;-77.0429
63.122.1.0;63.122.1.255;42.3601;-71.0589
63.122.2.0;63.122.2.255;34.8468;-81.0962
63.122.3.0;63.122.4.255;42.3601;-71.0589
63.122.5.0;63.122.6.255;42.6526;-73.7562
63.122.7.0;63.122.8.255;42.3601;-71.0589
63.122.9.0;63.122.9.255;37.3305;-121.984
63.122.10.0;63.122.10.255;39.1691;-76.8088
63.122.11.0;63.122.13.255;42.3601;-71.0589
63.122.14.0;63.122.14.127;35.104;-89.9296
63.122.14.128;63.122.15.255;40.7128;-74.006
63.122.16.0;63.122.23.255;42.3601;-71.0589
63.122.24.0;63.122.24.255;39.1069;-76.9386
63.122.25.0;63.122.25.255;29.9839;-95.4115
63.122.26.0;63.122.26.255;40.7105;-74.3071
63.122.27.0;63.122.27.255;39.0234;-77.4134
63.122.28.0;63.122.28.255;40.7128;-74.006
63.122.29.0;63.122.30.255;42.3601;-71.0589
63.122.31.0;63.122.31.63;35.1827;-106.583
63.122.31.64;63.122.32.255;42.3601;-71.0589
63.122.33.0;63.122.33.255;40.7128;-74.006
63.122.34.0;63.122.34.255;42.3601;-71.0589
63.122.35.0;63.122.36.255;40.7128;-74.006
63.122.37.0;63.122.37.255;42.3601;-71.0589
63.122.38.0;63.122.38.255;42.3493;-71.0491
63.122.39.0;63.122.39.255;34.1702;-118.446
63.122.40.0;63.122.40.255;42.9383;-78.6965
63.122.41.0;63.122.41.255;40.7128;-74.006
63.122.42.0;63.122.42.255;42.6526;-73.7562
63.122.43.0;63.122.43.255;40.7128;-74.006
63.122.44.0;63.122.45.255;42.3601;-71.0589
63.122.46.0;63.122.46.255;42.6526;-73.7562
63.122.47.0;63.122.47.255;41.8907;-87.6247
63.122.48.0;63.122.50.255;41.9916;-88.0364
63.122.51.0;63.122.51.255;34.0474;-118.258
63.122.52.0;63.122.53.255;42.3601;-71.0589
63.122.54.0;63.122.54.255;42.6526;-73.7562
63.122.55.0;63.122.55.255;40.7128;-74.006
63.122.56.0;63.122.56.255;38.5198;-77.352
63.122.57.0;63.122.58.255;42.3601;-71.0589
63.122.59.0;63.122.60.255;40.7128;-74.006
63.122.61.0;63.122.61.255;42.0036;-88.1063
63.122.62.0;63.122.62.255;39.9238;-86.261
63.122.63.0;63.122.63.255;40.7128;-74.006
63.122.64.0;63.122.64.255;26.1839;-80.1315
63.122.65.0;63.122.65.255;39.7859;-105.125
63.122.66.0;63.122.66.255;42.3601;-71.0589
63.122.67.0;63.122.67.255;29.8122;-95.4384
63.122.68.0;63.122.68.255;40.7128;-74.006
63.122.69.0;63.122.70.95;42.3601;-71.0589
63.122.70.96;63.122.70.255;42.3416;-71.6379
63.122.71.0;63.122.71.255;33.8813;-84.4555
63.122.72.0;63.122.79.255;34.1144;-84.2368
63.122.80.0;63.122.81.15;42.3601;-71.0589
63.122.81.16;63.122.81.223;45.5085;-122.771
63.122.81.224;63.122.83.255;42.3601;-71.0589
63.122.84.0;63.122.84.255;40.7128;-74.006
63.122.85.0;63.122.86.255;42.3601;-71.0589
63.122.87.0;63.122.87.255;42.6526;-73.7562
63.122.88.0;63.122.88.255;42.3601;-71.0589
63.122.89.0;63.122.89.255;38.6297;-90.1889
63.122.90.0;63.122.90.111;37.2685;-121.947
63.122.90.112;63.122.91.255;40.7128;-74.006
63.122.92.0;63.122.92.255;40.7071;-74.0126
63.122.93.0;63.122.96.255;42.3601;-71.0589
63.122.97.0;63.122.98.255;42.6526;-73.7562
63.122.99.0;63.122.99.255;40.7128;-74.006
63.122.100.0;63.122.101.255;42.3601;-71.0589
63.122.102.0;63.122.102.255;42.6526;-73.7562
63.122.103.0;63.122.103.255;42.3601;-71.0589
63.122.104.0;63.122.104.255;42.2446;-83.7449
63.122.105.0;63.122.106.255;40.7128;-74.006
63.122.107.0;63.122.107.255;42.6526;-73.7562
63.122.108.0;63.122.108.255;35.5378;-100.962
63.122.109.0;63.122.109.255;29.7506;-95.4121
63.122.110.0;63.122.110.255;38.9567;-77.3623
63.122.111.0;63.122.111.255;40.7128;-74.006
63.122.112.0;63.122.112.255;42.3601;-71.0589
63.122.113.0;63.122.113.255;40.7128;-74.006
63.122.114.0;63.122.114.255;42.3601;-71.0589
63.122.115.0;63.122.115.255;33.0909;-96.8424
63.122.116.0;63.122.116.255;42.3601;-71.0589
63.122.117.0;63.122.118.255;40.7128;-74.006
63.122.119.0;63.122.119.255;35.8081;-90.7231
63.122.120.0;63.122.121.255;42.6526;-73.7562
63.122.122.0;63.122.122.255;37.3974;-122.21
63.122.123.0;63.122.123.255;38.8814;-76.731
63.122.124.0;63.122.125.255;40.7128;-74.006
63.122.126.0;63.122.127.255;38.9072;-77.0369
63.122.128.0;63.122.128.255;40.7128;-74.006
63.122.129.0;63.122.129.255;42.3601;-71.0589
63.122.130.0;63.122.130.255;40.7128;-74.006
63.122.131.0;63.122.131.255;42.3601;-71.0589
63.122.132.0;63.122.132.255;40.7466;-73.9811
63.122.133.0;63.122.133.255;42.3601;-71.0589
63.122.134.0;63.122.134.255;42.3848;-71.0705
63.122.135.0;63.122.135.255;40.4215;-86.8934
63.122.136.0;63.122.136.127;29.9638;-90.2
63.122.136.128;63.122.139.255;42.3601;-71.0589
63.122.140.0;63.122.143.255;40.9085;-74.0338
63.122.144.0;63.122.144.255;42.6526;-73.7562
63.122.145.0;63.122.145.255;40.7128;-74.006
63.122.146.0;63.122.146.255;42.3601;-71.0589
63.122.147.0;63.122.147.255;40.7128;-74.006
63.122.148.0;63.122.148.255;33.9905;-84.3404
63.122.149.0;63.122.149.255;40.4372;-74.5372
63.122.150.0;63.122.150.255;40.7128;-74.006
63.122.151.0;63.122.151.255;42.6526;-73.7562
63.122.152.0;63.122.152.255;42.3601;-71.0589
63.122.153.0;63.122.153.255;42.6526;-73.7562
63.122.154.0;63.122.154.255;42.3601;-71.0589
63.122.155.0;63.122.155.255;42.6526;-73.7562
63.122.156.0;63.122.158.255;42.3601;-71.0589
63.122.159.0;63.122.159.255;40.7128;-74.006
63.122.160.0;63.122.160.255;42.6526;-73.7562
63.122.161.0;63.122.164.255;42.3601;-71.0589
63.122.165.0;63.122.165.255;33.4482;-112.078
63.122.166.0;63.122.166.255;42.3601;-71.0589
63.122.167.0;63.122.167.255;37.466;-122.427
63.122.168.0;63.122.168.255;42.3587;-71.0678
63.122.169.0;63.122.169.255;42.3601;-71.0589
63.122.170.0;63.122.170.255;42.6526;-73.7562
63.122.171.0;63.122.172.255;40.7128;-74.006
63.122.173.0;63.122.173.191;42.6499;-71.3159
63.122.173.192;63.122.174.255;40.7128;-74.006
63.122.175.0;63.122.175.255;42.6526;-73.7562
63.122.176.0;63.122.176.255;32.3587;-88.6714
63.122.177.0;63.122.177.255;42.3601;-71.0589
63.122.178.0;63.122.178.255;42.3464;-71.075
63.122.179.0;63.122.179.255;40.7128;-74.006
63.122.180.0;63.122.181.255;42.3601;-71.0589
63.122.182.0;63.122.182.255;42.6526;-73.7562
63.122.183.0;63.122.183.255;39.0113;-77.4713
63.122.184.0;63.122.184.255;42.6526;-73.7562
63.122.185.0;63.122.185.255;40.754;-73.9934
63.122.186.0;63.122.186.255;42.3601;-71.0589
63.122.187.0;63.122.187.255;37.3683;-121.922
63.122.188.0;63.122.189.255;40.7128;-74.006
63.122.190.0;63.122.190.255;42.3601;-71.0589
63.122.191.0;63.122.191.255;44.8585;-93.2878
63.122.192.0;63.122.192.255;40.5293;-74.316
63.122.193.0;63.122.193.255;42.3601;-71.0589
63.122.194.0;63.122.194.255;42.6526;-73.7562
63.122.195.0;63.122.200.255;42.3601;-71.0589
63.122.201.0;63.122.201.255;42.5228;-71.0455
63.122.202.0;63.122.202.255;40.7128;-74.006
63.122.203.0;63.122.203.255;42.3601;-71.0589
63.122.204.0;63.122.204.255;40.1309;-75.2759
63.122.205.0;63.122.205.255;42.4792;-71.1183
63.122.206.0;63.122.207.255;42.3601;-71.0589
63.122.208.0;63.122.208.255;35.4674;-97.5223
63.122.209.0;63.122.209.255;39.6803;-104.988
63.122.210.0;63.122.210.255;40.7128;-74.006
63.122.211.0;63.122.211.255;40.6704;-75.3749
63.122.212.0;63.122.212.255;38.8959;-104.756
63.122.213.0;63.122.213.255;34.0399;-84.3313
63.122.214.0;63.122.214.255;38.8946;-77.021
63.122.215.0;63.122.215.255;40.7128;-74.006
63.122.216.0;63.122.216.255;37.866;-122.499
63.122.217.0;63.122.217.255;32.7767;-96.797
63.122.218.0;63.122.218.255;34.1285;-84.6968
63.122.219.0;63.122.219.255;42.3625;-71.0996
63.122.220.0;63.122.220.255;40.7261;-74.005
63.122.221.0;63.122.225.255;42.3601;-71.0589
63.122.226.0;63.122.226.255;32.8007;-96.8192
63.122.227.0;63.122.227.255;42.31;-71.3895
63.122.228.0;63.122.228.255;42.3601;-71.0589
63.122.229.0;63.122.230.255;42.6526;-73.7562
63.122.231.0;63.122.231.255;40.7128;-74.006
63.122.232.0;63.122.232.255;42.6526;-73.7562
63.122.233.0;63.122.233.255;39.0997;-94.5786
63.122.234.0;63.122.234.255;40.7128;-74.006
63.122.235.0;63.122.236.255;42.3601;-71.0589
63.122.237.0;63.122.237.255;40.7128;-74.006
63.122.238.0;63.122.239.255;42.3601;-71.0589
63.122.240.0;63.122.240.255;30.206;-97.6978
63.122.241.0;63.122.241.255;42.6526;-73.7562
63.122.242.0;63.122.242.255;42.3601;-71.0589
63.122.243.0;63.122.243.255;40.7357;-74.1724
63.122.244.0;63.122.244.255;37.3924;-122.053
63.122.245.0;63.122.246.255;40.7128;-74.006
63.122.247.0;63.122.247.255;40.7492;-74.4115
63.122.248.0;63.122.250.31;42.3601;-71.0589
63.122.250.32;63.122.250.255;45.0622;-93.4058
63.122.251.0;63.122.251.255;40.7128;-74.006
63.122.252.0;63.122.252.223;42.5658;-71.2489
63.122.252.224;63.122.254.255;40.7128;-74.006
63.122.255.0;63.122.255.255;42.3601;-71.0589
63.123.0.0;63.123.0.255;32.6685;-114.61
63.123.1.0;63.123.1.255;42.3601;-71.0589
63.123.2.0;63.123.2.255;43.1748;-71.5285
63.123.3.0;63.123.3.255;35.0234;-90.0038
63.123.4.0;63.123.4.255;38.3915;-75.5769
63.123.5.0;63.123.5.255;37.4987;-121.974
63.123.6.0;63.123.6.255;38.2701;-77.4923
63.123.7.0;63.123.7.255;40.6772;-73.4522
63.123.8.0;63.123.8.255;34.405;-103.212
63.123.9.0;63.123.9.255;46.8924;-98.7155
63.123.10.0;63.123.10.255;42.6526;-73.7562
63.123.11.0;63.123.11.255;40.7128;-74.006
63.123.12.0;63.123.12.255;42.3601;-71.0589
63.123.13.0;63.123.13.255;40.7128;-74.006
63.123.14.0;63.123.15.15;42.3601;-71.0589
63.123.15.16;63.123.15.255;30.6561;-88.1174
63.123.16.0;63.123.16.239;41.1093;-74.0886
63.123.16.240;63.123.17.255;42.3601;-71.0589
63.123.18.0;63.123.18.255;38.2089;-85.5452
63.123.19.0;63.123.19.255;42.6526;-73.7562
63.123.20.0;63.123.20.255;32.8043;-117.217
63.123.21.0;63.123.21.255;38.9215;-95.2582
63.123.22.0;63.123.22.255;42.3601;-71.0589
63.123.23.0;63.123.23.255;42.6526;-73.7562
63.123.24.0;63.123.24.255;37.3705;-122.044
63.123.25.0;63.123.25.255;40.7128;-74.006
63.123.26.0;63.123.26.255;44.6143;-124.051
63.123.27.0;63.123.27.255;34.7499;-86.6919
63.123.28.0;63.123.28.255;40.7128;-74.006
63.123.29.0;63.123.29.255;48.1;-98.8595
63.123.30.0;63.123.30.255;33.8483;-118.288
63.123.31.0;63.123.31.255;40.7128;-74.006
63.123.32.0;63.123.32.255;42.6526;-73.7562
63.123.33.0;63.123.33.255;41.7341;-72.8383
63.123.34.0;63.123.34.255;40.7547;-73.9849
63.123.35.0;63.123.35.255;41.0708;-73.8199
63.123.36.0;63.123.36.255;40.5928;-73.6564
63.123.37.0;63.123.37.255;40.7128;-74.006
63.123.38.0;63.123.38.255;42.3601;-71.0589
63.123.39.0;63.123.39.255;42.6526;-73.7562
63.123.40.0;63.123.40.255;40.7128;-74.006
63.123.41.0;63.123.41.255;41.0347;-73.7671
63.123.42.0;63.123.42.255;41.092;-73.4205
63.123.43.0;63.123.44.31;40.9003;-73.9389
63.123.44.32;63.123.44.255;42.3601;-71.0589
63.123.45.0;63.123.45.255;40.7603;-73.9722
63.123.46.0;63.123.47.255;40.9003;-73.9389
63.123.48.0;63.123.48.255;42.6526;-73.7562
63.123.49.0;63.123.49.255;42.3601;-71.0589
63.123.50.0;63.123.50.255;42.6526;-73.7562
63.123.51.0;63.123.51.255;40.7128;-74.006
63.123.52.0;63.123.57.255;42.3601;-71.0589
63.123.58.0;63.123.58.255;42.6526;-73.7562
63.123.59.0;63.123.60.255;42.3601;-71.0589
63.123.61.0;63.123.63.255;40.7128;-74.006
63.123.64.0;63.123.64.255;42.3601;-71.0589
63.123.65.0;63.123.65.255;40.7128;-74.006
63.123.66.0;63.123.66.255;42.3601;-71.0589
63.123.67.0;63.123.67.255;40.7128;-74.006
63.123.68.0;63.123.68.255;42.6526;-73.7562
63.123.69.0;63.123.70.255;42.3601;-71.0589
63.123.71.0;63.123.71.255;29.7303;-95.5773
63.123.72.0;63.123.75.255;29.7609;-95.6056
63.123.76.0;63.123.76.255;29.7482;-95.4832
63.123.77.0;63.123.78.255;40.726;-73.9957
63.123.79.0;63.123.79.127;39.7147;-84.1067
63.123.79.128;63.123.80.255;40.7128;-74.006
63.123.81.0;63.123.82.47;42.3601;-71.0589
63.123.82.48;63.123.82.255;29.9358;-95.3643
63.123.83.0;63.123.83.255;42.6526;-73.7562
63.123.84.0;63.123.84.255;42.3601;-71.0589
63.123.85.0;63.123.85.255;29.7458;-95.5597
63.123.86.0;63.123.86.255;42.6526;-73.7562
63.123.87.0;63.123.87.255;29.7303;-95.5773
63.123.88.0;63.123.91.255;29.7467;-95.6074
63.123.92.0;63.123.92.255;39.562;-84.2737
63.123.93.0;63.123.93.255;33.1997;-97.1225
63.123.94.0;63.123.94.255;42.3601;-71.0589
63.123.95.0;63.123.95.255;29.7277;-95.5515
63.123.96.0;63.123.96.255;42.3601;-71.0589
63.123.97.0;63.123.97.255;40.147;-105.129
63.123.98.0;63.123.98.255;42.6526;-73.7562
63.123.99.0;63.123.99.255;42.3601;-71.0589
63.123.100.0;63.123.100.255;40.7128;-74.006
63.123.101.0;63.123.103.255;42.3601;-71.0589
63.123.104.0;63.123.104.255;39.3905;-76.6033
63.123.105.0;63.123.105.255;39.025;-77.3898
63.123.106.0;63.123.108.127;42.6526;-73.7562
63.123.108.128;63.123.108.255;37.4636;-122.225
63.123.109.0;63.123.109.255;37.7783;-122.397
63.123.110.0;63.123.110.255;42.3601;-71.0589
63.123.111.0;63.123.111.255;37.4867;-122.229
63.123.112.0;63.123.112.255;37.5774;-122.348
63.123.113.0;63.123.113.255;37.4447;-122.166
63.123.114.0;63.123.114.255;37.7436;-122.426
63.123.115.0;63.123.115.255;37.7471;-122.427
63.123.116.0;63.123.116.255;42.3601;-71.0589
63.123.117.0;63.123.117.255;37.7973;-122.425
63.123.118.0;63.123.119.255;42.3601;-71.0589
63.123.120.0;63.123.120.255;35.4686;-97.515
63.123.121.0;63.123.121.255;42.6526;-73.7562
63.123.122.0;63.123.123.47;40.7128;-74.006
63.123.123.48;63.123.123.255;32.9292;-96.8413
63.123.124.0;63.123.124.255;42.3601;-71.0589
63.123.125.0;63.123.125.255;40.7128;-74.006
63.123.126.0;63.123.130.255;42.3601;-71.0589
63.123.131.0;63.123.131.255;40.7128;-74.006
63.123.132.0;63.123.132.255;39.0486;-76.9009
63.123.133.0;63.123.133.255;33.9146;-84.3422
63.123.134.0;63.123.134.255;42.3601;-71.0589
63.123.135.0;63.123.135.255;42.6526;-73.7562
63.123.136.0;63.123.139.255;42.3601;-71.0589
63.123.140.0;63.123.140.255;39.633;-104.899
63.123.141.0;63.123.141.255;33.7025;-117.862
63.123.142.0;63.123.142.255;40.7128;-74.006
63.123.143.0;63.123.143.255;38.6071;-90.4498
63.123.144.0;63.123.144.255;40.4119;-104.855
63.123.145.0;63.123.145.255;39.1735;-76.8015
63.123.146.0;63.123.146.255;42.3601;-71.0589
63.123.147.0;63.123.147.255;40.7128;-74.006
63.123.148.0;63.123.148.255;42.3601;-71.0589
63.123.149.0;63.123.149.255;26.8059;-80.055
63.123.150.0;63.123.150.255;44.0786;-103.217
63.123.151.0;63.123.151.255;39.5603;-104.858
63.123.152.0;63.123.152.255;39.7547;-104.998
63.123.153.0;63.123.153.255;45.5445;-122.879
63.123.154.0;63.123.154.255;42.3601;-71.0589
63.123.155.0;63.123.155.255;34.0606;-118.444
63.123.156.0;63.123.156.255;41.0889;-73.8165
63.123.157.0;63.123.157.255;39.7514;-105.002
63.123.158.0;63.123.158.255;42.6526;-73.7562
63.123.159.0;63.123.159.255;42.3601;-71.0589
63.123.160.0;63.123.160.255;41.4993;-81.6944
63.123.161.0;63.123.162.255;40.7128;-74.006
63.123.163.0;63.123.163.255;42.3601;-71.0589
63.123.164.0;63.123.164.255;38.9072;-77.0369
63.123.165.0;63.123.165.255;42.3601;-71.0589
63.123.166.0;63.123.166.255;44.9778;-93.265
63.123.167.0;63.123.167.255;38.9072;-77.0369
63.123.168.0;63.123.168.255;37.4419;-122.143
63.123.169.0;63.123.169.255;34.0549;-118.243
63.123.170.0;63.123.170.255;38.9072;-77.0369
63.123.171.0;63.123.172.255;34.0549;-118.243
63.123.173.0;63.123.173.255;37.4419;-122.143
63.123.174.0;63.123.174.255;42.3601;-71.0589
63.123.175.0;63.123.175.255;41.8781;-87.6298
63.123.176.0;63.123.176.255;40.7128;-74.006
63.123.177.0;63.123.177.255;44.9778;-93.265
63.123.178.0;63.123.178.255;40.7128;-74.006
63.123.179.0;63.123.179.255;38.9072;-77.0369
63.123.180.0;63.123.180.255;40.7128;-74.006
63.123.181.0;63.123.181.255;34.0549;-118.243
63.123.182.0;63.123.186.255;42.3601;-71.0589
63.123.187.0;63.123.187.255;40.7128;-74.006
63.123.188.0;63.123.188.255;42.6526;-73.7562
63.123.189.0;63.123.189.255;42.3601;-71.0589
63.123.190.0;63.123.190.255;40.7128;-74.006
63.123.191.0;63.123.191.255;42.3601;-71.0589
63.123.192.0;63.123.192.255;42.4075;-71.2767
63.123.193.0;63.123.193.255;42.3601;-71.0589
63.123.194.0;63.123.194.255;42.6526;-73.7562
63.123.195.0;63.123.195.255;40.7087;-74.0101
63.123.196.0;63.123.196.255;42.3601;-71.0589
63.123.197.0;63.123.198.255;40.7128;-74.006
63.123.199.0;63.123.199.255;42.3601;-71.0589
63.123.200.0;63.123.200.255;42.6526;-73.7562
63.123.201.0;63.123.201.255;40.7128;-74.006
63.123.202.0;63.123.202.255;42.3601;-71.0589
63.123.203.0;63.123.203.255;40.7128;-74.006
63.123.204.0;63.123.206.255;42.3601;-71.0589
63.123.207.0;63.123.207.255;42.6526;-73.7562
63.123.208.0;63.123.209.255;40.7128;-74.006
63.123.210.0;63.123.210.255;42.6526;-73.7562
63.123.211.0;63.123.211.255;42.3601;-71.0589
63.123.212.0;63.123.212.255;40.7128;-74.006
63.123.213.0;63.123.213.255;42.3601;-71.0589
63.123.214.0;63.123.214.255;42.6526;-73.7562
63.123.215.0;63.123.218.255;42.3601;-71.0589
63.123.219.0;63.123.219.255;42.6526;-73.7562
63.123.220.0;63.123.223.255;42.3601;-71.0589
63.123.224.0;63.123.224.255;42.6526;-73.7562
63.123.225.0;63.123.226.255;40.7128;-74.006
63.123.227.0;63.123.231.255;42.3601;-71.0589
63.123.232.0;63.123.232.255;42.6526;-73.7562
63.123.233.0;63.123.233.255;40.5169;-74.4063
63.123.234.0;63.123.234.255;40.7128;-74.006
63.123.235.0;63.123.235.63;40.5902;-74.6504
63.123.235.64;63.123.236.255;40.7128;-74.006
63.123.237.0;63.123.237.255;40.352;-74.6502
63.123.238.0;63.123.239.255;42.3601;-71.0589
63.123.240.0;63.123.241.255;40.726;-73.9957
63.123.242.0;63.123.242.255;40.9742;-74.1137
63.123.243.0;63.123.243.255;41.2978;-72.7783
63.123.244.0;63.123.244.255;42.6526;-73.7562
63.123.245.0;63.123.246.255;42.3601;-71.0589
63.123.247.0;63.123.247.255;40.8078;-73.2549
63.123.248.0;63.123.248.255;40.7368;-73.9884
63.123.249.0;63.123.249.255;40.7253;-73.5937
63.123.250.0;63.123.250.255;40.7357;-74.1724
63.123.251.0;63.123.251.255;40.7371;-73.9878
63.123.252.0;63.123.252.255;40.55;-74.4567
63.123.253.0;63.123.253.255;40.7128;-74.006
63.123.254.0;63.123.254.255;40.7357;-74.1724
63.123.255.0;63.123.255.255;42.3601;-71.0589
63.124.0.0;63.124.0.255;29.7604;-95.3698
63.124.1.0;63.124.1.255;38.5223;-78.1331
63.124.2.0;63.124.4.191;29.7604;-95.3698
63.124.4.192;63.124.4.255;32.8042;-96.806
63.124.5.0;63.124.5.255;29.7604;-95.3698
63.124.6.0;63.124.6.255;47.0625;-109.428
63.124.7.0;63.124.7.255;29.7604;-95.3698
63.124.8.0;63.124.11.255;37.8454;-122.292
63.124.12.0;63.124.12.255;42.3601;-71.0589
63.124.13.0;63.124.13.255;40.7128;-74.006
63.124.14.0;63.124.14.255;29.7604;-95.3698
63.124.15.0;63.124.15.127;34.712;-86.6841
63.124.15.128;63.124.16.255;42.3601;-71.0589
63.124.17.0;63.124.17.255;37.2452;-79.9897
63.124.18.0;63.124.19.255;42.3601;-71.0589
63.124.20.0;63.124.22.255;38.5816;-121.494
63.124.23.0;63.124.24.255;42.3601;-71.0589
63.124.25.0;63.124.25.127;26.6915;-80.0715
63.124.25.128;63.124.26.255;42.3601;-71.0589
63.124.27.0;63.124.27.255;26.6915;-80.0715
63.124.28.0;63.124.28.127;42.544;-83.3769
63.124.28.128;63.124.29.255;42.3601;-71.0589
63.124.30.0;63.124.30.255;40.7128;-74.006
63.124.31.0;63.124.31.255;42.3601;-71.0589
63.124.32.0;63.124.32.255;42.6526;-73.7562
63.124.33.0;63.124.35.255;42.3601;-71.0589
63.124.36.0;63.124.36.255;40.7128;-74.006
63.124.37.0;63.124.38.255;42.3601;-71.0589
63.124.39.0;63.124.39.255;42.6526;-73.7562
63.124.40.0;63.124.44.255;42.3601;-71.0589
63.124.45.0;63.124.46.255;40.7128;-74.006
63.124.47.0;63.124.47.255;42.3601;-71.0589
63.124.48.0;63.124.48.255;42.6526;-73.7562
63.124.49.0;63.124.49.255;40.7128;-74.006
63.124.50.0;63.124.53.255;42.3601;-71.0589
63.124.54.0;63.124.58.255;40.7128;-74.006
63.124.59.0;63.124.59.255;42.6526;-73.7562
63.124.60.0;63.124.60.255;42.3601;-71.0589
63.124.61.0;63.124.61.255;40.7128;-74.006
63.124.62.0;63.124.63.255;42.3601;-71.0589
63.124.64.0;63.124.64.255;40.7143;-74.006
63.124.65.0;63.124.65.255;40.7128;-74.006
63.124.66.0;63.124.66.255;38.9072;-77.0369
63.124.67.0;63.124.67.255;42.3601;-71.0589
63.124.68.0;63.124.68.255;40.7143;-74.006
63.124.69.0;63.124.69.255;42.3601;-71.0589
63.124.70.0;63.124.70.255;38.9072;-77.0369
63.124.71.0;63.124.71.199;33.7602;-117.841
63.124.71.200;63.124.72.255;42.3601;-71.0589
63.124.73.0;63.124.74.255;40.7128;-74.006
63.124.75.0;63.124.77.255;42.3601;-71.0589
63.124.78.0;63.124.79.255;40.8529;-74.0127
63.124.80.0;63.124.80.255;33.78;-117.895
63.124.81.0;63.124.81.255;40.7128;-74.006
63.124.82.0;63.124.82.255;42.3601;-71.0589
63.124.83.0;63.124.83.255;39.4409;-76.7767
63.124.84.0;63.124.84.255;40.7128;-74.006
63.124.85.0;63.124.85.255;33.1282;-117.327
63.124.86.0;63.124.89.127;42.3601;-71.0589
63.124.89.128;63.124.89.255;37.4722;-121.941
63.124.90.0;63.124.90.255;42.3601;-71.0589
63.124.91.0;63.124.91.255;41.4671;-87.0511
63.124.92.0;63.124.92.255;42.6526;-73.7562
63.124.93.0;63.124.93.255;37.4865;-122.234
63.124.94.0;63.124.94.255;37.788;-122.406
63.124.95.0;63.124.95.127;37.7978;-122.406
63.124.95.128;63.124.96.127;42.3601;-71.0589
63.124.96.128;63.124.97.255;37.788;-122.406
63.124.98.0;63.124.98.255;40.7128;-74.006
63.124.99.0;63.124.102.15;42.3601;-71.0589
63.124.102.16;63.124.102.255;41.8823;-87.6404
63.124.103.0;63.124.103.255;42.6526;-73.7562
63.124.104.0;63.124.104.255;42.3601;-71.0589
63.124.105.0;63.124.105.255;40.7128;-74.006
63.124.106.0;63.124.106.255;37.3948;-122.079
63.124.107.0;63.124.107.255;40.7128;-74.006
63.124.108.0;63.124.108.255;26.1732;-97.7206
63.124.109.0;63.124.109.255;39.011;-77.4711
63.124.110.0;63.124.110.255;42.3601;-71.0589
63.124.111.0;63.124.112.255;40.7128;-74.006
63.124.113.0;63.124.114.255;42.6526;-73.7562
63.124.115.0;63.124.115.255;42.3601;-71.0589
63.124.116.0;63.124.116.255;44.8578;-93.2217
63.124.117.0;63.124.118.255;42.3601;-71.0589
63.124.119.0;63.124.119.255;42.6526;-73.7562
63.124.120.0;63.124.122.255;42.3601;-71.0589
63.124.123.0;63.124.123.255;40.758;-73.9717
63.124.124.0;63.124.124.255;42.6526;-73.7562
63.124.125.0;63.124.125.255;40.7128;-74.006
63.124.126.0;63.124.126.255;42.3601;-71.0589
63.124.127.0;63.124.127.255;34.0645;-118.287
63.124.128.0;63.124.129.119;42.3601;-71.0589
63.124.129.120;63.124.129.255;39.9271;-75.2687
63.124.130.0;63.124.130.255;40.7357;-74.1724
63.124.131.0;63.124.131.255;40.5873;-74.2419
63.124.132.0;63.124.133.255;42.3601;-71.0589
63.124.134.0;63.124.134.255;40.7128;-74.006
63.124.135.0;63.124.135.63;44.8669;-93.143
63.124.135.64;63.124.137.255;42.3601;-71.0589
63.124.138.0;63.124.138.255;47.7657;-122.184
63.124.139.0;63.124.139.255;37.3967;-122.084
63.124.140.0;63.124.143.255;40.6739;-79.6858
63.124.144.0;63.124.144.255;37.3872;-122.242
63.124.145.0;63.124.145.255;42.3601;-71.0589
63.124.146.0;63.124.146.255;33.1058;-117.22
63.124.147.0;63.124.147.255;45.0115;-93.4503
63.124.148.0;63.124.148.255;39.011;-77.4711
63.124.149.0;63.124.149.255;42.3601;-71.0589
63.124.150.0;63.124.150.215;29.7604;-95.3698
63.124.150.216;63.124.152.255;42.3601;-71.0589
63.124.153.0;63.124.153.255;40.7128;-74.006
63.124.154.0;63.124.155.255;42.3601;-71.0589
63.124.156.0;63.124.156.255;42.6294;-71.2767
63.124.157.0;63.124.158.255;42.3601;-71.0589
63.124.159.0;63.124.159.255;38.8955;-77.0736
63.124.160.0;63.124.160.255;40.7128;-74.006
63.124.161.0;63.124.162.255;42.3601;-71.0589
63.124.163.0;63.124.163.255;40.7128;-74.006
63.124.164.0;63.124.166.255;42.3601;-71.0589
63.124.167.0;63.124.169.255;40.7128;-74.006
63.124.170.0;63.124.171.255;42.3601;-71.0589
63.124.172.0;63.124.172.255;40.7128;-74.006
63.124.173.0;63.124.173.255;42.6526;-73.7562
63.124.174.0;63.124.174.255;42.3601;-71.0589
63.124.175.0;63.124.175.255;40.7128;-74.006
63.124.176.0;63.124.176.255;42.3601;-71.0589
63.124.177.0;63.124.177.255;33.1084;-117.053
63.124.178.0;63.124.178.223;40.8178;-73.9952
63.124.178.224;63.124.181.255;42.3601;-71.0589
63.124.182.0;63.124.182.255;42.6526;-73.7562
63.124.183.0;63.124.183.255;38.9916;-76.8825
63.124.184.0;63.124.184.255;42.3601;-71.0589
63.124.185.0;63.124.185.255;37.3822;-122.036
63.124.186.0;63.124.187.255;40.7128;-74.006
63.124.188.0;63.124.188.255;41.8801;-87.6281
63.124.189.0;63.124.189.255;40.7128;-74.006
63.124.190.0;63.124.190.255;42.3601;-71.0589
63.124.191.0;63.124.191.255;42.6526;-73.7562
63.124.192.0;63.124.193.255;42.3601;-71.0589
63.124.194.0;63.124.194.255;33.4518;-112.018
63.124.195.0;63.124.197.255;42.3601;-71.0589
63.124.198.0;63.124.198.255;40.7128;-74.006
63.124.199.0;63.124.199.255;33.0537;-96.7674
63.124.200.0;63.124.200.255;42.3601;-71.0589
63.124.201.0;63.124.201.255;33.7279;-84.4178
63.124.202.0;63.124.202.255;41.8742;-87.6299
63.124.203.0;63.124.204.255;42.3601;-71.0589
63.124.205.0;63.124.205.255;40.7128;-74.006
63.124.206.0;63.124.206.255;37.4998;-122.215
63.124.207.0;63.124.207.255;42.3601;-71.0589
63.124.208.0;63.124.208.255;32.9413;-117.032
63.124.209.0;63.124.209.255;37.7978;-122.406
63.124.210.0;63.124.211.255;37.3233;-122.03
63.124.212.0;63.124.212.255;40.7128;-74.006
63.124.213.0;63.124.213.255;37.7718;-122.417
63.124.214.0;63.124.214.255;39.1197;-76.6318
63.124.215.0;63.124.215.255;40.7128;-74.006
63.124.216.0;63.124.216.255;42.6526;-73.7562
63.124.217.0;63.124.217.255;40.7128;-74.006
63.124.218.0;63.124.219.255;42.3601;-71.0589
63.124.220.0;63.124.220.255;40.6093;-111.803
63.124.221.0;63.124.221.255;40.7128;-74.006
63.124.222.0;63.124.222.255;40.3345;-74.6345
63.124.223.0;63.124.223.255;42.3601;-71.0589
63.124.224.0;63.124.224.255;40.7128;-74.006
63.124.225.0;63.124.228.255;42.3601;-71.0589
63.124.229.0;63.124.229.255;42.6526;-73.7562
63.124.230.0;63.124.231.255;42.3601;-71.0589
63.124.232.0;63.124.232.255;42.6526;-73.7562
63.124.233.0;63.124.233.255;42.3601;-71.0589
63.124.234.0;63.124.234.255;40.9711;-73.8788
63.124.235.0;63.124.235.255;40.7128;-74.006
63.124.236.0;63.124.236.255;42.6526;-73.7562
63.124.237.0;63.124.237.255;25.7965;-80.3506
63.124.238.0;63.124.238.255;42.3601;-71.0589
63.124.239.0;63.124.239.255;40.7856;-73.4189
63.124.240.0;63.124.240.255;40.7128;-74.006
63.124.241.0;63.124.243.255;42.3601;-71.0589
63.124.244.0;63.124.244.255;40.7128;-74.006
63.124.245.0;63.124.246.255;42.3601;-71.0589
63.124.247.0;63.124.247.255;40.7128;-74.006
63.124.248.0;63.124.249.255;42.3601;-71.0589
63.124.250.0;63.124.250.255;42.6526;-73.7562
63.124.251.0;63.124.251.255;42.3601;-71.0589
63.124.252.0;63.124.252.255;42.6526;-73.7562
63.124.253.0;63.124.254.255;40.7128;-74.006
63.124.255.0;63.124.255.255;42.3601;-71.0589
63.125.0.0;63.125.0.255;38.9072;-77.0369
63.125.1.0;63.125.3.255;42.3601;-71.0589
63.125.4.0;63.125.4.255;34.0078;-118.431
63.125.5.0;63.125.5.255;39.0113;-77.4713
63.125.6.0;63.125.6.255;40.7128;-74.006
63.125.7.0;63.125.7.255;42.6526;-73.7562
63.125.8.0;63.125.8.255;34.0496;-118.448
63.125.9.0;63.125.9.255;42.3601;-71.0589
63.125.10.0;63.125.10.255;33.7305;-85.8388
63.125.11.0;63.125.11.255;40.7128;-74.006
63.125.12.0;63.125.12.255;39.252;-76.6733
63.125.13.0;63.125.13.255;40.7127;-74.0134
63.125.14.0;63.125.15.255;42.3601;-71.0589
63.125.16.0;63.125.16.255;32.7592;-111.556
63.125.17.0;63.125.17.255;33.553;-111.895
63.125.18.0;63.125.19.255;33.5529;-111.896
63.125.20.0;63.125.20.255;33.553;-111.895
63.125.21.0;63.125.21.255;32.5975;-110.631
63.125.22.0;63.125.22.255;31.3406;-110.941
63.125.23.0;63.125.23.255;32.2452;-110.972
63.125.24.0;63.125.24.255;42.6526;-73.7562
63.125.25.0;63.125.25.255;42.3601;-71.0589
63.125.26.0;63.125.26.127;41.5592;-73.1045
63.125.26.128;63.125.29.239;42.3601;-71.0589
63.125.29.240;63.125.29.255;38.9079;-77.0243
63.125.30.0;63.125.30.255;42.3601;-71.0589
63.125.31.0;63.125.31.255;40.7128;-74.006
63.125.32.0;63.125.32.255;40.764;-73.9713
63.125.33.0;63.125.33.255;42.1482;-70.9153
63.125.34.0;63.125.34.255;42.3601;-71.0589
63.125.35.0;63.125.35.127;34.0901;-80.89
63.125.35.128;63.125.37.39;42.3601;-71.0589
63.125.37.40;63.125.37.95;39.2839;-76.5918
63.125.37.96;63.125.38.255;42.3601;-71.0589
63.125.39.0;63.125.39.255;40.8797;-74.5378
63.125.40.0;63.125.40.255;42.3601;-71.0589
63.125.41.0;63.125.41.255;47.2591;-122.459
63.125.42.0;63.125.42.255;42.3601;-71.0589
63.125.43.0;63.125.43.255;37.5076;-122.26
63.125.44.0;63.125.44.255;42.3453;-83.0572
63.125.45.0;63.125.45.255;42.6526;-73.7562
63.125.46.0;63.125.46.255;42.2947;-88.0222
63.125.47.0;63.125.47.255;42.2278;-71.5197
63.125.48.0;63.125.49.255;42.3601;-71.0589
63.125.50.0;63.125.50.255;40.7128;-74.006
63.125.51.0;63.125.51.255;40.7196;-74.0098
63.125.52.0;63.125.52.255;39.743;-104.986
63.125.53.0;63.125.53.255;42.3601;-71.0589
63.125.54.0;63.125.54.127;37.4868;-122.227
63.125.54.128;63.125.55.255;42.3601;-71.0589
63.125.56.0;63.125.56.159;37.7869;-122.398
63.125.56.160;63.125.57.255;42.3601;-71.0589
63.125.58.0;63.125.59.111;40.7128;-74.006
63.125.59.112;63.125.59.255;47.4042;-122.302
63.125.60.0;63.125.60.255;35.1457;-106.583
63.125.61.0;63.125.61.255;27.9575;-82.5232
63.125.62.0;63.125.62.255;41.3961;-81.6166
63.125.63.0;63.125.63.255;36.9884;-121.983
63.125.64.0;63.125.64.255;42.6526;-73.7562
63.125.65.0;63.125.65.255;42.3601;-71.0589
63.125.66.0;63.125.66.255;40.7128;-74.006
63.125.67.0;63.125.68.255;42.3601;-71.0589
63.125.69.0;63.125.69.255;42.6526;-73.7562
63.125.70.0;63.125.70.255;42.3601;-71.0589
63.125.71.0;63.125.71.255;40.7128;-74.006
63.125.72.0;63.125.72.255;42.3601;-71.0589
63.125.73.0;63.125.73.255;38.9845;-77.0905
63.125.74.0;63.125.74.255;37.3936;-122.079
63.125.75.0;63.125.76.255;42.3601;-71.0589
63.125.77.0;63.125.77.255;40.7128;-74.006
63.125.78.0;63.125.79.255;38.9314;-77.2392
63.125.80.0;63.125.80.255;42.3601;-71.0589
63.125.81.0;63.125.81.255;40.7128;-74.006
63.125.82.0;63.125.84.255;42.3601;-71.0589
63.125.85.0;63.125.85.255;40.7128;-74.006
63.125.86.0;63.125.87.255;42.3601;-71.0589
63.125.88.0;63.125.95.255;37.5407;-77.4361
63.125.96.0;63.125.96.255;40.6687;-74.1143
63.125.97.0;63.125.97.255;33.4142;-111.943
63.125.98.0;63.125.98.255;42.3601;-71.0589
63.125.99.0;63.125.99.255;40.7128;-74.006
63.125.100.0;63.125.101.255;42.3601;-71.0589
63.125.102.0;63.125.102.255;40.7128;-74.006
63.125.103.0;63.125.103.255;42.6526;-73.7562
63.125.104.0;63.125.106.255;42.3601;-71.0589
63.125.107.0;63.125.107.255;40.7128;-74.006
63.125.108.0;63.125.108.255;42.3601;-71.0589
63.125.109.0;63.125.109.255;42.6526;-73.7562
63.125.110.0;63.125.110.255;29.7761;-95.1146
63.125.111.0;63.125.111.255;40.7128;-74.006
63.125.112.0;63.125.114.255;42.3601;-71.0589
63.125.115.0;63.125.115.255;42.6526;-73.7562
63.125.116.0;63.125.116.255;40.6018;-73.994
63.125.117.0;63.125.117.255;42.3601;-71.0589
63.125.118.0;63.125.118.255;42.2959;-71.7129
63.125.119.0;63.125.119.255;40.9134;-75.9666
63.125.120.0;63.125.121.255;42.3601;-71.0589
63.125.122.0;63.125.122.255;42.6526;-73.7562
63.125.123.0;63.125.123.255;40.7128;-74.006
63.125.124.0;63.125.126.255;42.3601;-71.0589
63.125.127.0;63.125.128.255;42.6526;-73.7562
63.125.129.0;63.125.129.255;42.3601;-71.0589
63.125.130.0;63.125.130.255;36.3301;-119.297
63.125.131.0;63.125.131.255;40.8815;-74.1132
63.125.132.0;63.125.132.255;42.3601;-71.0589
63.125.133.0;63.125.134.255;40.7128;-74.006
63.125.135.0;63.125.135.255;39.3642;-74.4231
63.125.136.0;63.125.137.255;42.6526;-73.7562
63.125.138.0;63.125.143.255;42.3601;-71.0589
63.125.144.0;63.125.144.255;32.9049;-117.2
63.125.145.0;63.125.145.255;42.3601;-71.0589
63.125.146.0;63.125.147.255;38.681;-90.4033
63.125.148.0;63.125.149.255;32.798;-96.781
63.125.150.0;63.125.150.255;30.393;-97.8501
63.125.151.0;63.125.151.255;35.1815;-80.9265
63.125.152.0;63.125.152.255;42.3601;-71.0589
63.125.153.0;63.125.153.255;37.3906;-122.093
63.125.154.0;63.125.154.255;37.7718;-122.417
63.125.155.0;63.125.155.255;42.3572;-71.058
63.125.156.0;63.125.156.255;37.7825;-122.392
63.125.157.0;63.125.157.255;33.8517;-84.3645
63.125.158.0;63.125.158.255;38.9077;-76.8383
63.125.159.0;63.125.160.119;42.3601;-71.0589
63.125.160.120;63.125.160.255;38.8048;-77.0469
63.125.161.0;63.125.161.255;37.399;-122.012
63.125.162.0;63.125.162.255;42.3601;-71.0589
63.125.163.0;63.125.163.255;42.6526;-73.7562
63.125.164.0;63.125.164.255;39.1069;-76.9386
63.125.165.0;63.125.165.255;40.7128;-74.006
63.125.166.0;63.125.166.255;42.3601;-71.0589
63.125.167.0;63.125.167.255;40.7128;-74.006
63.125.168.0;63.125.168.255;42.3601;-71.0589
63.125.169.0;63.125.169.255;40.7128;-74.006
63.125.170.0;63.125.170.255;42.3601;-71.0589
63.125.171.0;63.125.171.255;40.7128;-74.006
63.125.172.0;63.125.172.255;29.9766;-95.5353
63.125.173.0;63.125.173.255;37.7718;-122.417
63.125.174.0;63.125.174.255;37.788;-122.406
63.125.175.0;63.125.175.255;33.8149;-117.884
63.125.176.0;63.125.176.255;42.6526;-73.7562
63.125.177.0;63.125.177.255;40.7128;-74.006
63.125.178.0;63.125.178.255;42.6294;-71.2767
63.125.179.0;63.125.179.255;40.7669;-73.6945
63.125.180.0;63.125.183.255;33.0099;-96.6987
63.125.184.0;63.125.184.255;42.6526;-73.7562
63.125.185.0;63.125.185.255;40.7128;-74.006
63.125.186.0;63.125.186.255;38.9845;-77.0929
63.125.187.0;63.125.187.255;42.3601;-71.0589
63.125.188.0;63.125.188.255;40.7128;-74.006
63.125.189.0;63.125.189.255;42.3865;-71.2665
63.125.190.0;63.125.190.255;42.3601;-71.0589
63.125.191.0;63.125.191.255;42.6526;-73.7562
63.125.192.0;63.125.192.255;40.6984;-74.4015
63.125.193.0;63.125.193.255;42.6526;-73.7562
63.125.194.0;63.125.194.255;34.1783;-118.873
63.125.195.0;63.125.195.255;38.9072;-77.0369
63.125.196.0;63.125.197.255;41.8608;-71.3988
63.125.198.0;63.125.198.255;40.7128;-74.006
63.125.199.0;63.125.199.255;42.3601;-71.0589
63.125.200.0;63.125.200.255;40.7128;-74.006
63.125.201.0;63.125.201.255;39.6292;-104.899
63.125.202.0;63.125.202.255;40.3717;-111.776
63.125.203.0;63.125.203.255;42.3601;-71.0589
63.125.204.0;63.125.204.255;33.0156;-96.9778
63.125.205.0;63.125.205.255;42.6526;-73.7562
63.125.206.0;63.125.206.255;29.8435;-95.4986
63.125.207.0;63.125.207.255;37.7887;-122.411
63.125.208.0;63.125.208.255;41.0493;-73.5639
63.125.209.0;63.125.209.255;40.7128;-74.006
63.125.210.0;63.125.210.223;37.7436;-122.426
63.125.210.224;63.125.211.255;42.3601;-71.0589
63.125.212.0;63.125.212.255;37.4473;-122.16
63.125.213.0;63.125.213.255;40.7353;-74.1684
63.125.214.0;63.125.215.255;41.1273;-78.7408
63.125.216.0;63.125.216.255;37.5629;-122.324
63.125.217.0;63.125.217.255;33.9978;-117.834
63.125.218.0;63.125.218.255;40.8114;-73.1734
63.125.219.0;63.125.219.255;42.3601;-71.0589
63.125.220.0;63.125.220.255;40.7128;-74.006
63.125.221.0;63.125.222.255;42.6526;-73.7562
63.125.223.0;63.125.224.255;42.3601;-71.0589
63.125.225.0;63.125.225.255;40.7128;-74.006
63.125.226.0;63.125.227.255;42.3601;-71.0589
63.125.228.0;63.125.228.255;38.925;-77.2234
63.125.229.0;63.125.229.255;42.6526;-73.7562
63.125.230.0;63.125.230.255;42.3601;-71.0589
63.125.231.0;63.125.231.255;40.7128;-74.006
63.125.232.0;63.125.232.255;42.3601;-71.0589
63.125.233.0;63.125.233.255;32.8724;-96.7712
63.125.234.0;63.125.234.255;42.3601;-71.0589
63.125.235.0;63.125.236.255;40.7128;-74.006
63.125.237.0;63.125.237.255;38.9072;-77.0369
63.125.238.0;63.125.238.255;37.3132;-121.913
63.125.239.0;63.125.239.255;38.9881;-77.3464
63.125.240.0;63.125.241.255;41.0534;-74.0674
63.125.242.0;63.125.242.255;42.3601;-71.0589
63.125.243.0;63.125.243.255;42.6526;-73.7562
63.125.244.0;63.125.246.255;40.7128;-74.006
63.125.247.0;63.125.247.255;37.5629;-122.324
63.125.248.0;63.125.248.255;37.4433;-122.161
63.125.249.0;63.125.249.255;37.3221;-122.035
63.125.250.0;63.125.251.255;42.3601;-71.0589
63.125.252.0;63.125.252.255;34.0828;-117.553
63.125.253.0;63.125.253.255;42.6526;-73.7562
63.125.254.0;63.125.254.255;40.7128;-74.006
63.125.255.0;63.125.255.255;42.3601;-71.0589
63.126.0.0;63.126.3.255;32.9382;-96.8199
63.126.4.0;63.126.4.255;40.7128;-74.006
63.126.5.0;63.126.5.255;40.7716;-72.9334
63.126.6.0;63.126.6.255;40.7375;-73.9922
63.126.7.0;63.126.8.103;42.3601;-71.0589
63.126.8.104;63.126.8.119;39.9609;-75.1585
63.126.8.120;63.126.9.255;42.3601;-71.0589
63.126.10.0;63.126.11.255;41.8398;-87.9536
63.126.12.0;63.126.13.255;42.6526;-73.7562
63.126.14.0;63.126.14.255;40.7128;-74.006
63.126.15.0;63.126.15.255;42.3601;-71.0589
63.126.16.0;63.126.16.255;40.7128;-74.006
63.126.17.0;63.126.17.255;37.7904;-122.404
63.126.18.0;63.126.18.255;40.7128;-74.006
63.126.19.0;63.126.19.255;37.7783;-122.397
63.126.20.0;63.126.20.255;37.3135;-122.032
63.126.21.0;63.126.21.255;40.7128;-74.006
63.126.22.0;63.126.22.255;42.3601;-71.0589
63.126.23.0;63.126.23.255;32.7767;-96.797
63.126.24.0;63.126.24.255;40.7128;-74.006
63.126.25.0;63.126.25.255;30.1116;-97.3651
63.126.26.0;63.126.26.255;42.3601;-71.0589
63.126.27.0;63.126.27.255;42.6526;-73.7562
63.126.28.0;63.126.28.255;42.3601;-71.0589
63.126.29.0;63.126.29.255;40.7128;-74.006
63.126.30.0;63.126.31.255;42.3601;-71.0589
63.126.32.0;63.126.32.255;40.7128;-74.006
63.126.33.0;63.126.33.223;40.5352;-74.2942
63.126.33.224;63.126.34.255;42.3601;-71.0589
63.126.35.0;63.126.35.255;42.2154;-71.7951
63.126.36.0;63.126.39.255;38.0054;-84.2157
63.126.40.0;63.126.40.255;40.7128;-74.006
63.126.41.0;63.126.41.199;26.1666;-80.1049
63.126.41.200;63.126.42.255;42.3601;-71.0589
63.126.43.0;63.126.43.127;40.7541;-73.978
63.126.43.128;63.126.44.255;42.3601;-71.0589
63.126.45.0;63.126.45.255;42.6526;-73.7562
63.126.46.0;63.126.46.255;42.3601;-71.0589
63.126.47.0;63.126.47.255;40.7128;-74.006
63.126.48.0;63.126.48.191;40.7476;-73.9908
63.126.48.192;63.126.49.255;42.6526;-73.7562
63.126.50.0;63.126.50.255;42.3601;-71.0589
63.126.51.0;63.126.51.255;42.6526;-73.7562
63.126.52.0;63.126.53.63;32.8241;-96.8212
63.126.53.64;63.126.55.255;42.3601;-71.0589
63.126.56.0;63.126.56.255;40.7128;-74.006
63.126.57.0;63.126.58.255;42.3601;-71.0589
63.126.59.0;63.126.59.255;40.7128;-74.006
63.126.60.0;63.126.60.255;40.3813;-74.5662
63.126.61.0;63.126.62.255;42.3601;-71.0589
63.126.63.0;63.126.63.255;40.7398;-73.987
63.126.64.0;63.126.64.255;30.0062;-90.1803
63.126.65.0;63.126.65.255;41.9314;-87.6769
63.126.66.0;63.126.66.255;41.983;-87.8422
63.126.67.0;63.126.67.255;42.3601;-71.0589
63.126.68.0;63.126.68.255;37.6854;-97.3378
63.126.69.0;63.126.69.255;39.7999;-74.1986
63.126.70.0;63.126.70.255;42.6526;-73.7562
63.126.71.0;63.126.71.255;42.3601;-71.0589
63.126.72.0;63.126.72.255;38.2255;-85.5636
63.126.73.0;63.126.73.255;42.3601;-71.0589
63.126.74.0;63.126.75.255;40.7128;-74.006
63.126.76.0;63.126.76.255;42.3601;-71.0589
63.126.77.0;63.126.78.255;40.7128;-74.006
63.126.79.0;63.126.80.127;42.3601;-71.0589
63.126.80.128;63.126.80.175;40.7451;-73.265
63.126.80.176;63.126.81.255;42.3601;-71.0589
63.126.82.0;63.126.82.255;41.4421;-71.4804
63.126.83.0;63.126.83.127;38.9949;-77.0315
63.126.83.128;63.126.84.255;42.3601;-71.0589
63.126.85.0;63.126.85.255;40.7128;-74.006
63.126.86.0;63.126.86.255;42.3601;-71.0589
63.126.87.0;63.126.87.255;37.3834;-121.935
63.126.88.0;63.126.88.255;42.3601;-71.0589
63.126.89.0;63.126.89.63;35.666;-78.6976
63.126.89.64;63.126.90.255;42.3601;-71.0589
63.126.91.0;63.126.91.255;42.6526;-73.7562
63.126.92.0;63.126.92.255;40.7128;-74.006
63.126.93.0;63.126.93.255;38.9296;-94.7762
63.126.94.0;63.126.94.255;29.7718;-95.1881
63.126.95.0;63.126.95.255;37.7978;-122.406
63.126.96.0;63.126.96.255;40.7128;-74.006
63.126.97.0;63.126.97.255;37.7658;-122.402
63.126.98.0;63.126.98.255;37.3916;-122.081
63.126.99.0;63.126.99.255;40.7128;-74.006
63.126.100.0;63.126.100.255;42.3601;-71.0589
63.126.101.0;63.126.101.255;40.7128;-74.006
63.126.102.0;63.126.104.255;42.3601;-71.0589
63.126.105.0;63.126.105.255;40.7128;-74.006
63.126.106.0;63.126.106.255;42.3601;-71.0589
63.126.107.0;63.126.107.255;40.7128;-74.006
63.126.108.0;63.126.109.255;42.3601;-71.0589
63.126.110.0;63.126.110.255;37.3407;-122.071
63.126.111.0;63.126.111.255;37.7913;-122.396
63.126.112.0;63.126.112.255;37.3234;-122.047
63.126.113.0;63.126.113.255;37.7513;-122.432
63.126.114.0;63.126.114.255;37.7973;-122.425
63.126.115.0;63.126.115.255;37.3688;-122.036
63.126.116.0;63.126.116.255;42.6526;-73.7562
63.126.117.0;63.126.117.255;37.7882;-122.405
63.126.118.0;63.126.118.255;42.6526;-73.7562
63.126.119.0;63.126.119.255;42.3601;-71.0589
63.126.120.0;63.126.120.255;32.8241;-96.8212
63.126.121.0;63.126.121.255;42.3601;-71.0589
63.126.122.0;63.126.122.255;37.5766;-77.5107
63.126.123.0;63.126.123.255;42.6526;-73.7562
63.126.124.0;63.126.125.255;38.8989;-77.0517
63.126.126.0;63.126.126.255;42.3601;-71.0589
63.126.127.0;63.126.127.255;45.0622;-93.4057
63.126.128.0;63.126.128.255;41.6557;-72.7217
63.126.129.0;63.126.129.255;40.7128;-74.006
63.126.130.0;63.126.130.255;42.3601;-71.0589
63.126.131.0;63.126.131.255;40.7128;-74.006
63.126.132.0;63.126.133.255;42.3601;-71.0589
63.126.134.0;63.126.134.255;42.6526;-73.7562
63.126.135.0;63.126.135.255;37.3787;-121.987
63.126.136.0;63.126.136.255;40.7128;-74.006
63.126.137.0;63.126.137.255;42.3601;-71.0589
63.126.138.0;63.126.139.255;26.6397;-81.8763
63.126.140.0;63.126.140.255;42.3601;-71.0589
63.126.141.0;63.126.141.255;40.0836;-74.9166
63.126.142.0;63.126.142.255;37.6815;-121.901
63.126.143.0;63.126.143.127;47.7906;-122.327
63.126.143.128;63.126.146.255;42.3601;-71.0589
63.126.147.0;63.126.149.255;40.7128;-74.006
63.126.150.0;63.126.150.255;42.6526;-73.7562
63.126.151.0;63.126.152.255;42.3601;-71.0589
63.126.153.0;63.126.153.255;38.9072;-77.0369
63.126.154.0;63.126.155.255;42.3601;-71.0589
63.126.156.0;63.126.156.255;40.7128;-74.006
63.126.157.0;63.126.157.255;42.6526;-73.7562
63.126.158.0;63.126.158.255;40.7128;-74.006
63.126.159.0;63.126.159.255;42.6526;-73.7562
63.126.160.0;63.126.160.255;42.3601;-71.0589
63.126.161.0;63.126.161.255;41.8933;-87.6766
63.126.162.0;63.126.162.255;42.6526;-73.7562
63.126.163.0;63.126.163.255;29.5393;-98.4895
63.126.164.0;63.126.164.255;40.7128;-74.006
63.126.165.0;63.126.165.255;40.2787;-86.5624
63.126.166.0;63.126.167.255;42.3601;-71.0589
63.126.168.0;63.126.168.255;37.5485;-121.989
63.126.169.0;63.126.169.255;40.9099;-74.0341
63.126.170.0;63.126.170.255;42.6526;-73.7562
63.126.171.0;63.126.171.255;40.7128;-74.006
63.126.172.0;63.126.172.255;40.9099;-74.0341
63.126.173.0;63.126.175.255;42.3601;-71.0589
63.126.176.0;63.126.176.255;38.9858;-77.4458
63.126.177.0;63.126.177.255;42.3601;-71.0589
63.126.178.0;63.126.180.255;40.7128;-74.006
63.126.181.0;63.126.181.255;42.3601;-71.0589
63.126.182.0;63.126.182.255;42.3294;-83.047
63.126.183.0;63.126.183.255;32.7161;-117.169
63.126.184.0;63.126.184.255;41.2641;-96.055
63.126.185.0;63.126.185.255;37.7436;-122.426
63.126.186.0;63.126.186.255;40.7741;-73.9553
63.126.187.0;63.126.187.255;39.5909;-104.837
63.126.188.0;63.126.188.255;33.8937;-117.958
63.126.189.0;63.126.189.255;42.3601;-71.0589
63.126.190.0;63.126.191.255;40.7128;-74.006
63.126.192.0;63.126.192.255;42.6526;-73.7562
63.126.193.0;63.126.193.255;40.7128;-74.006
63.126.194.0;63.126.194.255;41.531;-87.6982
63.126.195.0;63.126.195.255;34.0636;-118.37
63.126.196.0;63.126.197.255;42.3601;-71.0589
63.126.198.0;63.126.198.255;40.7128;-74.006
63.126.199.0;63.126.199.255;42.3601;-71.0589
63.126.200.0;63.126.201.255;42.6526;-73.7562
63.126.202.0;63.126.202.255;40.7128;-74.006
63.126.203.0;63.126.203.255;42.3601;-71.0589
63.126.204.0;63.126.204.255;40.7128;-74.006
63.126.205.0;63.126.207.255;42.3601;-71.0589
63.126.208.0;63.126.208.255;38.3482;-81.6315
63.126.209.0;63.126.209.255;40.0662;-80.7215
63.126.210.0;63.126.211.255;38.3482;-81.6315
63.126.212.0;63.126.212.255;38.4032;-81.7883
63.126.213.0;63.126.213.255;37.7758;-81.1911
63.126.214.0;63.126.215.255;39.5773;-78.2547
63.126.216.0;63.126.218.255;42.3601;-71.0589
63.126.219.0;63.126.219.255;39.7805;-86.3386
63.126.220.0;63.126.221.127;37.4485;-122.159
63.126.221.128;63.126.221.255;37.788;-122.406
63.126.222.0;63.126.222.255;37.3948;-122.079
63.126.223.0;63.126.223.255;37.7869;-122.398
63.126.224.0;63.126.224.255;42.6526;-73.7562
63.126.225.0;63.126.225.255;40.7128;-74.006
63.126.226.0;63.126.227.255;32.986;-96.8014
63.126.228.0;63.126.228.255;40.7128;-74.006
63.126.229.0;63.126.229.255;37.7973;-122.425
63.126.230.0;63.126.230.255;37.7882;-122.405
63.126.231.0;63.126.231.255;37.7973;-122.425
63.126.232.0;63.126.232.255;42.6526;-73.7562
63.126.233.0;63.126.233.255;37.7904;-122.404
63.126.234.0;63.126.234.255;37.7882;-122.405
63.126.235.0;63.126.235.255;42.6526;-73.7562
63.126.236.0;63.126.236.255;41.5761;-87.6775
63.126.237.0;63.126.237.255;42.6526;-73.7562
63.126.238.0;63.126.238.255;36.9015;-111.453
63.126.239.0;63.126.239.255;42.3601;-71.0589
63.126.240.0;63.126.240.255;40.4251;-104.691
63.126.241.0;63.126.241.255;42.6526;-73.7562
63.126.242.0;63.126.242.255;42.3601;-71.0589
63.126.243.0;63.126.243.255;38.9072;-77.0369
63.126.244.0;63.126.245.255;41.5968;-93.7911
63.126.246.0;63.126.247.31;42.3601;-71.0589
63.126.247.32;63.126.247.255;33.507;-82.0936
63.126.248.0;63.126.248.255;42.3601;-71.0589
63.126.249.0;63.126.249.255;36.1781;-115.242
63.126.250.0;63.126.250.255;36.1989;-86.8092
63.126.251.0;63.126.251.255;42.3601;-71.0589
63.126.252.0;63.126.252.255;40.7128;-74.006
63.126.253.0;63.126.253.255;37.7718;-122.417
63.126.254.0;63.126.254.255;38.992;-76.9693
63.126.255.0;63.126.255.255;42.6526;-73.7562
63.127.0.0;63.127.1.11;42.3601;-71.0589
63.127.1.12;63.127.1.255;36.1699;-115.14
63.127.2.0;63.127.2.255;40.7128;-74.006
63.127.3.0;63.127.3.255;42.6526;-73.7562
63.127.4.0;63.127.4.255;42.3601;-71.0589
63.127.5.0;63.127.5.255;42.6526;-73.7562
63.127.6.0;63.127.7.255;42.3601;-71.0589
63.127.8.0;63.127.8.255;40.7128;-74.006
63.127.9.0;63.127.9.255;42.5118;-83.5222
63.127.10.0;63.127.11.255;44.8628;-93.4496
63.127.12.0;63.127.13.255;37.7932;-122.395
63.127.14.0;63.127.15.255;42.6526;-73.7562
63.127.16.0;63.127.16.255;42.3601;-71.0589
63.127.17.0;63.127.17.255;40.7128;-74.006
63.127.18.0;63.127.18.255;42.6526;-73.7562
63.127.19.0;63.127.19.255;42.3601;-71.0589
63.127.20.0;63.127.20.255;39.9784;-75.4138
63.127.21.0;63.127.23.255;42.3601;-71.0589
63.127.24.0;63.127.24.255;42.6526;-73.7562
63.127.25.0;63.127.25.255;42.3601;-71.0589
63.127.26.0;63.127.26.255;37.2339;-121.787
63.127.27.0;63.127.27.255;40.7128;-74.006
63.127.28.0;63.127.28.255;42.3601;-71.0589
63.127.29.0;63.127.29.255;41.6831;-85.9045
63.127.30.0;63.127.30.255;40.7128;-74.006
63.127.31.0;63.127.31.255;42.3601;-71.0589
63.127.32.0;63.127.32.255;39.086;-94.7311
63.127.33.0;63.127.33.255;37.7436;-122.426
63.127.34.0;63.127.34.255;37.4451;-122.164
63.127.35.0;63.127.36.255;42.3601;-71.0589
63.127.37.0;63.127.37.255;41.8916;-87.6127
63.127.38.0;63.127.38.255;40.7613;-73.9727
63.127.39.0;63.127.40.207;42.3601;-71.0589
63.127.40.208;63.127.40.255;36.8529;-75.978
63.127.41.0;63.127.41.255;42.6526;-73.7562
63.127.42.0;63.127.42.223;29.5704;-98.4754
63.127.42.224;63.127.43.255;42.3601;-71.0589
63.127.44.0;63.127.47.255;30.0653;-95.1885
63.127.48.0;63.127.53.255;42.3601;-71.0589
63.127.54.0;63.127.54.255;40.7128;-74.006
63.127.55.0;63.127.57.255;42.3601;-71.0589
63.127.58.0;63.127.58.255;42.6526;-73.7562
63.127.59.0;63.127.59.255;40.7128;-74.006
63.127.60.0;63.127.61.255;42.3601;-71.0589
63.127.62.0;63.127.62.255;42.6526;-73.7562
63.127.63.0;63.127.65.255;42.3601;-71.0589
63.127.66.0;63.127.66.255;40.7644;-73.9702
63.127.67.0;63.127.68.255;42.3601;-71.0589
63.127.69.0;63.127.69.255;42.0454;-88.0436
63.127.70.0;63.127.70.255;42.3601;-71.0589
63.127.71.0;63.127.71.255;42.6526;-73.7562
63.127.72.0;63.127.73.255;40.7128;-74.006
63.127.74.0;63.127.79.143;42.3601;-71.0589
63.127.79.144;63.127.79.255;38.7252;-77.0699
63.127.80.0;63.127.87.255;34.1528;-118.695
63.127.88.0;63.127.91.255;40.7128;-74.006
63.127.92.0;63.127.95.255;47.9446;-122.278
63.127.96.0;63.127.97.255;40.7104;-74.0084
63.127.98.0;63.127.98.255;38.9127;-77.2248
63.127.99.0;63.127.99.255;42.6526;-73.7562
63.127.100.0;63.127.100.127;40.8152;-74.4433
63.127.100.128;63.127.101.255;42.3601;-71.0589
63.127.102.0;63.127.102.255;40.7128;-74.006
63.127.103.0;63.127.103.255;34.0589;-118.417
63.127.104.0;63.127.104.63;47.6101;-122.336
63.127.104.64;63.127.105.255;42.3601;-71.0589
63.127.106.0;63.127.106.255;39.9907;-76.6572
63.127.107.0;63.127.108.151;42.3601;-71.0589
63.127.108.152;63.127.108.255;40.6978;-73.9688
63.127.109.0;63.127.109.255;39.0738;-77.1343
63.127.110.0;63.127.110.255;40.7128;-74.006
63.127.111.0;63.127.111.255;38.6781;-90.4676
63.127.112.0;63.127.113.255;42.3601;-71.0589
63.127.114.0;63.127.114.255;40.7128;-74.006
63.127.115.0;63.127.116.255;42.3601;-71.0589
63.127.117.0;63.127.117.255;40.7128;-74.006
63.127.118.0;63.127.121.255;42.3601;-71.0589
63.127.122.0;63.127.122.255;40.7128;-74.006
63.127.123.0;63.127.123.255;42.3601;-71.0589
63.127.124.0;63.127.124.255;40.7128;-74.006
63.127.125.0;63.127.127.255;42.3601;-71.0589
63.127.128.0;63.127.128.255;38.9072;-77.0369
63.127.129.0;63.127.129.255;33.8098;-118.372
63.127.130.0;63.127.130.255;42.3601;-71.0589
63.127.131.0;63.127.131.255;41.9284;-87.8594
63.127.132.0;63.127.132.255;40.7128;-74.006
63.127.133.0;63.127.133.255;42.3601;-71.0589
63.127.134.0;63.127.134.255;41.4439;-71.4827
63.127.135.0;63.127.135.255;40.3569;-74.596
63.127.136.0;63.127.136.255;41.8012;-73.1214
63.127.137.0;63.127.137.255;38.947;-77.0646
63.127.138.0;63.127.138.191;33.7059;-117.851
63.127.138.192;63.127.140.255;42.3601;-71.0589
63.127.141.0;63.127.141.255;40.7128;-74.006
63.127.142.0;63.127.142.255;42.3601;-71.0589
63.127.143.0;63.127.143.255;41.468;-87.317
63.127.144.0;63.127.144.255;42.3601;-71.0589
63.127.145.0;63.127.145.255;34.1439;-118.151
63.127.146.0;63.127.146.255;41.2293;-73.2266
63.127.147.0;63.127.150.255;42.3601;-71.0589
63.127.151.0;63.127.151.255;37.7813;-122.394
63.127.152.0;63.127.152.255;37.7869;-122.398
63.127.153.0;63.127.153.255;37.7658;-122.402
63.127.154.0;63.127.155.255;42.3601;-71.0589
63.127.156.0;63.127.156.223;44.9457;-93.0982
63.127.156.224;63.127.158.255;42.3601;-71.0589
63.127.159.0;63.127.159.255;42.4937;-71.1897
63.127.160.0;63.127.163.255;39.0438;-77.4874
63.127.164.0;63.127.164.255;32.4956;-94.7409
63.127.165.0;63.127.165.255;42.3601;-71.0589
63.127.166.0;63.127.166.255;29.7125;-95.4279
63.127.167.0;63.127.167.255;39.2872;-76.6128
63.127.168.0;63.127.175.255;39.0438;-77.4874
63.127.176.0;63.127.176.255;42.6526;-73.7562
63.127.177.0;63.127.177.255;40.7128;-74.006
63.127.178.0;63.127.178.255;33.8568;-118.311
63.127.179.0;63.127.179.255;40.7788;-73.8942
63.127.180.0;63.127.181.31;42.3601;-71.0589
63.127.181.32;63.127.181.255;42.2574;-71.4272
63.127.182.0;63.127.182.63;39.0151;-77.3905
63.127.182.64;63.127.184.255;42.3601;-71.0589
63.127.185.0;63.127.185.255;40.7128;-74.006
63.127.186.0;63.127.187.255;42.3601;-71.0589
63.127.188.0;63.127.189.255;37.5388;-120.895
63.127.190.0;63.127.190.255;42.3601;-71.0589
63.127.191.0;63.127.191.255;40.7128;-74.006
63.127.192.0;63.127.192.255;43.0846;-70.81
63.127.193.0;63.127.193.255;43.3896;-71.0662
63.127.194.0;63.127.194.255;43.0714;-70.7941
63.127.195.0;63.127.196.255;43.0772;-70.7604
63.127.197.0;63.127.197.255;43.0769;-70.7604
63.127.198.0;63.127.199.15;42.7179;-73.7987
63.127.199.16;63.127.199.255;43.0988;-70.7966
63.127.200.0;63.127.200.255;42.6526;-73.7562
63.127.201.0;63.127.201.255;40.7128;-74.006
63.127.202.0;63.127.202.255;42.3601;-71.0589
63.127.203.0;63.127.203.255;40.7831;-73.9713
63.127.204.0;63.127.206.255;42.3601;-71.0589
63.127.207.0;63.127.207.255;32.8283;-96.9599
63.127.208.0;63.127.208.255;42.6526;-73.7562
63.127.209.0;63.127.209.255;39.1143;-77.1578
63.127.210.0;63.127.210.255;42.6526;-73.7562
63.127.211.0;63.127.211.255;40.7128;-74.006
63.127.212.0;63.127.213.255;42.6526;-73.7562
63.127.214.0;63.127.214.255;42.9643;-74.1837
63.127.215.0;63.127.215.255;29.8541;-95.4119
63.127.216.0;63.127.216.239;41.8228;-71.3569
63.127.216.240;63.127.217.255;42.6526;-73.7562
63.127.218.0;63.127.218.255;38.6211;-121.329
63.127.219.0;63.127.219.255;33.8788;-117.576
63.127.220.0;63.127.220.255;42.3601;-71.0589
63.127.221.0;63.127.221.255;42.6526;-73.7562
63.127.222.0;63.127.222.255;35.0899;-80.8467
63.127.223.0;63.127.223.255;42.6526;-73.7562
63.127.224.0;63.127.255.255;30.4886;-97.6705
63.128.0.0;63.128.3.255;32.8688;-79.9188
63.128.4.0;63.128.4.255;42.3538;-71.0574
63.128.5.0;63.128.5.255;43.0838;-70.8097
63.128.6.0;63.128.6.255;42.3622;-71.267
63.128.7.0;63.128.12.255;32.8688;-79.9188
63.128.13.0;63.128.13.255;40.7128;-74.006
63.128.14.0;63.128.14.255;32.5891;-92.0664
63.128.15.0;63.128.15.255;40.7128;-74.006
63.128.16.0;63.128.16.255;42.5931;-71.3205
63.128.17.0;63.128.17.255;43.0838;-70.8097
63.128.18.0;63.128.18.255;42.3507;-71.0732
63.128.19.0;63.128.20.255;32.8688;-79.9188
63.128.21.0;63.128.21.255;42.3601;-71.0589
63.128.22.0;63.128.22.255;43.0923;-70.7866
63.128.23.0;63.128.23.255;40.7128;-74.006
63.128.24.0;63.128.27.255;32.8688;-79.9188
63.128.28.0;63.128.32.255;40.7128;-74.006
63.128.33.0;63.128.33.255;42.3659;-71.2058
63.128.34.0;63.128.35.255;42.5047;-71.1956
63.128.36.0;63.128.63.255;40.7128;-74.006
63.128.64.0;63.128.68.15;33.6221;-84.3691
63.128.68.16;63.128.68.255;40.7294;-111.977
63.128.69.0;63.128.70.255;33.6221;-84.3691
63.128.71.0;63.128.71.255;30.3689;-97.7408
63.128.72.0;63.128.72.255;33.6221;-84.3691
63.128.73.0;63.128.73.255;30.3689;-97.7408
63.128.74.0;63.128.75.255;33.6221;-84.3691
63.128.76.0;63.128.76.255;33.7938;-84.426
63.128.77.0;63.128.77.255;33.6221;-84.3691
63.128.78.0;63.128.78.255;40.8553;-73.9664
63.128.79.0;63.128.79.255;28.6334;-81.4031
63.128.80.0;63.128.80.255;33.7438;-84.5815
63.128.81.0;63.128.84.255;33.6221;-84.3691
63.128.85.0;63.128.85.255;33.7438;-84.5815
63.128.86.0;63.128.86.255;33.9616;-84.2355
63.128.87.0;63.128.88.255;33.6221;-84.3691
63.128.89.0;63.128.90.255;26.2024;-80.1494
63.128.91.0;63.128.91.255;39.7594;-104.798
63.128.92.0;63.128.92.255;34.7201;-86.615
63.128.93.0;63.128.93.255;34.0243;-118.477
63.128.94.0;63.128.94.255;33.6221;-84.3691
63.128.95.0;63.128.95.255;38.6157;-76.9057
63.128.96.0;63.128.96.255;34.0727;-84.2602
63.128.97.0;63.128.98.63;33.6221;-84.3691
63.128.98.64;63.128.98.255;32.0659;-81.0954
63.128.99.0;63.128.99.255;33.6221;-84.3691
63.128.100.0;63.128.100.255;29.5255;-98.4581
63.128.101.0;63.128.101.255;35.7743;-78.6401
63.128.102.0;63.128.103.255;47.7698;-122.184
63.128.104.0;63.128.104.255;33.6221;-84.3691
63.128.105.0;63.128.105.255;34.0915;-84.2512
63.128.106.0;63.128.107.191;33.6221;-84.3691
63.128.107.192;63.128.109.127;40.7301;-74.0077
63.128.109.128;63.128.109.255;33.7438;-84.5815
63.128.110.0;63.128.110.255;26.1509;-81.799
63.128.111.0;63.128.127.255;33.6221;-84.3691
63.128.128.0;63.128.128.255;37.3688;-122.036
63.128.129.0;63.128.129.255;37.3976;-121.981
63.128.130.0;63.128.130.255;37.3541;-121.955
63.128.131.0;63.128.134.255;37.3688;-122.036
63.128.135.0;63.128.135.255;37.4003;-121.915
63.128.136.0;63.128.137.255;37.3688;-122.036
63.128.138.0;63.128.138.255;37.4194;-122.089
63.128.139.0;63.128.141.63;37.3688;-122.036
63.128.141.64;63.128.141.255;37.3172;-122.052
63.128.142.0;63.128.142.255;37.5378;-122.255
63.128.143.0;63.128.143.255;37.3688;-122.036
63.128.144.0;63.128.144.63;34.0646;-84.155
63.128.144.64;63.128.146.31;37.3688;-122.036
63.128.146.32;63.128.146.63;37.3903;-121.893
63.128.146.64;63.128.148.127;37.3688;-122.036
63.128.148.128;63.128.148.199;40.7605;-73.9789
63.128.148.200;63.128.149.255;37.3688;-122.036
63.128.150.0;63.128.150.255;40.7605;-73.9789
63.128.151.0;63.128.151.255;41.0731;-74.1301
63.128.152.0;63.128.154.63;37.3688;-122.036
63.128.154.64;63.128.155.255;41.0731;-74.1301
63.128.156.0;63.128.160.15;37.3688;-122.036
63.128.160.16;63.128.160.255;34.0511;-118.46
63.128.161.0;63.128.161.255;40.7628;-73.9825
63.128.162.0;63.128.162.255;37.3688;-122.036
63.128.163.0;63.128.163.39;37.3874;-121.972
63.128.163.40;63.128.167.255;37.3688;-122.036
63.128.168.0;63.128.168.255;38.2656;-122.659
63.128.169.0;63.128.169.255;33.6949;-117.857
63.128.170.0;63.128.170.255;37.3999;-122.108
63.128.171.0;63.128.171.127;34.0646;-84.155
63.128.171.128;63.128.175.255;37.3688;-122.036
63.128.176.0;63.128.176.255;33.6387;-117.837
63.128.177.0;63.128.177.255;37.4218;-121.894
63.128.178.0;63.128.178.255;38.6322;-90.1977
63.128.179.0;63.128.191.255;37.3688;-122.036
63.128.192.0;63.129.255.255;38.9072;-77.0369
63.130.0.0;63.130.2.255;48.8575;2.35138
63.130.3.0;63.130.3.255;50.6925;3.17828
63.130.4.0;63.130.6.255;48.8575;2.35138
63.130.7.0;63.130.7.255;51.5072;-0.127586
63.130.8.0;63.130.8.255;50.6925;3.17828
63.130.9.0;63.130.11.255;48.8575;2.35138
63.130.12.0;63.130.12.255;50.6925;3.17828
63.130.13.0;63.130.22.255;48.8575;2.35138
63.130.23.0;63.130.23.255;50.6925;3.17828
63.130.24.0;63.130.28.255;48.8575;2.35138
63.130.29.0;63.130.29.255;50.6925;3.17828
63.130.30.0;63.130.37.255;48.8575;2.35138
63.130.38.0;63.130.38.255;42.3654;-71.0879
63.130.39.0;63.130.39.255;50.6925;3.17828
63.130.40.0;63.130.51.255;48.8575;2.35138
63.130.52.0;63.130.52.255;50.6925;3.17828
63.130.53.0;63.130.54.255;48.8575;2.35138
63.130.55.0;63.130.55.255;50.6925;3.17828
63.130.56.0;63.130.59.255;48.8575;2.35138
63.130.60.0;63.130.60.255;50.6925;3.17828
63.130.61.0;63.130.72.255;48.8575;2.35138
63.130.73.0;63.130.73.255;50.6925;3.17828
63.130.74.0;63.130.74.255;48.8575;2.35138
63.130.75.0;63.130.75.255;50.6925;3.17828
63.130.76.0;63.130.76.255;48.8575;2.35138
63.130.77.0;63.130.77.255;50.6925;3.17828
63.130.78.0;63.130.80.255;48.8575;2.35138
63.130.81.0;63.130.81.255;50.6925;3.17828
63.130.82.0;63.130.82.255;48.8575;2.35138
63.130.83.0;63.130.83.79;39.0438;-77.4874
63.130.83.80;63.130.84.255;40.7568;-73.9727
63.130.85.0;63.130.85.255;51.4167;-1.31975
63.130.86.0;63.130.87.255;48.8575;2.35138
63.130.88.0;63.130.90.255;50.6925;3.17828
63.130.91.0;63.130.95.255;48.8575;2.35138
63.130.96.0;63.130.96.255;52.0564;-2.71597
63.130.97.0;63.130.97.255;48.8856;2.38655
63.130.98.0;63.130.98.255;52.0564;-2.71597
63.130.99.0;63.130.99.255;48.8575;2.35138
63.130.100.0;63.130.100.255;48.8856;2.38655
63.130.101.0;63.130.101.255;52.0564;-2.71597
63.130.102.0;63.130.102.255;48.8575;2.35138
63.130.103.0;63.130.104.255;52.0564;-2.71597
63.130.105.0;63.130.105.255;48.8856;2.38655
63.130.106.0;63.130.106.255;52.0564;-2.71597
63.130.107.0;63.130.107.255;48.8575;2.35138
63.130.108.0;63.130.108.255;48.8856;2.38655
63.130.109.0;63.130.109.255;52.0564;-2.71597
63.130.110.0;63.130.110.255;48.8856;2.38655
63.130.111.0;63.130.115.255;48.8575;2.35138
63.130.116.0;63.130.116.255;50.6925;3.17828
63.130.117.0;63.130.127.255;48.8575;2.35138
63.130.128.0;63.130.128.255;50.6925;3.17828
63.130.129.0;63.130.129.255;48.8575;2.35138
63.130.130.0;63.130.130.255;48.8566;2.35222
63.130.131.0;63.130.132.23;48.8575;2.35138
63.130.132.24;63.130.132.255;50.6925;3.17828
63.130.133.0;63.130.136.71;48.8575;2.35138
63.130.136.72;63.130.136.255;48.8566;2.35222
63.130.137.0;63.130.138.255;48.8575;2.35138
63.130.139.0;63.130.139.255;51.4167;-1.31975
63.130.140.0;63.130.143.15;48.8575;2.35138
63.130.143.16;63.130.143.255;45.6917;11.5616
63.130.144.0;63.130.144.255;48.8575;2.35138
63.130.145.0;63.130.159.255;51.4167;-1.31975
63.130.160.0;63.130.160.255;48.8575;2.35138
63.130.161.0;63.130.161.255;48.8566;2.35222
63.130.162.0;63.130.162.255;48.8575;2.35138
63.130.163.0;63.130.163.255;51.4167;-1.31975
63.130.164.0;63.130.164.255;48.8566;2.35222
63.130.165.0;63.130.175.255;48.8575;2.35138
63.130.176.0;63.130.207.255;51.4167;-1.31975
63.130.208.0;63.130.211.255;48.8575;2.35138
63.130.212.0;63.130.212.255;50.6925;3.17828
63.130.213.0;63.130.215.255;48.8575;2.35138
63.130.216.0;63.130.216.255;51.4167;-1.31975
63.130.217.0;63.130.219.255;48.8575;2.35138
63.130.220.0;63.130.220.255;50.6925;3.17828
63.130.221.0;63.130.225.255;48.8575;2.35138
63.130.226.0;63.130.226.255;50.6925;3.17828
63.130.227.0;63.130.231.255;48.8575;2.35138
63.130.232.0;63.130.233.255;50.6925;3.17828
63.130.234.0;63.130.234.255;48.8575;2.35138
63.130.235.0;63.130.235.255;51.5072;-0.127586
63.130.236.0;63.130.240.255;48.8575;2.35138
63.130.241.0;63.130.241.255;50.6925;3.17828
63.130.242.0;63.130.245.255;48.8575;2.35138
63.130.246.0;63.130.246.255;51.5072;-0.127586
63.130.247.0;63.130.247.255;48.8575;2.35138
63.130.248.0;63.130.248.255;-51.6977;-57.8517
63.130.249.0;63.130.252.255;48.8575;2.35138
63.130.253.0;63.130.253.255;50.6925;3.17828
63.130.254.0;63.130.255.255;48.8575;2.35138
63.131.0.0;63.131.0.255;41.8781;-87.6298
63.131.1.0;63.131.1.255;41.409;-75.6624
63.131.2.0;63.131.2.255;40.7831;-73.9713
63.131.3.0;63.131.3.255;44.3578;-89.0849
63.131.4.0;63.131.5.3;40.7831;-73.9713
63.131.5.4;63.131.5.247;34.7872;-92.3968
63.131.5.248;63.131.7.3;40.7831;-73.9713
63.131.7.4;63.131.7.255;34.7872;-92.3968
63.131.8.0;63.131.8.255;39.7589;-84.1916
63.131.9.0;63.131.9.255;42.9671;-78.7107
63.131.10.0;63.131.11.35;40.6215;-79.1525
63.131.11.36;63.131.11.187;34.7872;-92.3968
63.131.11.188;63.131.12.255;40.6215;-79.1525
63.131.13.0;63.131.13.255;42.9634;-85.6681
63.131.14.0;63.131.15.255;39.2082;-86.5792
63.131.16.0;63.131.16.255;43.6981;-85.4837
63.131.17.0;63.131.17.255;39.9394;-82.8295
63.131.18.0;63.131.18.255;34.7872;-92.3968
63.131.19.0;63.131.19.255;41.8445;-79.1446
63.131.20.0;63.131.20.255;40.2732;-76.8867
63.131.21.0;63.131.21.255;34.7872;-92.3968
63.131.22.0;63.131.22.255;40.2589;-76.883
63.131.23.0;63.131.23.255;40.4406;-79.9959
63.131.24.0;63.131.24.255;43.1566;-77.6088
63.131.25.0;63.131.25.255;42.8864;-78.8784
63.131.26.0;63.131.27.255;43.155;-77.6025
63.131.28.0;63.131.28.255;42.8864;-78.8784
63.131.29.0;63.131.29.255;43.1566;-77.6088
63.131.30.0;63.131.30.255;43.0481;-76.1474
63.131.31.0;63.131.31.255;34.7872;-92.3968
63.131.32.0;63.131.32.255;40.7831;-73.9713
63.131.33.0;63.131.35.255;43.1566;-77.6088
63.131.36.0;63.131.37.3;34.7872;-92.3968
63.131.37.4;63.131.38.91;40.7831;-73.9713
63.131.38.92;63.131.38.235;34.788;-92.3937
63.131.38.236;63.131.39.255;40.7831;-73.9713
63.131.40.0;63.131.40.255;39.6305;-84.1861
63.131.41.0;63.131.41.255;42.9671;-78.7107
63.131.42.0;63.131.42.255;39.7684;-86.1581
63.131.43.0;63.131.43.255;34.6036;-98.3959
63.131.44.0;63.131.44.255;64.3279;-158.726
63.131.45.0;63.131.45.255;39.6128;-86.3742
63.131.46.0;63.131.46.255;39.7684;-86.1581
63.131.47.0;63.131.47.255;43.0133;-85.5706
63.131.48.0;63.131.48.255;40.4406;-79.9959
63.131.49.0;63.131.49.255;34.7872;-92.3968
63.131.50.0;63.131.50.255;40.7831;-73.9713
63.131.51.0;63.131.51.255;41.8386;-94.1072
63.131.52.0;63.131.52.255;40.4406;-79.9959
63.131.53.0;63.131.53.255;40.2732;-76.8867
63.131.54.0;63.131.54.255;40.4406;-79.9959
63.131.55.0;63.131.56.30;43.1566;-77.6088
63.131.56.31;63.131.56.255;39.6957;-84.1026
63.131.57.0;63.131.57.255;39.7684;-86.1581
63.131.58.0;63.131.58.255;43.1566;-77.6088
63.131.59.0;63.131.59.255;34.7872;-92.3968
63.131.60.0;63.131.60.255;39.7684;-86.1581
63.131.61.0;63.131.61.255;43.1566;-77.6088
63.131.62.0;63.131.62.255;40.4406;-79.9959
63.131.63.0;63.131.63.247;42.9169;-87.9318
63.131.63.248;63.131.64.254;40.7831;-73.9713
63.131.64.255;63.131.66.17;43.1566;-77.6088
63.131.66.18;63.131.66.255;39.4177;-86.4102
63.131.67.0;63.131.67.255;34.7872;-92.3968
63.131.68.0;63.131.68.255;40.6145;-75.6542
63.131.69.0;63.131.69.255;43.1566;-77.6088
63.131.70.0;63.131.71.9;40.4406;-79.9959
63.131.71.10;63.131.71.255;40.5649;-80.0168
63.131.72.0;63.131.73.255;34.7872;-92.3968
63.131.74.0;63.131.74.255;43.1566;-77.6088
63.131.75.0;63.131.75.255;42.9627;-78.9146
63.131.76.0;63.131.76.255;40.4406;-79.9959
63.131.77.0;63.131.77.255;34.7872;-92.3968
63.131.78.0;63.131.78.255;39.9394;-82.8295
63.131.79.0;63.131.79.255;34.7872;-92.3968
63.131.80.0;63.131.80.255;43.1566;-77.6088
63.131.81.0;63.131.81.255;40.7831;-73.9713
63.131.82.0;63.131.82.255;43.0982;-88.0517
63.131.83.0;63.131.83.255;43.1566;-77.6088
63.131.84.0;63.131.84.255;34.7872;-92.3968
63.131.85.0;63.131.85.255;40.4406;-79.9959
63.131.86.0;63.131.86.255;34.788;-92.3937
63.131.87.0;63.131.87.255;42.9876;-78.8014
63.131.88.0;63.131.89.255;34.7872;-92.3968
63.131.90.0;63.131.90.247;41.9943;-87.962
63.131.90.248;63.131.92.255;34.7872;-92.3968
63.131.93.0;63.131.93.255;39.7684;-86.1581
63.131.94.0;63.131.98.11;34.7872;-92.3968
63.131.98.12;63.131.98.255;43.1566;-77.6088
63.131.99.0;63.131.99.255;43.2519;-70.8983
63.131.100.0;63.131.101.255;34.7872;-92.3968
63.131.102.0;63.131.102.255;39.3671;-76.5829
63.131.103.0;63.131.103.255;40.5269;-79.8291
63.131.104.0;63.131.104.255;42.3232;-71.7687
63.131.105.0;63.131.105.255;34.788;-92.3937
63.131.106.0;63.131.106.255;42.0663;-72.7462
63.131.107.0;63.131.107.255;40.7831;-73.9713
63.131.108.0;63.131.108.255;40.7128;-74.006
63.131.109.0;63.131.109.255;34.788;-92.3937
63.131.110.0;63.131.110.255;34.7872;-92.3968
63.131.111.0;63.131.111.255;40.7831;-73.9713
63.131.112.0;63.131.112.255;34.7872;-92.3968
63.131.113.0;63.131.113.207;42.4081;-71.0665
63.131.113.208;63.131.114.255;34.7872;-92.3968
63.131.115.0;63.131.115.255;40.6199;-75.382
63.131.116.0;63.131.116.255;40.3162;-79.3858
63.131.117.0;63.131.117.255;42.0647;-80.1039
63.131.118.0;63.131.118.247;40.4406;-79.9959
63.131.118.248;63.131.119.255;34.7872;-92.3968
63.131.120.0;63.131.120.255;41.0235;-80.6664
63.131.121.0;63.131.121.255;40.4184;-79.7569
63.131.122.0;63.131.122.255;42.9565;-88.0194
63.131.123.0;63.131.123.255;43.7495;-87.7102
63.131.124.0;63.131.124.255;34.788;-92.3937
63.131.125.0;63.131.125.207;42.3601;-71.0589
63.131.125.208;63.131.126.255;34.788;-92.3937
63.131.127.0;63.131.127.255;40.7128;-74.006
63.131.128.0;63.131.128.255;40.7167;-74.0335
63.131.129.0;63.131.129.255;40.7128;-74.006
63.131.130.0;63.131.131.63;40.7167;-74.0335
63.131.131.64;63.131.131.79;40.7128;-74.006
63.131.131.80;63.131.133.255;40.7167;-74.0335
63.131.134.0;63.131.134.255;40.7128;-74.006
63.131.135.0;63.131.139.143;40.7167;-74.0335
63.131.139.144;63.131.139.159;40.7412;-73.9897
63.131.139.160;63.131.140.255;40.7167;-74.0335
63.131.141.0;63.131.141.255;40.7128;-74.006
63.131.142.0;63.131.142.255;40.7167;-74.0335
63.131.143.0;63.131.143.255;40.2229;-74.9057
63.131.144.0;63.131.146.195;37.3387;-121.885
63.131.146.196;63.131.146.199;29.5098;-98.3916
63.131.146.200;63.131.149.255;37.3387;-121.885
63.131.150.0;63.131.150.255;37.7804;-122.394
63.131.151.0;63.131.151.255;29.5098;-98.3916
63.131.152.0;63.131.152.255;47.6126;-122.338
63.131.153.0;63.131.159.255;37.3387;-121.885
63.131.160.0;63.131.166.255;41.366;-85.0542
63.131.167.0;63.131.167.255;41.3495;-85.1355
63.131.168.0;63.131.175.255;41.366;-85.0542
63.131.176.0;63.131.177.255;48.3416;-103.167
63.131.178.0;63.131.178.255;48.8031;-102.246
63.131.179.0;63.131.179.255;48.3416;-103.167
63.131.180.0;63.131.180.255;48.8031;-102.246
63.131.181.0;63.131.187.255;48.3416;-103.167
63.131.188.0;63.131.188.255;48.9142;-103.295
63.131.189.0;63.131.190.255;48.3416;-103.167
63.131.191.0;63.131.191.255;48.3972;-102.938
63.131.192.0;63.131.193.255;38.2009;-84.8733
63.131.194.0;63.131.194.255;38.1896;-84.8459
63.131.195.0;63.131.195.255;38.2009;-84.8733
63.131.196.0;63.131.198.255;38.1896;-84.8459
63.131.199.0;63.131.199.255;38.2009;-84.8733
63.131.200.0;63.131.200.255;38.1948;-84.879
63.131.201.0;63.131.201.255;38.2009;-84.8733
63.131.202.0;63.131.205.255;38.1948;-84.879
63.131.206.0;63.131.206.255;38.2009;-84.8733
63.131.207.0;63.131.207.255;38.1948;-84.879
63.131.208.0;63.131.208.255;38.1896;-84.8459
63.131.209.0;63.131.209.255;38.2009;-84.8733
63.131.210.0;63.131.216.255;38.1896;-84.8459
63.131.217.0;63.131.217.255;38.2009;-84.8733
63.131.218.0;63.131.222.255;38.1896;-84.8459
63.131.223.0;63.131.223.255;38.2009;-84.8733
63.131.224.0;63.131.233.159;47.6719;-117.091
63.131.233.160;63.131.233.255;47.6743;-117.112
63.131.234.0;63.131.239.255;47.6719;-117.091
63.131.240.0;63.131.241.255;18.4249;-66.0653
63.131.242.0;63.131.242.255;18.4041;-66.1059
63.131.243.0;63.131.243.255;18.4068;-66.1055
63.131.244.0;63.131.244.255;18.4444;-66.3877
63.131.245.0;63.131.245.255;18.4068;-66.1055
63.131.246.0;63.131.247.255;18.4646;-66.1123
63.131.248.0;63.131.248.255;18.4459;-66.0802
63.131.249.0;63.131.249.255;18.4632;-66.1148
63.131.250.0;63.131.251.7;18.4041;-66.1059
63.131.251.8;63.131.251.255;18.4419;-66.0659
63.131.252.0;63.131.252.95;18.4043;-66.1059
63.131.252.96;63.131.253.255;18.4041;-66.1059
63.131.254.0;63.131.254.255;18.4163;-66.064
63.131.255.0;63.131.255.255;18.4041;-66.1059
63.132.0.0;63.132.255.255;39.9217;-105.144
63.133.0.0;63.133.127.255;32.5896;-92.0669
63.133.128.0;63.133.129.255;32.9484;-96.8275
63.133.130.0;63.133.130.255;29.5453;-95.1024
63.133.131.0;63.133.131.39;29.7454;-95.48
63.133.131.40;63.133.133.255;32.9484;-96.8275
63.133.134.0;63.133.134.175;29.5559;-95.1145
63.133.134.176;63.133.135.255;32.9484;-96.8275
63.133.136.0;63.133.136.255;29.78;-95.4452
63.133.137.0;63.133.137.255;29.7383;-95.5725
63.133.138.0;63.133.138.255;29.8455;-95.4944
63.133.139.0;63.133.139.255;29.7873;-95.66
63.133.140.0;63.133.140.255;29.7476;-95.4726
63.133.141.0;63.133.141.255;29.8281;-95.2709
63.133.142.0;63.133.142.255;29.7316;-95.4356
63.133.143.0;63.133.144.255;32.9484;-96.8275
63.133.145.0;63.133.145.255;33.629;-111.912
63.133.146.0;63.133.146.191;33.4824;-111.986
63.133.146.192;63.133.147.255;32.9484;-96.8275
63.133.148.0;63.133.148.239;32.7767;-96.797
63.133.148.240;63.133.151.47;32.9484;-96.8275
63.133.151.48;63.133.151.255;33.3475;-111.955
63.133.152.0;63.133.152.255;32.9571;-96.704
63.133.153.0;63.133.153.255;33.1216;-96.7884
63.133.154.0;63.133.154.255;32.9969;-96.714
63.133.155.0;63.133.155.255;32.8028;-96.812
63.133.156.0;63.133.156.255;32.8239;-96.8657
63.133.157.0;63.133.157.255;32.9376;-96.7407
63.133.158.0;63.133.158.255;32.9484;-96.8275
63.133.159.0;63.133.159.255;32.9483;-96.7299
63.133.160.0;63.133.160.255;32.9286;-96.8403
63.133.161.0;63.133.161.255;32.9484;-96.8275
63.133.162.0;63.133.162.255;32.9807;-96.7002
63.133.163.0;63.133.163.63;32.9235;-97.0193
63.133.163.64;63.133.164.255;32.9484;-96.8275
63.133.165.0;63.133.165.255;40.7128;-74.006
63.133.166.0;63.133.183.255;32.9484;-96.8275
63.133.184.0;63.133.184.255;32.9751;-96.8508
63.133.185.0;63.133.207.255;32.9484;-96.8275
63.133.208.0;63.133.211.255;42.6064;-83.1498
63.133.212.0;63.133.213.255;40.565;-111.839
63.133.214.0;63.133.214.255;36.0248;-95.8349
63.133.215.0;63.133.215.255;37.7746;-122.438
63.133.216.0;63.133.216.255;40.6069;-74.1748
63.133.217.0;63.133.217.255;40.7968;-74.4815
63.133.218.0;63.133.218.255;40.8396;-74.4819
63.133.219.0;63.133.219.255;41.6464;-72.1396
63.133.220.0;63.133.220.255;42.4734;-83.2219
63.133.221.0;63.133.221.255;36.0182;-115.055
63.133.222.0;63.133.222.255;40.7128;-74.006
63.133.223.0;63.133.223.255;35.0844;-106.65
63.133.224.0;63.133.224.255;40.9829;-74.9604
63.133.225.0;63.133.227.255;40.7128;-74.006
63.133.228.0;63.133.229.255;26.4089;-99.0157
63.133.230.0;63.133.230.255;42.3212;-85.1797
63.133.231.0;63.133.235.255;41.0582;-74.754
63.133.236.0;63.133.236.255;41.0582;-74.7527
63.133.237.0;63.133.239.255;41.0582;-74.754
63.133.240.0;63.133.240.255;40.4298;-79.9723
63.133.241.0;63.133.241.255;40.2909;-80.1081
63.133.242.0;63.133.250.255;40.4298;-79.9723
63.133.251.0;63.133.251.255;40.4117;-80.0456
63.133.252.0;63.133.255.255;40.4298;-79.9723
63.134.0.0;63.134.0.255;38.9517;-77.3776
63.134.1.0;63.134.2.255;40.7128;-74.006
63.134.3.0;63.134.5.255;38.9517;-77.3776
63.134.6.0;63.134.6.255;40.7128;-74.006
63.134.7.0;63.134.7.255;38.9517;-77.3776
63.134.8.0;63.134.8.255;40.7128;-74.006
63.134.9.0;63.134.13.255;38.9517;-77.3776
63.134.14.0;63.134.14.255;40.7128;-74.006
63.134.15.0;63.134.15.255;38.9517;-77.3776
63.134.16.0;63.134.19.255;40.7128;-74.006
63.134.20.0;63.134.22.255;38.9517;-77.3776
63.134.23.0;63.134.24.255;40.7128;-74.006
63.134.25.0;63.134.25.255;38.9517;-77.3776
63.134.26.0;63.134.28.255;40.7128;-74.006
63.134.29.0;63.134.29.255;38.9517;-77.3776
63.134.30.0;63.134.30.255;40.7128;-74.006
63.134.31.0;63.134.38.255;38.9517;-77.3776
63.134.39.0;63.134.39.255;40.7128;-74.006
63.134.40.0;63.134.40.255;38.9517;-77.3776
63.134.41.0;63.134.42.255;40.7128;-74.006
63.134.43.0;63.134.43.255;38.9517;-77.3776
63.134.44.0;63.134.44.255;40.7128;-74.006
63.134.45.0;63.134.45.255;38.9517;-77.3776
63.134.46.0;63.134.47.255;40.7128;-74.006
63.134.48.0;63.134.49.255;38.9517;-77.3776
63.134.50.0;63.134.51.255;40.7128;-74.006
63.134.52.0;63.134.53.255;38.9517;-77.3776
63.134.54.0;63.134.56.255;40.7128;-74.006
63.134.57.0;63.134.58.255;38.9517;-77.3776
63.134.59.0;63.134.59.255;40.7128;-74.006
63.134.60.0;63.134.62.255;38.9517;-77.3776
63.134.63.0;63.134.63.255;40.7128;-74.006
63.134.64.0;63.134.67.255;38.9517;-77.3776
63.134.68.0;63.134.70.255;40.7128;-74.006
63.134.71.0;63.134.73.255;38.9517;-77.3776
63.134.74.0;63.134.74.255;40.7128;-74.006
63.134.75.0;63.134.76.255;38.9517;-77.3776
63.134.77.0;63.134.77.255;40.7128;-74.006
63.134.78.0;63.134.78.255;38.9517;-77.3776
63.134.79.0;63.134.79.255;40.7128;-74.006
63.134.80.0;63.134.81.255;38.9517;-77.3776
63.134.82.0;63.134.82.255;40.7128;-74.006
63.134.83.0;63.134.86.255;38.9517;-77.3776
63.134.87.0;63.134.88.255;40.7128;-74.006
63.134.89.0;63.134.89.255;38.9517;-77.3776
63.134.90.0;63.134.91.255;40.7128;-74.006
63.134.92.0;63.134.95.255;38.9517;-77.3776
63.134.96.0;63.134.97.255;40.7128;-74.006
63.134.98.0;63.134.98.255;38.9517;-77.3776
63.134.99.0;63.134.105.255;40.7128;-74.006
63.134.106.0;63.134.106.255;38.9517;-77.3776
63.134.107.0;63.134.109.255;40.7128;-74.006
63.134.110.0;63.134.116.255;38.9517;-77.3776
63.134.117.0;63.134.118.255;40.7128;-74.006
63.134.119.0;63.134.119.255;38.9517;-77.3776
63.134.120.0;63.134.121.255;40.7128;-74.006
63.134.122.0;63.134.123.255;38.9517;-77.3776
63.134.124.0;63.134.124.255;40.7128;-74.006
63.134.125.0;63.134.125.255;38.9517;-77.3776
63.134.126.0;63.134.126.255;40.7128;-74.006
63.134.127.0;63.134.127.255;38.9517;-77.3776
63.134.128.0;63.134.132.255;37.0902;-95.7129
63.134.133.0;63.134.133.255;38.9684;-87.4056
63.134.134.0;63.134.134.255;37.0902;-95.7129
63.134.135.0;63.134.135.255;39.4667;-87.4139
63.134.136.0;63.134.141.255;37.0902;-95.7129
63.134.142.0;63.134.143.255;39.4667;-87.4139
63.134.144.0;63.134.150.255;37.0902;-95.7129
63.134.151.0;63.134.151.255;39.4667;-87.4139
63.134.152.0;63.134.174.255;37.0902;-95.7129
63.134.175.0;63.134.175.255;39.4667;-87.4139
63.134.176.0;63.134.179.255;37.0902;-95.7129
63.134.180.0;63.134.180.255;39.4667;-87.4139
63.134.181.0;63.134.191.255;37.0902;-95.7129
63.134.192.0;63.134.255.255;40.7579;-73.6951
63.135.0.0;63.135.0.255;46.49;-80.99
63.135.1.0;63.135.1.255;46.5067;-80.9421
63.135.2.0;63.135.2.255;46.49;-80.99
63.135.3.0;63.135.3.255;46.4334;-81.1497
63.135.4.0;63.135.4.255;46.5067;-80.9421
63.135.5.0;63.135.5.255;46.4334;-81.1497
63.135.6.0;63.135.6.255;46.5067;-80.9421
63.135.7.0;63.135.8.255;46.49;-80.99
63.135.9.0;63.135.9.255;46.645;-80.9973
63.135.10.0;63.135.10.255;46.5067;-80.9421
63.135.11.0;63.135.11.255;46.645;-80.9973
63.135.12.0;63.135.12.255;46.5067;-80.9421
63.135.13.0;63.135.13.255;46.7063;-80.9211
63.135.14.0;63.135.14.255;46.5067;-80.9421
63.135.15.0;63.135.15.255;46.6087;-81.2076
63.135.16.0;63.135.17.255;48.4669;-81.3331
63.135.18.0;63.135.18.255;45.4334;-74.3825
63.135.19.0;63.135.19.255;46.5067;-80.9421
63.135.20.0;63.135.20.255;44.043;-81.1189
63.135.21.0;63.135.21.255;42.8373;-80.304
63.135.22.0;63.135.23.255;43.6532;-79.3832
63.135.24.0;63.135.24.255;44.299;-78.5599
63.135.25.0;63.135.25.255;44.1501;-79.0163
63.135.26.0;63.135.26.255;44.299;-78.5599
63.135.27.0;63.135.31.255;43.6532;-79.3832
63.135.32.0;63.135.47.255;47.0406;-122.815
63.135.48.0;63.135.48.255;47.658;-117.424
63.135.49.0;63.135.49.127;47.4213;-120.311
63.135.49.128;63.135.50.255;47.4235;-120.31
63.135.51.0;63.135.51.255;47.676;-120.208
63.135.52.0;63.135.52.255;47.4064;-120.283
63.135.53.0;63.135.53.255;47.4213;-120.311
63.135.54.0;63.135.54.255;47.1318;-119.277
63.135.55.0;63.135.58.255;47.4213;-120.311
63.135.59.0;63.135.59.255;46.6793;-119.917
63.135.60.0;63.135.60.255;47.374;-119.502
63.135.61.0;63.135.61.255;47.4213;-120.311
63.135.62.0;63.135.62.255;47.2343;-119.853
63.135.63.0;63.135.63.255;47.1346;-119.328
63.135.64.0;63.135.64.255;26.3818;-80.0845
63.135.65.0;63.135.65.255;34.439;-119.705
63.135.66.0;63.135.67.255;61.5873;-149.112
63.135.68.0;63.135.68.255;26.3818;-80.0845
63.135.69.0;63.135.69.255;61.5873;-149.112
63.135.70.0;63.135.71.255;40.5337;-81.1704
63.135.72.0;63.135.72.255;53.7666;-1.84912
63.135.73.0;63.135.73.255;53.8679;-1.90664
63.135.74.0;63.135.74.255;53.4098;-2.15761
63.135.75.0;63.135.75.255;53.45;-2.73333
63.135.76.0;63.135.76.255;53.4809;-2.23743
63.135.77.0;63.135.77.255;52.4721;-2.08212
63.135.78.0;63.135.78.255;53.4098;-2.15761
63.135.79.0;63.135.79.255;53.6921;-1.7883
63.135.80.0;63.135.95.255;33.6729;-117.849
63.135.96.0;63.135.127.255;40.7579;-73.6951
63.135.128.0;63.135.135.255;41.8781;-87.6298
63.135.136.0;63.135.151.255;44.5528;-88.1087
63.135.152.0;63.135.159.255;41.8781;-87.6298
63.135.160.0;63.135.160.255;3.139;101.687
63.135.161.0;63.135.161.255;37.6843;-77.8853
63.135.162.0;63.135.162.255;41.14;-104.82
63.135.163.0;63.135.163.255;47.6062;-122.332
63.135.164.0;63.135.164.255;40.7895;-74.0565
63.135.165.0;63.135.165.255;32.7767;-96.797
63.135.166.0;63.135.166.255;33.7855;-84.4059
63.135.167.0;63.135.167.255;45.5019;-73.5674
63.135.168.0;63.135.170.255;33.7855;-84.4059
63.135.171.0;63.135.171.255;46.7795;-71.3033
63.135.172.0;63.135.172.255;39.7933;-123.249
63.135.173.0;63.135.173.255;39.8143;-123.25
63.135.174.0;63.135.174.255;39.7933;-123.249
63.135.175.0;63.135.175.255;39.8143;-123.25
63.135.176.0;63.135.180.255;36.3547;-85.66
63.135.181.0;63.135.181.255;36.3556;-85.6589
63.135.182.0;63.135.182.255;36.3547;-85.66
63.135.183.0;63.135.183.255;36.1628;-85.5016
63.135.184.0;63.135.184.255;36.1476;-85.2683
63.135.185.0;63.135.191.255;36.3547;-85.66
63.135.192.0;63.135.192.255;45.5982;-122.486
63.135.193.0;63.135.193.255;44.0582;-121.315
63.135.194.0;63.135.195.255;45.5982;-122.486
63.135.196.0;63.135.196.255;44.9778;-93.265
63.135.197.0;63.135.197.255;45.5297;-122.653
63.135.198.0;63.135.200.67;44.9778;-93.265
63.135.200.68;63.135.201.127;45.5982;-122.486
63.135.201.128;63.135.204.255;44.9778;-93.265
63.135.205.0;63.135.205.255;45.5982;-122.486
63.135.206.0;63.135.206.95;43.3672;-124.213
63.135.206.96;63.135.209.159;44.9778;-93.265
63.135.209.160;63.135.209.255;45.5982;-122.486
63.135.210.0;63.135.210.255;44.0572;-121.358
63.135.211.0;63.135.211.255;45.5982;-122.486
63.135.212.0;63.135.212.255;44.9778;-93.265
63.135.213.0;63.135.213.255;45.5982;-122.486
63.135.214.0;63.135.214.255;44.1121;-123.155
63.135.215.0;63.135.218.15;44.9778;-93.265
63.135.218.16;63.135.218.183;45.5982;-122.486
63.135.218.184;63.135.223.255;44.9778;-93.265
63.135.224.0;63.135.229.255;28.0261;-82.5397
63.135.230.0;63.135.230.255;27.916;-82.4947
63.135.231.0;63.135.239.255;28.0261;-82.5397
63.135.240.0;63.135.255.255;18.4114;-66.1026
63.136.0.0;63.136.3.255;38.9072;-77.0369
63.136.4.0;63.136.4.255;33.4482;-112.078
63.136.5.0;63.136.22.127;38.9072;-77.0369
63.136.22.128;63.136.22.255;41.8781;-87.6298
63.136.23.0;63.136.96.255;38.9072;-77.0369
63.136.97.0;63.136.97.255;34.0549;-118.243
63.136.98.0;63.136.98.255;40.7128;-74.006
63.136.99.0;63.136.111.255;38.9072;-77.0369
63.136.112.0;63.136.112.255;19.382;-81.3928
63.136.113.0;63.136.113.255;19.2866;-81.3744
63.136.114.0;63.136.114.127;19.2765;-81.2542
63.136.114.128;63.136.115.255;19.2866;-81.3744
63.136.116.0;63.136.116.255;19.2964;-81.3756
63.136.117.0;63.136.117.255;19.2866;-81.3744
63.136.118.0;63.136.118.255;19.3801;-81.4069
63.136.119.0;63.136.119.255;19.2765;-81.2542
63.136.120.0;63.136.191.255;40.7128;-74.006
63.136.192.0;63.136.192.175;40.8283;-74.0443
63.136.192.176;63.136.209.255;40.7128;-74.006
63.136.210.0;63.136.210.63;39.8977;-105.073
63.136.210.64;63.136.232.127;40.7128;-74.006
63.136.232.128;63.136.232.255;39.0144;-77.4278
63.136.233.0;63.137.31.255;40.7128;-74.006
63.137.32.0;63.137.32.255;40.7029;-73.9904
63.137.33.0;63.137.33.255;40.3454;-74.1786
63.137.34.0;63.137.34.255;40.7128;-74.006
63.137.35.0;63.137.35.255;41.8813;-87.6391
63.137.36.0;63.137.36.255;40.8406;-74.4525
63.137.37.0;63.137.37.255;40.759;-73.9676
63.137.38.0;63.137.40.63;40.7128;-74.006
63.137.40.64;63.137.40.255;51.5244;-0.0868777
63.137.41.0;63.137.41.255;40.7506;-73.9935
63.137.42.0;63.137.42.255;40.7128;-74.006
63.137.43.0;63.137.43.255;40.5188;-74.3443
63.137.44.0;63.137.44.255;40.7844;-74.3695
63.137.45.0;63.137.45.255;40.7128;-74.006
63.137.46.0;63.137.46.255;40.5538;-74.4572
63.137.47.0;63.137.47.255;40.3545;-74.5944
63.137.48.0;63.137.50.95;40.7128;-74.006
63.137.50.96;63.137.50.159;39.0246;-77.4091
63.137.50.160;63.137.51.255;40.7128;-74.006
63.137.52.0;63.137.52.255;38.8551;-77.3393
63.137.53.0;63.137.63.255;40.7128;-74.006
63.137.64.0;63.137.64.255;41.9923;-87.9583
63.137.65.0;63.137.65.255;41.0973;-73.5617
63.137.66.0;63.137.66.255;41.9923;-87.9583
63.137.67.0;63.137.67.255;41.8997;-87.6265
63.137.68.0;63.137.68.255;43.1436;-87.9123
63.137.69.0;63.137.70.255;41.9923;-87.9583
63.137.71.0;63.137.71.255;42.0331;-91.6502
63.137.72.0;63.137.72.255;41.9923;-87.9583
63.137.73.0;63.137.73.255;41.5216;-71.5548
63.137.74.0;63.137.74.127;39.8092;-86.1582
63.137.74.128;63.137.75.255;37.8626;-122.493
63.137.76.0;63.137.76.255;32.8965;-117.174
63.137.77.0;63.137.77.255;44.9715;-93.2703
63.137.78.0;63.137.78.255;41.9076;-87.9131
63.137.79.0;63.137.79.255;33.4227;-111.968
63.137.80.0;63.137.80.255;25.77;-80.168
63.137.81.0;63.137.83.255;40.7128;-74.006
63.137.84.0;63.137.84.255;27.9456;-82.4582
63.137.85.0;63.137.85.255;33.7555;-84.3915
63.137.86.0;63.137.86.159;38.9072;-77.0369
63.137.86.160;63.137.111.255;40.7128;-74.006
63.137.112.0;63.137.112.255;44.7789;-93.4619
63.137.113.0;63.137.113.255;43.8143;-91.256
63.137.114.0;63.137.114.255;44.7789;-93.4619
63.137.115.0;63.137.115.255;44.9738;-93.27
63.137.116.0;63.137.116.255;44.9904;-93.4504
63.137.117.0;63.137.117.255;45.0619;-93.4143
63.137.118.0;63.137.118.255;44.9715;-93.2703
63.137.119.0;63.137.119.255;44.7789;-93.4619
63.137.120.0;63.137.120.255;41.5507;-93.7334
63.137.121.0;63.137.121.255;45.0867;-93.3982
63.137.122.0;63.137.122.255;43.8475;-91.2282
63.137.123.0;63.137.123.255;40.7579;-73.9722
63.137.124.0;63.137.124.255;44.9708;-93.274
63.137.125.0;63.137.125.255;44.9033;-94.1955
63.137.126.0;63.137.126.255;44.8595;-93.3359
63.137.127.0;63.137.127.255;45.0533;-93.1904
63.137.128.0;63.137.135.255;40.7128;-74.006
63.137.136.0;63.137.136.31;33.7949;-84.3871
63.137.136.32;63.137.152.255;40.7128;-74.006
63.137.153.0;63.137.153.255;34.0479;-118.255
63.137.154.0;63.137.168.47;40.7128;-74.006
63.137.168.48;63.137.168.63;41.9937;-87.7112
63.137.168.64;63.137.175.255;40.7128;-74.006
63.137.176.0;63.137.176.255;33.11;-96.8173
63.137.177.0;63.137.178.255;40.7128;-74.006
63.137.179.0;63.137.179.255;42.359;-71.0549
63.137.180.0;63.137.180.255;40.7128;-74.006
63.137.181.0;63.137.181.255;42.2953;-71.2146
63.137.182.0;63.137.182.255;42.4093;-71.2567
63.137.183.0;63.137.193.31;40.7128;-74.006
63.137.193.32;63.137.193.63;42.4399;-83.0385
63.137.193.64;63.137.216.255;40.7128;-74.006
63.137.217.0;63.137.217.255;42.7596;-71.4708
63.137.218.0;63.137.218.255;40.7128;-74.006
63.137.219.0;63.137.219.255;42.3542;-71.0547
63.137.220.0;63.137.223.255;40.7128;-74.006
63.137.224.0;63.137.227.95;37.3688;-122.036
63.137.227.96;63.137.227.223;33.6706;-117.838
63.137.227.224;63.137.228.255;37.3688;-122.036
63.137.229.0;63.137.229.255;37.3758;-122.011
63.137.230.0;63.137.239.255;37.3688;-122.036
63.137.240.0;63.137.249.255;40.7128;-74.006
63.137.250.0;63.137.250.127;25.7759;-80.1931
63.137.250.128;63.137.255.255;40.7128;-74.006
63.138.0.0;63.138.1.35;34.7867;-92.3969
63.138.1.36;63.138.1.255;41.3671;-72.8626
63.138.2.0;63.138.2.255;34.7867;-92.3969
63.138.3.0;63.138.3.255;43.0359;-77.4551
63.138.4.0;63.138.5.31;34.7867;-92.3969
63.138.5.32;63.138.5.191;33.984;-118.443
63.138.5.192;63.138.7.31;34.7867;-92.3969
63.138.7.32;63.138.7.247;33.8169;-117.894
63.138.7.248;63.138.9.11;34.7867;-92.3969
63.138.9.12;63.138.9.215;42.1424;-71.0604
63.138.9.216;63.138.10.255;34.7867;-92.3969
63.138.11.0;63.138.11.255;42.9811;-70.9518
63.138.12.0;63.138.13.7;34.7867;-92.3969
63.138.13.8;63.138.13.255;41.904;-87.6333
63.138.14.0;63.138.14.255;41.8891;-87.6195
63.138.15.0;63.138.15.255;41.8797;-87.6391
63.138.16.0;63.138.16.191;29.2297;-81.0091
63.138.16.192;63.138.18.3;34.7867;-92.3969
63.138.18.4;63.138.18.255;26.3693;-80.2015
63.138.19.0;63.138.20.143;34.7867;-92.3969
63.138.20.144;63.138.20.255;40.569;-74.2665
63.138.21.0;63.138.22.47;34.7867;-92.3969
63.138.22.48;63.138.22.255;40.6862;-74.3132
63.138.23.0;63.138.24.31;34.7867;-92.3969
63.138.24.32;63.138.24.255;40.1814;-74.8626
63.138.25.0;63.138.25.255;39.4436;-74.7025
63.138.26.0;63.138.26.255;40.2555;-74.6789
63.138.27.0;63.138.27.255;34.7867;-92.3969
63.138.28.0;63.138.28.255;42.9775;-78.7891
63.138.29.0;63.138.30.55;34.7867;-92.3969
63.138.30.56;63.138.30.255;42.9518;-78.7195
63.138.31.0;63.138.31.255;42.9136;-78.7633
63.138.32.0;63.138.32.255;34.7867;-92.3969
63.138.33.0;63.138.33.255;38.9497;-77.3508
63.138.34.0;63.138.34.111;38.8545;-77.3291
63.138.34.112;63.138.36.7;34.7867;-92.3969
63.138.36.8;63.138.36.239;40.8686;-74.0389
63.138.36.240;63.138.39.103;34.7867;-92.3969
63.138.39.104;63.138.39.255;40.8658;-74.4258
63.138.40.0;63.138.40.255;40.7524;-73.9913
63.138.41.0;63.138.41.255;40.649;-74.644
63.138.42.0;63.138.42.255;40.7964;-74.2577
63.138.43.0;63.138.43.255;40.7512;-73.9746
63.138.44.0;63.138.44.255;34.7867;-92.3969
63.138.45.0;63.138.45.127;34.1788;-118.591
63.138.45.128;63.138.46.255;34.7867;-92.3969
63.138.47.0;63.138.47.223;39.0839;-77.1494
63.138.47.224;63.138.48.255;34.7867;-92.3969
63.138.49.0;63.138.49.255;34.0277;-118.409
63.138.50.0;63.138.51.255;33.977;-118.421
63.138.52.0;63.138.52.255;34.7867;-92.3969
63.138.53.0;63.138.53.239;41.0164;-73.979
63.138.53.240;63.138.55.15;34.7867;-92.3969
63.138.55.16;63.138.55.251;41.0259;-73.6261
63.138.55.252;63.138.58.255;34.7867;-92.3969
63.138.59.0;63.138.59.239;39.4062;-76.6002
63.138.59.240;63.138.60.255;34.7867;-92.3969
63.138.61.0;63.138.61.255;43.0359;-77.4551
63.138.62.0;63.138.62.255;43.0413;-78.8253
63.138.63.0;63.138.63.211;42.9538;-78.7162
63.138.63.212;63.138.64.255;34.7867;-92.3969
63.138.65.0;63.138.65.255;41.889;-87.801
63.138.66.0;63.138.66.255;41.8891;-87.6195
63.138.67.0;63.138.67.255;41.1429;-87.8654
63.138.68.0;63.138.68.255;40.188;-74.8813
63.138.69.0;63.138.69.255;40.1888;-74.8798
63.138.70.0;63.138.70.255;39.8198;-76.6862
63.138.71.0;63.138.71.255;39.9597;-75.1616
63.138.72.0;63.138.72.255;25.8242;-80.1215
63.138.73.0;63.138.74.39;34.7867;-92.3969
63.138.74.40;63.138.74.255;25.7824;-80.1931
63.138.75.0;63.138.76.127;34.7867;-92.3969
63.138.76.128;63.138.76.255;39.9491;-75.1472
63.138.77.0;63.138.79.15;34.7867;-92.3969
63.138.79.16;63.138.79.255;39.9256;-74.9617
63.138.80.0;63.138.80.255;34.7867;-92.3969
63.138.81.0;63.138.81.255;39.1337;-76.8139
63.138.82.0;63.138.82.255;38.9028;-77.0292
63.138.83.0;63.138.83.255;38.906;-77.0389
63.138.84.0;63.138.84.247;33.2494;-117.207
63.138.84.248;63.138.86.7;34.7867;-92.3969
63.138.86.8;63.138.86.255;34.0887;-117.893
63.138.87.0;63.138.87.255;33.8395;-116.545
63.138.88.0;63.138.89.27;34.7867;-92.3969
63.138.89.28;63.138.89.255;43.2157;-71.5177
63.138.90.0;63.138.90.255;42.9355;-72.2821
63.138.91.0;63.138.91.255;40.7052;-74.0055
63.138.92.0;63.138.92.255;41.0711;-73.4782
63.138.93.0;63.138.93.255;33.7982;-118.154
63.138.94.0;63.138.94.255;42.7849;-73.9957
63.138.95.0;63.138.95.255;34.7867;-92.3969
63.138.96.0;63.138.99.255;42.3463;-71.084
63.138.100.0;63.138.100.255;25.7878;-80.3546
63.138.101.0;63.138.102.163;34.7867;-92.3969
63.138.102.164;63.138.102.255;25.793;-80.1305
63.138.103.0;63.138.103.255;25.7617;-80.1918
63.138.104.0;63.138.105.63;34.7867;-92.3969
63.138.105.64;63.138.105.255;40.7572;-73.9807
63.138.106.0;63.138.106.255;41.0269;-73.7153
63.138.107.0;63.138.107.255;34.7867;-92.3969
63.138.108.0;63.138.109.255;33.977;-118.421
63.138.110.0;63.138.110.255;34.941;-120.454
63.138.111.0;63.138.111.255;33.977;-118.421
63.138.112.0;63.138.113.51;34.7867;-92.3969
63.138.113.52;63.138.113.255;33.9186;-117.912
63.138.114.0;63.138.114.223;34.0617;-118.28
63.138.114.224;63.138.116.7;34.7867;-92.3969
63.138.116.8;63.138.116.255;42.3693;-71.0878
63.138.117.0;63.138.117.255;42.276;-71.6762
63.138.118.0;63.138.119.63;34.7867;-92.3969
63.138.119.64;63.138.119.255;41.9414;-71.2835
63.138.120.0;63.138.123.15;34.7867;-92.3969
63.138.123.16;63.138.123.255;40.7609;-73.9826
63.138.124.0;63.138.125.47;34.7867;-92.3969
63.138.125.48;63.138.125.211;40.2843;-74.796
63.138.125.212;63.138.127.255;34.7867;-92.3969
63.138.128.0;63.138.128.239;38.9194;-77.0704
63.138.128.240;63.138.130.255;34.7867;-92.3969
63.138.131.0;63.138.131.255;38.9147;-77.2264
63.138.132.0;63.138.132.255;34.7867;-92.3969
63.138.133.0;63.138.133.255;40.0433;-74.8369
63.138.134.0;63.138.134.255;40.1912;-74.8706
63.138.135.0;63.138.135.255;40.2219;-74.9154
63.138.136.0;63.138.136.255;32.8722;-117.207
63.138.137.0;63.138.137.255;34.0883;-118.379
63.138.138.0;63.138.139.63;34.7867;-92.3969
63.138.139.64;63.138.139.255;33.6908;-117.826
63.138.140.0;63.138.140.255;41.063;-73.5427
63.138.141.0;63.138.141.255;43.0359;-77.4551
63.138.142.0;63.138.142.191;41.063;-73.5427
63.138.142.192;63.138.144.23;34.7867;-92.3969
63.138.144.24;63.138.144.255;40.7458;-73.9449
63.138.145.0;63.138.145.255;40.7542;-73.9798
63.138.146.0;63.138.147.31;34.7867;-92.3969
63.138.147.32;63.138.147.247;40.4747;-74.4931
63.138.147.248;63.138.149.7;34.7867;-92.3969
63.138.149.8;63.138.149.255;41.4244;-73.4006
63.138.150.0;63.138.151.23;34.7867;-92.3969
63.138.151.24;63.138.151.255;41.4803;-71.9597
63.138.152.0;63.138.152.255;42.4558;-71.357
63.138.153.0;63.138.153.255;34.7867;-92.3969
63.138.154.0;63.138.154.251;42.4698;-70.9569
63.138.154.252;63.138.155.255;34.7867;-92.3969
63.138.156.0;63.138.156.223;40.7369;-74.1285
63.138.156.224;63.138.157.255;34.7867;-92.3969
63.138.158.0;63.138.158.255;40.3844;-74.3279
63.138.159.0;63.138.159.255;34.7867;-92.3969
63.138.160.0;63.138.161.255;43.0359;-77.4551
63.138.162.0;63.138.163.15;34.7867;-92.3969
63.138.163.16;63.138.163.255;40.7498;-73.986
63.138.164.0;63.138.167.127;34.7867;-92.3969
63.138.167.128;63.138.167.255;39.2902;-76.6145
63.138.168.0;63.138.168.255;42.57;-70.9083
63.138.169.0;63.138.169.255;34.7867;-92.3969
63.138.170.0;63.138.170.255;42.5011;-71.1624
63.138.171.0;63.138.171.255;42.3443;-73.279
63.138.172.0;63.138.172.255;40.7525;-73.9659
63.138.173.0;63.138.173.255;34.7867;-92.3969
63.138.174.0;63.138.174.255;40.7996;-74.4804
63.138.175.0;63.138.176.79;34.7867;-92.3969
63.138.176.80;63.138.176.255;25.766;-80.1946
63.138.177.0;63.138.179.15;34.7867;-92.3969
63.138.179.16;63.138.179.255;28.0329;-82.439
63.138.180.0;63.138.180.255;25.7824;-80.1931
63.138.181.0;63.138.182.119;34.7867;-92.3969
63.138.182.120;63.138.182.255;25.8098;-80.2223
63.138.183.0;63.138.183.255;26.086;-80.3743
63.138.184.0;63.138.184.255;34.7867;-92.3969
63.138.185.0;63.138.185.255;39.9531;-75.1832
63.138.186.0;63.138.186.239;39.9322;-76.6867
63.138.186.240;63.138.188.31;34.7867;-92.3969
63.138.188.32;63.138.188.255;40.7876;-74.4667
63.138.189.0;63.138.189.255;40.6994;-74.4023
63.138.190.0;63.138.191.7;34.7867;-92.3969
63.138.191.8;63.138.191.255;40.7656;-73.9232
63.138.192.0;63.138.193.127;34.7867;-92.3969
63.138.193.128;63.138.193.255;34.0642;-118.413
63.138.194.0;63.138.194.255;34.1559;-118.482
63.138.195.0;63.138.196.31;34.7867;-92.3969
63.138.196.32;63.138.196.255;40.7258;-73.7907
63.138.197.0;63.138.198.71;34.7867;-92.3969
63.138.198.72;63.138.198.255;40.7881;-74.394
63.138.199.0;63.138.200.35;34.7867;-92.3969
63.138.200.36;63.138.200.251;39.1316;-76.79
63.138.200.252;63.138.201.255;34.7867;-92.3969
63.138.202.0;63.138.202.255;38.9893;-77.1013
63.138.203.0;63.138.203.255;38.9064;-77.0414
63.138.204.0;63.138.204.255;40.0561;-75.1885
63.138.205.0;63.138.205.247;40.5886;-75.5658
63.138.205.248;63.138.207.19;34.7867;-92.3969
63.138.207.20;63.138.207.247;40.6524;-75.292
63.138.207.248;63.138.208.255;34.7867;-92.3969
63.138.209.0;63.138.209.255;36.1781;-115.242
63.138.210.0;63.138.210.255;34.7867;-92.3969
63.138.211.0;63.138.211.255;33.86;-117.826
63.138.212.0;63.138.212.239;42.3503;-71.0489
63.138.212.240;63.138.214.11;34.7867;-92.3969
63.138.214.12;63.138.214.255;42.0456;-71.9311
63.138.215.0;63.138.216.7;34.7867;-92.3969
63.138.216.8;63.138.216.223;40.7566;-73.978
63.138.216.224;63.138.218.39;34.7867;-92.3969
63.138.218.40;63.138.218.255;40.7146;-73.9922
63.138.219.0;63.138.219.255;40.7653;-73.9808
63.138.220.0;63.138.220.247;40.9811;-73.7431
63.138.220.248;63.138.222.15;34.7867;-92.3969
63.138.222.16;63.138.222.255;40.7322;-73.637
63.138.223.0;63.138.223.255;40.2901;-74.0806
63.138.224.0;63.138.224.239;33.9247;-118.166
63.138.224.240;63.138.225.255;34.7867;-92.3969
63.138.226.0;63.138.226.255;32.8376;-117.134
63.138.227.0;63.138.227.255;34.7867;-92.3969
63.138.228.0;63.138.228.255;40.7179;-74.034
63.138.229.0;63.138.229.255;34.7867;-92.3969
63.138.230.0;63.138.230.119;40.7258;-74.0044
63.138.230.120;63.138.231.255;34.7867;-92.3969
63.138.232.0;63.138.232.255;41.6814;-81.2954
63.138.233.0;63.138.233.251;44.9597;-93.3702
63.138.233.252;63.138.234.255;25.9916;-80.1178
63.138.235.0;63.138.235.255;43.1236;-88.0775
63.138.236.0;63.138.236.255;40.326;-74.4789
63.138.237.0;63.138.237.255;40.2613;-75.0874
63.138.238.0;63.138.239.47;34.7867;-92.3969
63.138.239.48;63.138.239.255;40.0907;-75.259
63.138.240.0;63.138.240.255;34.0218;-118.38
63.138.241.0;63.138.241.255;34.7867;-92.3969
63.138.242.0;63.138.242.255;33.6654;-117.86
63.138.243.0;63.138.244.63;34.7867;-92.3969
63.138.244.64;63.138.244.255;42.519;-71.2339
63.138.245.0;63.138.245.191;42.0547;-71.0625
63.138.245.192;63.138.246.255;34.7867;-92.3969
63.138.247.0;63.138.247.255;43.0408;-71.4532
63.138.248.0;63.138.248.255;34.7867;-92.3969
63.138.249.0;63.138.249.255;39.2758;-76.5919
63.138.250.0;63.138.250.255;39.408;-76.6081
63.138.251.0;63.138.252.255;34.7867;-92.3969
63.138.253.0;63.138.253.255;40.8097;-74.1046
63.138.254.0;63.138.255.7;34.7867;-92.3969
63.138.255.8;63.138.255.255;40.7361;-73.616
63.139.0.0;63.139.2.7;34.7867;-92.3969
63.139.2.8;63.139.2.255;25.7922;-80.1301
63.139.3.0;63.139.3.255;27.8907;-82.6834
63.139.4.0;63.139.4.255;39.6176;-75.7578
63.139.5.0;63.139.6.7;34.7867;-92.3969
63.139.6.8;63.139.6.255;40.4285;-80.1255
63.139.7.0;63.139.7.255;40.0639;-75.458
63.139.8.0;63.139.8.255;29.95;-90.0697
63.139.9.0;63.139.9.255;41.5473;-85.7849
63.139.10.0;63.139.10.255;34.7867;-92.3969
63.139.11.0;63.139.11.255;41.2684;-97.1305
63.139.12.0;63.139.12.255;34.7867;-92.3969
63.139.13.0;63.139.13.255;43.0987;-77.4419
63.139.14.0;63.139.14.255;33.8921;-118.041
63.139.15.0;63.139.16.19;34.7867;-92.3969
63.139.16.20;63.139.16.255;41.3321;-71.9064
63.139.17.0;63.139.17.255;41.7634;-72.6614
63.139.18.0;63.139.18.255;41.2776;-73.1126
63.139.19.0;63.139.19.255;41.3865;-72.1624
63.139.20.0;63.139.20.255;34.7867;-92.3969
63.139.21.0;63.139.21.255;41.9567;-70.7063
63.139.22.0;63.139.22.255;34.7867;-92.3969
63.139.23.0;63.139.23.255;42.7013;-71.1251
63.139.24.0;63.139.24.255;34.7867;-92.3969
63.139.25.0;63.139.25.255;42.3499;-71.0427
63.139.26.0;63.139.26.207;41.932;-70.6591
63.139.26.208;63.139.28.7;34.7867;-92.3969
63.139.28.8;63.139.28.247;34.1074;-117.932
63.139.28.248;63.139.30.7;34.7867;-92.3969
63.139.30.8;63.139.30.251;37.6136;-122.05
63.139.30.252;63.139.32.255;34.7867;-92.3969
63.139.33.0;63.139.33.247;41.031;-73.971
63.139.33.248;63.139.35.15;34.7867;-92.3969
63.139.35.16;63.139.35.255;40.7369;-74.1285
63.139.36.0;63.139.36.255;43.0987;-77.4419
63.139.37.0;63.139.39.7;34.7867;-92.3969
63.139.39.8;63.139.39.247;40.7501;-73.9922
63.139.39.248;63.139.40.255;34.7867;-92.3969
63.139.41.0;63.139.41.247;43.1656;-77.6731
63.139.41.248;63.139.42.255;34.7867;-92.3969
63.139.43.0;63.139.43.255;43.088;-75.2486
63.139.44.0;63.139.44.255;34.7867;-92.3969
63.139.45.0;63.139.45.247;38.9131;-77.037
63.139.45.248;63.139.46.255;34.7867;-92.3969
63.139.47.0;63.139.47.255;38.9018;-77.0428
63.139.48.0;63.139.49.3;34.7867;-92.3969
63.139.49.4;63.139.49.255;40.4652;-74.4563
63.139.50.0;63.139.50.255;41.0075;-73.9326
63.139.51.0;63.139.51.255;41.0598;-74.12
63.139.52.0;63.139.52.255;39.9533;-75.1736
63.139.53.0;63.139.53.255;40.2917;-76.6493
63.139.54.0;63.139.54.255;40.8279;-74.0494
63.139.55.0;63.139.55.255;39.9666;-75.5165
63.139.56.0;63.139.56.239;26.2583;-80.2404
63.139.56.240;63.139.57.255;34.7867;-92.3969
63.139.58.0;63.139.58.127;25.7529;-80.2551
63.139.58.128;63.139.59.255;34.7867;-92.3969
63.139.60.0;63.139.60.255;26.0106;-80.1836
63.139.61.0;63.139.62.47;34.7867;-92.3969
63.139.62.48;63.139.62.255;26.2702;-80.14
63.139.63.0;63.139.63.255;34.7867;-92.3969
63.139.64.0;63.139.67.255;40.2963;-74.7309
63.139.68.0;63.139.69.1;34.7867;-92.3969
63.139.69.2;63.139.69.255;29.5377;-95.1183
63.139.70.0;63.139.71.39;34.7867;-92.3969
63.139.71.40;63.139.71.159;40.7128;-74.006
63.139.71.160;63.139.72.255;34.7867;-92.3969
63.139.73.0;63.139.73.255;40.7075;-74.0113
63.139.74.0;63.139.74.255;40.7574;-73.9752
63.139.75.0;63.139.75.255;40.7526;-73.9832
63.139.76.0;63.139.76.255;39.0735;-77.134
63.139.77.0;63.139.77.223;39.0977;-77.1339
63.139.77.224;63.139.78.255;34.7867;-92.3969
63.139.79.0;63.139.79.255;38.8623;-77.0494
63.139.80.0;63.139.80.255;34.7867;-92.3969
63.139.81.0;63.139.81.255;43.2111;-77.9246
63.139.82.0;63.139.82.255;42.9284;-78.7385
63.139.83.0;63.139.83.255;42.9881;-78.891
63.139.84.0;63.139.84.255;34.1462;-118.147
63.139.85.0;63.139.85.255;34.7867;-92.3969
63.139.86.0;63.139.86.255;33.9825;-118.427
63.139.87.0;63.139.87.255;42.0198;-87.7654
63.139.88.0;63.139.88.255;38.9854;-77.0935
63.139.89.0;63.139.89.255;38.8053;-77.0612
63.139.90.0;63.139.92.11;34.7867;-92.3969
63.139.92.12;63.139.92.255;40.7551;-73.9753
63.139.93.0;63.139.93.255;34.7445;-92.288
63.139.94.0;63.139.94.255;27.8849;-82.6785
63.139.95.0;63.139.97.7;34.7867;-92.3969
63.139.97.8;63.139.97.247;40.1617;-74.4174
63.139.97.248;63.139.99.255;34.7867;-92.3969
63.139.100.0;63.139.100.247;40.7511;-73.9873
63.139.100.248;63.139.101.255;34.7867;-92.3969
63.139.102.0;63.139.102.255;40.818;-73.9317
63.139.103.0;63.139.103.255;40.5584;-74.317
63.139.104.0;63.139.104.255;34.7867;-92.3969
63.139.105.0;63.139.105.255;43.1198;-77.5118
63.139.106.0;63.139.106.255;43.0987;-77.4419
63.139.107.0;63.139.107.255;34.7867;-92.3969
63.139.108.0;63.139.108.255;34.1938;-119.16
63.139.109.0;63.139.109.255;34.1106;-117.825
63.139.110.0;63.139.111.255;33.977;-118.421
63.139.112.0;63.139.113.27;34.7867;-92.3969
63.139.113.28;63.139.113.255;39.9372;-74.9515
63.139.114.0;63.139.114.255;43.0359;-77.4551
63.139.115.0;63.139.115.251;39.9316;-75.0752
63.139.115.252;63.139.116.255;34.7867;-92.3969
63.139.117.0;63.139.117.255;26.7031;-80.6495
63.139.118.0;63.139.118.255;34.7867;-92.3969
63.139.119.0;63.139.119.255;25.7152;-80.2757
63.139.120.0;63.139.122.11;34.7867;-92.3969
63.139.122.12;63.139.122.255;38.4714;-77.4079
63.139.123.0;63.139.124.47;34.7867;-92.3969
63.139.124.48;63.139.124.255;42.1785;-71.1123
63.139.125.0;63.139.126.63;34.7867;-92.3969
63.139.126.64;63.139.126.255;40.7831;-73.9713
63.139.127.0;63.139.127.255;34.7867;-92.3969
63.139.128.0;63.139.128.255;41.1421;-73.3598
63.139.129.0;63.139.129.255;41.0806;-73.4593
63.139.130.0;63.139.130.231;34.1365;-117.977
63.139.130.232;63.139.131.255;34.7867;-92.3969
63.139.132.0;63.139.132.247;39.5259;-76.6558
63.139.132.248;63.139.133.255;34.7867;-92.3969
63.139.134.0;63.139.134.255;38.9033;-77.0369
63.139.135.0;63.139.135.223;38.8453;-77.3091
63.139.135.224;63.139.136.255;34.7867;-92.3969
63.139.137.0;63.139.137.255;25.8178;-80.1225
63.139.138.0;63.139.138.255;26.4586;-80.1058
63.139.139.0;63.139.140.255;34.7867;-92.3969
63.139.141.0;63.139.141.255;39.0999;-77.1356
63.139.142.0;63.139.142.255;38.919;-77.0705
63.139.143.0;63.139.143.255;34.7867;-92.3969
63.139.144.0;63.139.144.255;42.3256;-83.4881
63.139.145.0;63.139.145.255;41.7971;-88.204
63.139.146.0;63.139.146.255;41.2866;-81.4483
63.139.147.0;63.139.147.255;40.8238;-85.8504
63.139.148.0;63.139.149.15;34.7867;-92.3969
63.139.149.16;63.139.149.255;33.7823;-118.151
63.139.150.0;63.139.150.255;33.6752;-117.656
63.139.151.0;63.139.151.255;43.0358;-77.455
63.139.152.0;63.139.152.255;43.0987;-77.4419
63.139.153.0;63.139.153.255;34.7867;-92.3969
63.139.154.0;63.139.154.239;40.7357;-74.1724
63.139.154.240;63.139.156.11;34.7867;-92.3969
63.139.156.12;63.139.156.255;40.7857;-74.2772
63.139.157.0;63.139.157.95;40.7468;-73.9933
63.139.157.96;63.139.160.63;34.7867;-92.3969
63.139.160.64;63.139.160.255;32.6555;-116.957
63.139.161.0;63.139.162.71;34.7867;-92.3969
63.139.162.72;63.139.162.255;34.0538;-118.265
63.139.163.0;63.139.163.255;34.7867;-92.3969
63.139.164.0;63.139.164.255;34.0583;-118.444
63.139.165.0;63.139.165.255;34.7867;-92.3969
63.139.166.0;63.139.166.255;33.6507;-117.748
63.139.167.0;63.139.167.255;33.6721;-117.658
63.139.168.0;63.139.168.255;41.8548;-87.6185
63.139.169.0;63.139.169.255;42.1832;-88.1024
63.139.170.0;63.139.170.255;41.9502;-87.6953
63.139.171.0;63.139.171.255;41.8962;-87.6218
63.139.172.0;63.139.172.255;30.6753;-88.1394
63.139.173.0;63.139.173.255;38.8356;-77.0574
63.139.174.0;63.139.174.255;34.7867;-92.3969
63.139.175.0;63.139.175.247;27.9556;-82.5234
63.139.175.248;63.139.176.255;34.7867;-92.3969
63.139.177.0;63.139.177.255;42.1932;-75.9847
63.139.178.0;63.139.178.255;43.0987;-77.4419
63.139.179.0;63.139.179.255;43.0359;-77.4551
63.139.180.0;63.139.183.255;41.8891;-87.6195
63.139.184.0;63.139.184.127;34.7867;-92.3969
63.139.184.128;63.139.185.255;40.7499;-73.991
63.139.186.0;63.139.186.255;40.8454;-73.8315
63.139.187.0;63.139.187.219;40.7533;-73.993
63.139.187.220;63.139.189.31;34.7867;-92.3969
63.139.189.32;63.139.189.255;42.9369;-71.4259
63.139.190.0;63.139.191.255;34.7867;-92.3969
63.139.192.0;63.139.192.255;26.1295;-80.1037
63.139.193.0;63.139.194.47;34.7867;-92.3969
63.139.194.48;63.139.194.255;25.4769;-80.4459
63.139.195.0;63.139.195.255;34.7867;-92.3969
63.139.196.0;63.139.196.255;40.7046;-74.0112
63.139.197.0;63.139.197.255;40.7611;-73.2635
63.139.198.0;63.139.198.255;43.0359;-77.4551
63.139.199.0;63.139.200.11;34.7867;-92.3969
63.139.200.12;63.139.200.255;34.0704;-118.067
63.139.201.0;63.139.201.255;33.8357;-117.524
63.139.202.0;63.139.202.255;33.6609;-117.743
63.139.203.0;63.139.203.255;33.1937;-117.143
63.139.204.0;63.139.204.255;43.0987;-77.4419
63.139.205.0;63.139.205.255;42.6327;-73.7041
63.139.206.0;63.139.206.255;34.7867;-92.3969
63.139.207.0;63.139.207.255;41.0462;-73.5684
63.139.208.0;63.139.213.255;34.7867;-92.3969
63.139.214.0;63.139.214.95;43.0914;-70.7855
63.139.214.96;63.139.216.15;34.7867;-92.3969
63.139.216.16;63.139.216.255;28.7582;-81.3677
63.139.217.0;63.139.217.255;26.2651;-80.1422
63.139.218.0;63.139.218.255;34.7867;-92.3969
63.139.219.0;63.139.219.255;26.3866;-80.1601
63.139.220.0;63.139.220.255;34.7867;-92.3969
63.139.221.0;63.139.221.255;38.9241;-76.9767
63.139.222.0;63.139.222.255;34.7867;-92.3969
63.139.223.0;63.139.223.159;38.9799;-77.0924
63.139.223.160;63.139.225.7;34.7867;-92.3969
63.139.225.8;63.139.225.255;40.741;-73.9918
63.139.226.0;63.139.227.15;34.7867;-92.3969
63.139.227.16;63.139.227.255;40.6855;-74.0052
63.139.228.0;63.139.228.255;34.7867;-92.3969
63.139.229.0;63.139.229.255;40.7422;-73.9955
63.139.230.0;63.139.230.255;34.7867;-92.3969
63.139.231.0;63.139.231.255;40.7357;-74.1644
63.139.232.0;63.139.232.255;28.0042;-82.5425
63.139.233.0;63.139.233.255;27.9343;-82.7996
63.139.234.0;63.139.234.191;27.9357;-82.2806
63.139.234.192;63.139.236.51;34.7867;-92.3969
63.139.236.52;63.139.236.255;40.0371;-75.1192
63.139.237.0;63.139.237.255;38.3722;-75.0698
63.139.238.0;63.139.238.255;34.7867;-92.3969
63.139.239.0;63.139.239.255;40.1087;-75.3091
63.139.240.0;63.139.242.31;34.7867;-92.3969
63.139.242.32;63.139.242.247;34.0786;-118.211
63.139.242.248;63.139.244.39;34.7867;-92.3969
63.139.244.40;63.139.244.255;26.0064;-80.2493
63.139.245.0;63.139.245.255;25.8356;-80.3324
63.139.246.0;63.139.247.15;34.7867;-92.3969
63.139.247.16;63.139.247.223;26.3463;-80.1677
63.139.247.224;63.139.249.7;34.7867;-92.3969
63.139.249.8;63.139.249.255;39.0879;-77.4465
63.139.250.0;63.139.250.255;39.1143;-77.5679
63.139.251.0;63.139.253.255;34.7867;-92.3969
63.139.254.0;63.139.254.255;25.8376;-80.2386
63.139.255.0;63.139.255.255;28.6268;-81.3623
63.140.0.0;63.140.2.255;22.2791;114.174
63.140.3.0;63.140.3.255;1.35208;103.82
63.140.4.0;63.140.8.255;22.2791;114.174
63.140.9.0;63.140.9.255;22.2791;114.174
63.140.10.0;63.140.13.255;22.2791;114.174
63.140.14.0;63.140.14.255;22.2791;114.174
63.140.15.0;63.140.15.255;22.2791;114.174
63.140.16.0;63.140.16.255;47.6062;-122.332
63.140.17.0;63.140.18.255;47.4133;-120.292
63.140.19.0;63.140.19.255;47.1346;-119.328
63.140.20.0;63.140.25.255;47.4157;-120.293
63.140.26.0;63.140.26.255;48.1796;-117.043
63.140.27.0;63.140.28.255;47.4157;-120.293
63.140.29.0;63.140.29.255;47.6062;-122.332
63.140.30.0;63.140.31.255;47.4157;-120.293
63.140.32.0;63.140.34.255;40.4342;-111.89
63.140.35.0;63.140.35.255;40.4349;-111.892
63.140.36.0;63.140.39.255;40.4342;-111.89
63.140.40.0;63.140.41.255;51.5072;-0.127586
63.140.42.0;63.140.42.255;51.5074;-0.127758
63.140.43.0;63.140.43.255;51.5072;-0.127586
63.140.44.0;63.140.44.255;42.5063;1.52184
63.140.45.0;63.140.46.255;40.4342;-111.89
63.140.47.0;63.140.47.255;42.5063;1.52184
63.140.48.0;63.140.49.255;1.35208;103.82
63.140.50.0;63.140.51.255;35.694;139.754
63.140.52.0;63.140.54.255;40.4342;-111.89
63.140.55.0;63.140.57.255;40.4349;-111.892
63.140.58.0;63.140.60.255;40.4342;-111.89
63.140.61.0;63.140.63.255;51.5072;-0.127586
63.140.64.0;63.140.65.92;61.1861;-149.872
63.140.65.93;63.140.65.253;61.2176;-149.9
63.140.65.254;63.140.67.150;61.1861;-149.872
63.140.67.151;63.140.67.255;61.2176;-149.9
63.140.68.0;63.140.69.255;61.1861;-149.872
63.140.70.0;63.140.70.255;61.2181;-149.9
63.140.71.0;63.140.71.255;61.2176;-149.9
63.140.72.0;63.140.72.255;61.1861;-149.872
63.140.73.0;63.140.73.255;58.3019;-134.42
63.140.74.0;63.140.74.255;64.8378;-147.716
63.140.75.0;63.140.75.255;61.1861;-149.872
63.140.76.0;63.140.76.255;60.6903;-151.289
63.140.77.0;63.140.84.255;61.1861;-149.872
63.140.85.0;63.140.85.255;60.3375;-151.274
63.140.86.0;63.140.105.255;61.1861;-149.872
63.140.106.0;63.140.106.255;64.8378;-147.716
63.140.107.0;63.140.108.111;61.1861;-149.872
63.140.108.112;63.140.109.7;64.8378;-147.716
63.140.109.8;63.140.110.255;61.1861;-149.872
63.140.111.0;63.140.111.255;60.5544;-151.258
63.140.112.0;63.140.113.7;61.1861;-149.872
63.140.113.8;63.140.113.255;60.5544;-151.258
63.140.114.0;63.140.115.19;61.1861;-149.872
63.140.115.20;63.140.115.255;61.2176;-149.9
63.140.116.0;63.140.117.39;61.1861;-149.872
63.140.117.40;63.140.117.255;63.6615;-144.067
63.140.118.0;63.140.118.255;61.1861;-149.872
63.140.119.0;63.140.119.255;58.3019;-134.42
63.140.120.0;63.140.120.255;61.2176;-149.9
63.140.121.0;63.140.121.255;61.1861;-149.872
63.140.122.0;63.140.123.7;64.8378;-147.716
63.140.123.8;63.140.123.255;64.7511;-147.349
63.140.124.0;63.140.127.16;61.1861;-149.872
63.140.127.17;63.140.127.255;61.5828;-159.541
63.140.128.0;63.140.255.255;32.7796;-96.7989
63.141.0.0;63.141.1.255;46.0195;-98.5253
63.141.2.0;63.141.4.255;46.1386;-98.0904
63.141.5.0;63.141.6.255;46.0195;-98.5253
63.141.7.0;63.141.7.255;46.4416;-97.6812
63.141.8.0;63.141.10.255;46.0195;-98.5253
63.141.11.0;63.141.12.255;46.4416;-97.6812
63.141.13.0;63.141.15.255;46.0195;-98.5253
63.141.16.0;63.141.17.255;42.2029;-83.1489
63.141.18.0;63.141.21.255;42.2409;-83.2697
63.141.22.0;63.141.22.255;42.2142;-83.1499
63.141.23.0;63.141.23.255;42.2409;-83.2697
63.141.24.0;63.141.31.255;42.2029;-83.1489
63.141.32.0;63.141.32.255;25.6965;-80.3305
63.141.33.0;63.141.33.255;37.7826;-122.411
63.141.34.0;63.141.35.255;38.9072;-77.0369
63.141.36.0;63.141.37.255;51.5072;-0.127586
63.141.38.0;63.141.38.255;41.1445;-73.4874
63.141.39.0;63.141.39.255;21.3089;-157.81
63.141.40.0;63.141.47.255;41.8936;-87.6333
63.141.48.0;63.141.48.255;37.7826;-122.411
63.141.49.0;63.141.49.255;25.7617;-80.1918
63.141.50.0;63.141.50.255;46.0569;14.5058
63.141.51.0;63.141.51.255;64.147;-21.9408
63.141.52.0;63.141.56.255;42.0403;-87.9761
63.141.57.0;63.141.57.255;45.2733;-66.0622
63.141.58.0;63.141.58.255;42.3601;-71.0589
63.141.59.0;63.141.59.255;40.7357;-74.1724
63.141.60.0;63.141.63.255;37.7826;-122.411
63.141.64.0;63.141.127.255;39.011;-77.4711
63.141.128.0;63.141.159.255;30.4049;-97.8498
63.141.160.0;63.141.191.255;30.3129;-81.6939
63.141.192.0;63.141.193.255;42.3643;-71.0891
63.141.194.0;63.141.194.255;38.9195;-77.2196
63.141.195.0;63.141.195.255;42.3643;-71.0891
63.141.196.0;63.141.196.255;42.3654;-71.0879
63.141.197.0;63.141.197.255;38.9195;-77.2196
63.141.198.0;63.141.199.255;33.848;-118.355
63.141.200.0;63.141.201.24;38.9195;-77.2196
63.141.201.25;63.141.201.255;37.3387;-121.885
63.141.202.0;63.141.203.255;42.6753;-71.1461
63.141.204.0;63.141.204.255;33.848;-118.355
63.141.205.0;63.141.207.255;38.9195;-77.2196
63.141.208.0;63.141.213.255;38.0732;-122.537
63.141.214.0;63.141.215.255;40.7085;-74.0112
63.141.216.0;63.141.216.255;33.9985;-117.833
63.141.217.0;63.141.217.255;33.848;-118.355
63.141.218.0;63.141.218.255;38.9195;-77.2196
63.141.219.0;63.141.219.255;38.9249;-77.2367
63.141.220.0;63.141.222.255;37.3789;-121.956
63.141.223.0;63.141.223.255;38.9249;-77.2367
63.141.224.0;63.141.225.63;39.1374;-94.5786
63.141.225.64;63.141.225.255;39.0945;-94.5812
63.141.226.0;63.141.227.7;39.1374;-94.5786
63.141.227.8;63.141.227.255;39.1332;-94.58
63.141.228.0;63.141.229.15;39.0945;-94.5812
63.141.229.16;63.141.229.255;39.1374;-94.5786
63.141.230.0;63.141.230.255;39.0945;-94.5812
63.141.231.0;63.141.232.7;39.1374;-94.5786
63.141.232.8;63.141.233.255;39.0945;-94.5812
63.141.234.0;63.141.234.255;39.1429;-94.573
63.141.235.0;63.141.236.23;39.0945;-94.5812
63.141.236.24;63.141.236.255;32.7767;-96.797
63.141.237.0;63.141.237.255;39.0945;-94.5812
63.141.238.0;63.141.238.255;39.1429;-94.573
63.141.239.0;63.141.240.239;39.0945;-94.5812
63.141.240.240;63.141.240.255;34.0549;-118.243
63.141.241.0;63.141.242.7;39.1374;-94.5786
63.141.242.8;63.141.243.191;39.0945;-94.5812
63.141.243.192;63.141.243.255;39.1332;-94.58
63.141.244.0;63.141.245.23;39.0945;-94.5812
63.141.245.24;63.141.246.7;39.1374;-94.5786
63.141.246.8;63.141.247.71;39.0945;-94.5812
63.141.247.72;63.141.247.255;39.1374;-94.5786
63.141.248.0;63.141.248.255;39.0945;-94.5812
63.141.249.0;63.141.250.7;39.1374;-94.5786
63.141.250.8;63.141.251.111;39.0945;-94.5812
63.141.251.112;63.141.251.255;39.1332;-94.58
63.141.252.0;63.141.253.31;39.0945;-94.5812
63.141.253.32;63.141.253.255;39.1332;-94.58
63.141.254.0;63.141.254.255;39.0945;-94.5812
63.141.255.0;63.141.255.255;39.1332;-94.58
63.142.0.0;63.142.0.255;50.0819;8.63315
63.142.1.0;63.142.2.255;38.9072;-77.0369
63.142.3.0;63.142.3.255;37.3835;126.934
63.142.4.0;63.142.4.255;22.3193;114.169
63.142.5.0;63.142.7.255;38.9072;-77.0369
63.142.8.0;63.142.8.255;45.3147;-73.8785
63.142.9.0;63.142.10.255;45.4215;-75.6972
63.142.11.0;63.142.13.255;50.0819;8.63315
63.142.14.0;63.142.15.255;37.3835;126.934
63.142.16.0;63.142.31.255;40.76;-73.5044
63.142.32.0;63.142.36.255;41.352;-74.2064
63.142.37.0;63.142.37.255;36.6437;-93.2185
63.142.38.0;63.142.38.255;41.352;-74.2064
63.142.39.0;63.142.39.255;41.603;-93.7241
63.142.40.0;63.142.47.255;41.352;-74.2064
63.142.48.0;63.142.48.255;41.4881;-91.426
63.142.49.0;63.142.50.255;41.352;-74.2064
63.142.51.0;63.142.51.255;33.7284;-117.146
63.142.52.0;63.142.52.255;41.352;-74.2064
63.142.53.0;63.142.53.255;41.9589;-90.0993
63.142.54.0;63.142.57.255;41.352;-74.2064
63.142.58.0;63.142.58.255;31.2827;-86.2555
63.142.59.0;63.142.59.255;38.3954;-75.1557
63.142.60.0;63.142.63.255;41.352;-74.2064
63.142.64.0;63.142.66.255;38.3775;-88.0561
63.142.67.0;63.142.67.255;38.3775;-88.0562
63.142.68.0;63.142.70.255;38.3775;-88.0561
63.142.71.0;63.142.71.255;39.1753;-89.6543
63.142.72.0;63.142.72.255;39.2798;-89.8818
63.142.73.0;63.142.73.255;38.9606;-89.0937
63.142.74.0;63.142.75.255;39.5667;-89.3121
63.142.76.0;63.142.76.255;27.5159;-97.8561
63.142.77.0;63.142.77.255;39.982;-88.8229
63.142.78.0;63.142.79.255;39.5667;-89.3121
63.142.80.0;63.142.80.255;39.5237;-87.125
63.142.81.0;63.142.81.255;38.1231;-89.7018
63.142.82.0;63.142.83.255;38.9072;-77.0369
63.142.84.0;63.142.84.255;40.7128;-74.006
63.142.85.0;63.142.85.255;41.8781;-87.6298
63.142.86.0;63.142.86.255;39.1753;-89.6543
63.142.87.0;63.142.89.255;32.861;-91.3885
63.142.90.0;63.142.90.255;39.5489;-89.2945
63.142.91.0;63.142.91.255;38.6058;-87.5198
63.142.92.0;63.142.95.255;36.7959;-89.9579
63.142.96.0;63.142.96.255;36.2286;-90.0647
63.142.97.0;63.142.97.255;38.7328;-86.4736
63.142.98.0;63.142.99.255;41.8781;-87.6298
63.142.100.0;63.142.102.255;37.9924;-84.3752
63.142.103.0;63.142.103.255;41.8781;-87.6298
63.142.104.0;63.142.107.255;38.9072;-77.0369
63.142.108.0;63.142.109.255;36.2362;-90.0556
63.142.110.0;63.142.110.255;36.2286;-90.0647
63.142.111.0;63.142.111.255;38.7328;-86.4736
63.142.112.0;63.142.116.255;37.9967;-88.9201
63.142.117.0;63.142.117.255;37.9725;-89.0534
63.142.118.0;63.142.123.255;37.9967;-88.9201
63.142.124.0;63.142.127.255;38.0112;-89.2377
63.142.128.0;63.142.129.255;33.7555;-84.3915
63.142.130.0;63.142.130.135;35.381;-83.2203
63.142.130.136;63.142.133.255;33.7555;-84.3915
63.142.134.0;63.142.134.255;35.1823;-83.3815
63.142.135.0;63.142.136.95;33.7555;-84.3915
63.142.136.96;63.142.136.127;35.4263;-83.4446
63.142.136.128;63.142.143.255;33.7555;-84.3915
63.142.144.0;63.142.147.255;37.2416;-121.783
63.142.148.0;63.142.148.255;45.0051;-122.783
63.142.149.0;63.142.149.255;37.2416;-121.783
63.142.150.0;63.142.150.255;45.5152;-122.678
63.142.151.0;63.142.152.255;37.2416;-121.783
63.142.153.0;63.142.153.255;45.0051;-122.783
63.142.154.0;63.142.154.255;37.2416;-121.783
63.142.155.0;63.142.155.255;46.1468;-122.908
63.142.156.0;63.142.157.255;37.2416;-121.783
63.142.158.0;63.142.159.255;45.0051;-122.783
63.142.160.0;63.142.160.255;43.6447;-79.3841
63.142.161.0;63.142.161.63;47.9225;-97.0424
63.142.161.64;63.142.163.255;43.6447;-79.3841
63.142.164.0;63.142.164.255;43.9271;-78.9234
63.142.165.0;63.142.169.255;43.6447;-79.3841
63.142.170.0;63.142.170.255;43.9271;-78.9234
63.142.171.0;63.142.175.255;43.6447;-79.3841
63.142.176.0;63.142.176.255;46.1302;-94.9486
63.142.177.0;63.142.177.255;47.2997;-96.5154
63.142.178.0;63.142.181.31;46.5941;-95.5743
63.142.181.32;63.142.181.222;46.3557;-94.7948
63.142.181.223;63.142.183.2;46.5941;-95.5743
63.142.183.3;63.142.183.96;46.5944;-95.5752
63.142.183.97;63.142.188.29;46.5941;-95.5743
63.142.188.30;63.142.188.30;47.0041;-94.727
63.142.188.31;63.142.191.255;46.5941;-95.5743
63.142.192.0;63.142.192.255;48.3741;-119.571
63.142.193.0;63.142.193.255;48.407;-119.528
63.142.194.0;63.142.194.255;48.411;-119.528
63.142.195.0;63.142.196.255;48.407;-119.528
63.142.197.0;63.142.197.255;48.9368;-119.438
63.142.198.0;63.142.198.255;48.9391;-119.436
63.142.199.0;63.142.201.255;48.4793;-120.186
63.142.202.0;63.142.203.255;48.9391;-119.436
63.142.204.0;63.142.205.255;48.408;-119.528
63.142.206.0;63.142.206.255;48.3741;-119.571
63.142.207.0;63.142.207.255;47.658;-117.424
63.142.208.0;63.142.212.255;47.4213;-120.311
63.142.213.0;63.142.213.255;47.841;-120.016
63.142.214.0;63.142.214.255;47.4213;-120.311
63.142.215.0;63.142.215.255;47.5962;-120.661
63.142.216.0;63.142.220.255;47.4213;-120.311
63.142.221.0;63.142.221.255;47.1943;-119.317
63.142.222.0;63.142.222.255;47.676;-120.208
63.142.223.0;63.142.223.255;47.4213;-120.311
63.142.224.0;63.142.239.255;38.1574;-121.695
63.142.240.0;63.142.241.255;32.8167;-96.8834
63.142.242.0;63.142.242.255;34.0483;-118.255
63.142.243.0;63.142.243.255;41.8781;-87.6298
63.142.244.0;63.142.247.255;32.8167;-96.8834
63.142.248.0;63.142.248.255;32.8077;-96.8578
63.142.249.0;63.142.255.255;32.8167;-96.8834
63.143.0.0;63.143.3.255;40.7128;-74.006
63.143.4.0;63.143.4.255;39.7042;-77.7256
63.143.5.0;63.143.5.255;40.7128;-74.006
63.143.6.0;63.143.6.255;39.7042;-77.7256
63.143.7.0;63.143.7.255;40.7128;-74.006
63.143.8.0;63.143.15.255;39.0067;-77.4291
63.143.16.0;63.143.24.255;41.8885;-83.707
63.143.25.0;63.143.25.255;42.0039;-83.9449
63.143.26.0;63.143.26.255;41.8885;-83.707
63.143.27.0;63.143.27.255;41.9573;-83.6597
63.143.28.0;63.143.28.255;42.0039;-83.9449
63.143.29.0;63.143.29.255;41.8889;-83.7788
63.143.30.0;63.143.31.255;41.8885;-83.707
63.143.32.0;63.143.39.255;32.7767;-96.797
63.143.40.0;63.143.40.255;31.796;-95.1502
63.143.41.0;63.143.55.3;32.7767;-96.797
63.143.55.4;63.143.55.255;32.7831;-96.8067
63.143.56.0;63.143.56.255;41.8781;-87.6298
63.143.57.0;63.143.59.255;32.7767;-96.797
63.143.60.0;63.143.60.255;37.4316;-78.6569
63.143.61.0;63.143.62.255;34.0549;-118.243
63.143.63.0;63.143.63.255;41.8781;-87.6298
63.143.64.0;63.143.64.255;17.997;-76.7936
63.143.65.0;63.143.75.255;17.9645;-76.7961
63.143.76.0;63.143.76.255;13.2507;-59.644
63.143.77.0;63.143.78.255;17.9645;-76.7961
63.143.79.0;63.143.79.255;18.4286;-64.6185
63.143.80.0;63.143.82.255;17.9645;-76.7961
63.143.83.0;63.143.83.255;18.0125;-76.7993
63.143.84.0;63.143.84.255;18.4712;-77.9188
63.143.85.0;63.143.85.255;17.9645;-76.7961
63.143.86.0;63.143.86.255;17.0479;-61.7033
63.143.87.0;63.143.87.255;17.9645;-76.7961
63.143.88.0;63.143.88.255;17.997;-76.7936
63.143.89.0;63.143.89.255;18.0125;-76.7993
63.143.90.0;63.143.90.127;17.9911;-76.9574
63.143.90.128;63.143.92.135;17.997;-76.7936
63.143.92.136;63.143.92.255;18.4076;-77.1031
63.143.93.0;63.143.93.255;18.0772;-76.79
63.143.94.0;63.143.94.255;18.0417;-77.5071
63.143.95.0;63.143.95.255;17.9645;-76.7961
63.143.96.0;63.143.96.255;18.1368;-77.0317
63.143.97.0;63.143.97.255;17.971;-76.8869
63.143.98.0;63.143.98.255;18.0125;-76.7993
63.143.99.0;63.143.99.255;17.997;-76.7936
63.143.100.0;63.143.100.255;18.0125;-76.7993
63.143.101.0;63.143.101.255;18.4712;-77.9188
63.143.102.0;63.143.102.255;17.997;-76.7936
63.143.103.0;63.143.103.255;18.4269;-64.6208
63.143.104.0;63.143.104.255;18.468;-77.5363
63.143.105.0;63.143.105.255;17.121;-61.8433
63.143.106.0;63.143.106.255;18.4286;-64.6185
63.143.107.0;63.143.107.255;17.9645;-76.7961
63.143.108.0;63.143.108.255;18.4712;-77.9188
63.143.109.0;63.143.109.255;17.1395;-61.8354
63.143.110.0;63.143.110.255;17.9645;-76.7961
63.143.111.0;63.143.111.255;17.997;-76.7936
63.143.112.0;63.143.115.255;17.9645;-76.7961
63.143.116.0;63.143.116.255;18.0125;-76.7993
63.143.117.0;63.143.117.255;17.9911;-76.9574
63.143.118.0;63.143.118.255;17.997;-76.7936
63.143.119.0;63.143.123.255;17.9645;-76.7961
63.143.124.0;63.143.124.255;18.31;-77.0149
63.143.125.0;63.143.125.255;18.2684;-78.3481
63.143.126.0;63.143.127.255;17.9645;-76.7961
63.143.128.0;63.143.128.255;35.3187;-82.461
63.143.129.0;63.143.129.255;35.1823;-83.3815
63.143.130.0;63.143.131.255;35.3187;-82.461
63.143.132.0;63.143.132.255;35.1823;-83.3815
63.143.133.0;63.143.134.255;35.3187;-82.461
63.143.135.0;63.143.135.255;35.1823;-83.3815
63.143.136.0;63.143.138.255;35.3187;-82.461
63.143.139.0;63.143.139.255;35.1823;-83.3815
63.143.140.0;63.143.143.255;35.3187;-82.461
63.143.144.0;63.143.145.255;35.1823;-83.3815
63.143.146.0;63.143.148.255;35.3187;-82.461
63.143.149.0;63.143.149.255;35.3432;-82.5565
63.143.150.0;63.143.150.255;35.3187;-82.461
63.143.151.0;63.143.151.255;35.3293;-82.3754
63.143.152.0;63.143.160.255;35.3187;-82.461
63.143.161.0;63.143.162.255;35.3112;-82.444
63.143.163.0;63.143.163.255;35.3187;-82.461
63.143.164.0;63.143.164.255;35.3293;-82.3754
63.143.165.0;63.143.165.255;35.3187;-82.461
63.143.166.0;63.143.166.255;35.3293;-82.3754
63.143.167.0;63.143.167.255;35.3187;-82.461
63.143.168.0;63.143.168.255;35.3293;-82.3754
63.143.169.0;63.143.171.255;35.3187;-82.461
63.143.172.0;63.143.172.255;35.3293;-82.3754
63.143.173.0;63.143.173.255;35.4307;-82.5012
63.143.174.0;63.143.174.255;35.3187;-82.461
63.143.175.0;63.143.175.255;35.3176;-82.5943
63.143.176.0;63.143.177.255;35.2801;-82.4221
63.143.178.0;63.143.179.255;35.3187;-82.461
63.143.180.0;63.143.180.255;35.4307;-82.5012
63.143.181.0;63.143.182.255;35.3187;-82.461
63.143.183.0;63.143.183.255;35.3112;-82.444
63.143.184.0;63.143.187.255;35.3187;-82.461
63.143.188.0;63.143.188.255;35.3293;-82.3754
63.143.189.0;63.143.194.255;35.3187;-82.461
63.143.195.0;63.143.195.255;35.3112;-82.444
63.143.196.0;63.143.198.255;35.3187;-82.461
63.143.199.0;63.143.199.255;35.3465;-82.4721
63.143.200.0;63.143.200.255;35.2801;-82.4221
63.143.201.0;63.143.204.255;35.3187;-82.461
63.143.205.0;63.143.205.255;35.3432;-82.5565
63.143.206.0;63.143.209.255;35.3187;-82.461
63.143.210.0;63.143.210.255;35.2801;-82.4221
63.143.211.0;63.143.255.255;35.3187;-82.461
63.144.0.0;63.144.2.255;40.7128;-74.006
63.144.3.0;63.144.3.255;43.1566;-77.6088
63.144.4.0;63.144.4.255;36.0346;-78.4818
63.144.5.0;63.144.5.255;40.7128;-74.006
63.144.6.0;63.144.6.255;36.0723;-86.8
63.144.7.0;63.144.7.255;35.795;-78.8187
63.144.8.0;63.144.8.223;34.8505;-82.2407
63.144.8.224;63.144.9.255;40.7128;-74.006
63.144.10.0;63.144.10.255;35.7251;-78.6625
63.144.11.0;63.144.11.255;33.6497;-83.9719
63.144.12.0;63.144.12.255;46.5891;-112.039
63.144.13.0;63.144.13.255;39.1602;-78.1567
63.144.14.0;63.144.14.255;43.026;-88.1943
63.144.15.0;63.144.15.255;46.5891;-112.039
63.144.16.0;63.144.16.255;40.7128;-74.006
63.144.17.0;63.144.17.255;42.3644;-71.0891
63.144.18.0;63.144.20.31;40.7128;-74.006
63.144.20.32;63.144.20.255;31.7023;-85.5857
63.144.21.0;63.144.21.255;39.7684;-86.1581
63.144.22.0;63.144.22.255;40.7128;-74.006
63.144.23.0;63.144.23.255;31.3218;-86.4618
63.144.24.0;63.144.24.255;35.8308;-78.7811
63.144.25.0;63.144.25.255;40.7128;-74.006
63.144.26.0;63.144.26.255;27.9517;-82.4588
63.144.27.0;63.144.28.23;40.7128;-74.006
63.144.28.24;63.144.28.255;36.2987;-79.2139
63.144.29.0;63.144.29.255;36.0357;-86.8115
63.144.30.0;63.144.30.255;38.3076;-81.5622
63.144.31.0;63.144.31.255;40.7128;-74.006
63.144.32.0;63.144.32.255;40.9358;-87.1509
63.144.33.0;63.144.34.7;39.7684;-86.1581
63.144.34.8;63.144.34.255;33.852;-84.3663
63.144.35.0;63.144.35.255;32.8648;-96.8032
63.144.36.0;63.144.36.255;41.33;-111.983
63.144.37.0;63.144.37.175;34.7433;-92.4127
63.144.37.176;63.144.40.15;40.7128;-74.006
63.144.40.16;63.144.40.255;33.6473;-86.5789
63.144.41.0;63.144.41.255;40.7128;-74.006
63.144.42.0;63.144.42.239;33.2036;-87.5662
63.144.42.240;63.144.44.63;40.7128;-74.006
63.144.44.64;63.144.44.255;33.382;-84.8489
63.144.45.0;63.144.46.255;40.7128;-74.006
63.144.47.0;63.144.47.255;40.4406;-79.9959
63.144.48.0;63.144.49.7;40.7128;-74.006
63.144.49.8;63.144.49.255;34.0945;-84.2076
63.144.50.0;63.144.52.255;40.7128;-74.006
63.144.53.0;63.144.53.255;27.9873;-82.5489
63.144.54.0;63.144.54.191;36.0403;-80.1411
63.144.54.192;63.144.55.255;40.7128;-74.006
63.144.56.0;63.144.57.255;41.5236;-90.5776
63.144.58.0;63.144.58.255;40.7128;-74.006
63.144.59.0;63.144.59.255;36.3326;-82.3453
63.144.60.0;63.144.61.23;40.7128;-74.006
63.144.61.24;63.144.61.223;41.8853;-87.6548
63.144.61.224;63.144.63.255;40.7128;-74.006
63.144.64.0;63.144.67.255;41.8781;-87.6298
63.144.68.0;63.144.68.255;41.6604;-91.531
63.144.69.0;63.144.69.255;41.151;-87.8503
63.144.70.0;63.144.71.7;33.4544;-111.976
63.144.71.8;63.144.71.255;33.3362;-111.956
63.144.72.0;63.144.74.7;40.7128;-74.006
63.144.74.8;63.144.74.255;38.5524;-92.2024
63.144.75.0;63.144.77.7;40.7128;-74.006
63.144.77.8;63.144.77.255;39.8071;-85.1727
63.144.78.0;63.144.81.143;40.7128;-74.006
63.144.81.144;63.144.81.255;38.6515;-90.339
63.144.82.0;63.144.85.95;40.7128;-74.006
63.144.85.96;63.144.85.255;38.2761;-85.5045
63.144.86.0;63.144.87.255;40.7128;-74.006
63.144.88.0;63.144.88.255;32.7349;-117.216
63.144.89.0;63.144.89.255;40.7128;-74.006
63.144.90.0;63.144.90.255;27.966;-82.7985
63.144.91.0;63.144.91.255;40.7128;-74.006
63.144.92.0;63.144.92.255;41.3643;-81.5264
63.144.93.0;63.144.93.255;41.9996;-87.9479
63.144.94.0;63.144.94.247;35.8516;-78.7945
63.144.94.248;63.144.96.255;40.7128;-74.006
63.144.97.0;63.144.97.255;39.7475;-104.99
63.144.98.0;63.144.98.255;40.7128;-74.006
63.144.99.0;63.144.99.255;43.546;-96.7313
63.144.100.0;63.144.100.255;38.8895;-90.1829
63.144.101.0;63.144.101.255;41.8781;-87.6298
63.144.102.0;63.144.102.255;41.6558;-83.9898
63.144.103.0;63.144.103.255;40.7128;-74.006
63.144.104.0;63.144.107.255;41.9172;-88.3505
63.144.108.0;63.144.108.255;27.966;-82.7985
63.144.109.0;63.144.109.255;41.0793;-85.1394
63.144.110.0;63.144.110.255;40.7128;-74.006
63.144.111.0;63.144.111.255;41.4273;-81.5007
63.144.112.0;63.144.113.31;40.7128;-74.006
63.144.113.32;63.144.113.255;32.5891;-92.0664
63.144.114.0;63.144.114.255;40.7128;-74.006
63.144.115.0;63.144.115.255;37.8092;-85.4669
63.144.116.0;63.144.116.255;42.881;-78.8828
63.144.117.0;63.144.119.231;40.7128;-74.006
63.144.119.232;63.144.119.255;44.9628;-89.6278
63.144.120.0;63.144.120.255;42.2994;-88.0116
63.144.121.0;63.144.121.255;42.9947;-89.4236
63.144.122.0;63.144.122.255;32.2386;-110.84
63.144.123.0;63.144.123.255;43.8093;-91.254
63.144.124.0;63.144.124.255;41.975;-88.0073
63.144.125.0;63.144.126.255;40.7128;-74.006
63.144.127.0;63.144.127.159;38.6515;-90.339
63.144.127.160;63.144.131.255;40.7128;-74.006
63.144.132.0;63.144.133.55;42.6526;-73.7562
63.144.133.56;63.144.133.255;40.3055;-111.663
63.144.134.0;63.144.134.255;42.3085;-71.3837
63.144.135.0;63.144.135.255;41.4733;-71.96
63.144.136.0;63.144.136.255;42.3587;-71.1537
63.144.137.0;63.144.137.255;35.8308;-78.7811
63.144.138.0;63.144.138.255;42.3644;-71.0891
63.144.139.0;63.144.139.255;41.8781;-87.6298
63.144.140.0;63.144.140.255;40.7128;-74.006
63.144.141.0;63.144.141.255;41.7343;-71.1768
63.144.142.0;63.144.142.255;43.0965;-75.303
63.144.143.0;63.144.143.255;40.7128;-74.006
63.144.144.0;63.144.144.255;40.7672;-73.991
63.144.145.0;63.144.145.255;41.872;-71.8956
63.144.146.0;63.144.146.255;43.1706;-75.2916
63.144.147.0;63.144.147.255;40.1083;-83.1843
63.144.148.0;63.144.149.255;40.7128;-74.006
63.144.150.0;63.144.150.255;44.8856;-93.0266
63.144.151.0;63.144.151.255;40.7128;-74.006
63.144.152.0;63.144.152.255;40.5507;-74.4232
63.144.153.0;63.144.153.255;40.7177;-74.0083
63.144.154.0;63.144.155.255;40.7409;-73.9923
63.144.156.0;63.144.156.255;40.2091;-74.0386
63.144.157.0;63.144.157.255;37.2267;-77.4014
63.144.158.0;63.144.158.255;40.7128;-74.006
63.144.159.0;63.144.159.255;40.755;-73.9781
63.144.160.0;63.144.160.255;40.7128;-74.006
63.144.161.0;63.144.161.255;32.6521;-114.565
63.144.162.0;63.144.162.255;41.3643;-81.5264
63.144.163.0;63.144.163.255;40.7128;-74.006
63.144.164.0;63.144.164.255;26.7096;-80.0638
63.144.165.0;63.144.165.255;40.7128;-74.006
63.144.166.0;63.144.166.255;39.7475;-104.99
63.144.167.0;63.144.167.255;41.664;-72.7561
63.144.168.0;63.144.168.255;40.7128;-74.006
63.144.169.0;63.144.169.255;41.0322;-73.7733
63.144.170.0;63.144.170.255;40.7128;-74.006
63.144.171.0;63.144.171.255;39.7476;-104.994
63.144.172.0;63.144.172.255;40.7245;-73.1616
63.144.173.0;63.144.173.255;43.765;-79.4916
63.144.174.0;63.144.175.7;29.7604;-95.3698
63.144.175.8;63.144.175.255;31.1363;-97.7797
63.144.176.0;63.144.176.255;36.0846;-115.293
63.144.177.0;63.144.177.255;25.7824;-80.1931
63.144.178.0;63.144.178.255;40.4426;-79.9952
63.144.179.0;63.144.179.255;40.7128;-74.006
63.144.180.0;63.144.180.255;47.4748;-122.273
63.144.181.0;63.144.181.255;40.7128;-74.006
63.144.182.0;63.144.182.255;40.7592;-73.9777
63.144.183.0;63.144.183.255;42.9171;-78.7196
63.144.184.0;63.144.187.255;40.7215;-73.6041
63.144.188.0;63.144.188.255;41.4289;-81.7622
63.144.189.0;63.144.191.255;40.7128;-74.006
63.144.192.0;63.144.192.255;27.9517;-82.4588
63.144.193.0;63.144.193.255;39.7475;-104.99
63.144.194.0;63.144.194.255;28.5874;-81.2048
63.144.195.0;63.144.195.255;35.2271;-80.8431
63.144.196.0;63.144.196.255;30.5407;-84.2242
63.144.197.0;63.144.197.255;37.2465;-93.2273
63.144.198.0;63.144.199.7;40.7128;-74.006
63.144.199.8;63.144.199.255;28.6327;-81.366
63.144.200.0;63.144.200.255;39.7501;-104.998
63.144.201.0;63.144.201.255;38.9586;-77.357
63.144.202.0;63.144.202.255;31.1363;-97.7797
63.144.203.0;63.144.203.255;43.1247;-77.4905
63.144.204.0;63.144.204.255;40.7128;-74.006
63.144.205.0;63.144.205.255;44.9778;-93.265
63.144.206.0;63.144.206.255;28.0044;-82.3577
63.144.207.0;63.144.207.255;27.966;-82.7985
63.144.208.0;63.144.208.255;35.9382;-77.7905
63.144.209.0;63.144.209.255;27.2275;-81.851
63.144.210.0;63.144.210.255;40.5757;-111.892
63.144.211.0;63.144.211.255;28.0044;-82.3577
63.144.212.0;63.144.215.255;40.7128;-74.006
63.144.216.0;63.144.216.255;30.51;-86.4942
63.144.217.0;63.144.217.255;32.9207;-96.7666
63.144.218.0;63.144.218.255;33.8501;-84.3641
63.144.219.0;63.144.219.255;30.26;-81.6018
63.144.220.0;63.144.220.255;39.7475;-104.99
63.144.221.0;63.144.221.255;30.4106;-87.2176
63.144.222.0;63.144.222.255;29.1872;-82.1401
63.144.223.0;63.144.223.255;26.4118;-80.0776
63.144.224.0;63.144.224.255;26.1623;-81.774
63.144.225.0;63.144.225.255;32.9401;-97.0953
63.144.226.0;63.144.226.255;36.254;-115.295
63.144.227.0;63.144.227.255;40.7128;-74.006
63.144.228.0;63.144.228.255;38.2761;-85.5045
63.144.229.0;63.144.229.255;42.5081;-83.5173
63.144.230.0;63.144.230.255;30.9638;-82.662
63.144.231.0;63.144.231.255;25.7824;-80.1931
63.144.232.0;63.144.232.255;30.246;-81.5461
63.144.233.0;63.144.233.255;27.9441;-82.5259
63.144.234.0;63.144.234.255;40.7128;-74.006
63.144.235.0;63.144.235.255;27.8979;-82.7073
63.144.236.0;63.144.236.255;47.4748;-122.273
63.144.237.0;63.144.238.63;40.7128;-74.006
63.144.238.64;63.144.238.255;26.6096;-81.8228
63.144.239.0;63.144.239.255;40.7128;-74.006
63.144.240.0;63.144.240.255;28.5384;-81.3789
63.144.241.0;63.144.241.255;27.4021;-82.531
63.144.242.0;63.144.242.255;40.7128;-74.006
63.144.243.0;63.144.243.255;27.2426;-80.8172
63.144.244.0;63.144.244.255;40.7128;-74.006
63.144.245.0;63.144.245.255;27.9517;-82.4588
63.144.246.0;63.144.246.255;24.5477;-81.794
63.144.247.0;63.144.247.255;28.8192;-81.879
63.144.248.0;63.144.248.255;33.9914;-84.0793
63.144.249.0;63.144.249.255;38.901;-77.0412
63.144.250.0;63.144.250.255;40.7128;-74.006
63.144.251.0;63.144.251.255;45.5152;-122.678
63.144.252.0;63.144.252.255;28.8112;-81.258
63.144.253.0;63.144.253.255;27.9517;-82.4588
63.144.254.0;63.144.254.255;40.7128;-74.006
63.144.255.0;63.144.255.255;26.0841;-81.6798
63.145.0.0;63.145.1.3;40.7128;-74.006
63.145.1.4;63.145.1.135;42.3601;-71.0589
63.145.1.136;63.145.2.255;40.7128;-74.006
63.145.3.0;63.145.3.255;37.6045;-77.6437
63.145.4.0;63.145.4.255;35.0603;-106.632
63.145.5.0;63.145.5.255;40.7385;-73.9912
63.145.6.0;63.145.6.255;39.7789;-75.5969
63.145.7.0;63.145.7.255;40.7564;-73.9888
63.145.8.0;63.145.8.255;40.7417;-74.0045
63.145.9.0;63.145.9.255;39.9526;-75.1652
63.145.10.0;63.145.10.255;35.2098;-111.644
63.145.11.0;63.145.11.255;40.7582;-73.9767
63.145.12.0;63.145.12.255;40.7128;-74.006
63.145.13.0;63.145.13.255;45.2973;-108.912
63.145.14.0;63.145.15.63;25.8478;-80.146
63.145.15.64;63.145.15.255;39.7129;-105.135
63.145.16.0;63.145.17.55;40.7128;-74.006
63.145.17.56;63.145.17.255;39.7789;-75.5969
63.145.18.0;63.145.18.255;41.8781;-87.6298
63.145.19.0;63.145.19.255;40.7683;-73.9831
63.145.20.0;63.145.21.31;40.7128;-74.006
63.145.21.32;63.145.21.255;40.7422;-73.9838
63.145.22.0;63.145.22.255;41.2565;-95.9345
63.145.23.0;63.145.23.255;40.7128;-74.006
63.145.24.0;63.145.24.255;39.7392;-104.99
63.145.25.0;63.145.25.255;41.6218;-93.5961
63.145.26.0;63.145.26.255;34.4136;-119.699
63.145.27.0;63.145.27.255;41.7122;-72.5828
63.145.28.0;63.145.28.191;40.5729;-111.896
63.145.28.192;63.145.31.255;40.7128;-74.006
63.145.32.0;63.145.34.255;32.7767;-96.797
63.145.35.0;63.145.35.255;33.8082;-118.146
63.145.36.0;63.145.36.255;33.9207;-84.3348
63.145.37.0;63.145.37.255;35.8308;-78.7811
63.145.38.0;63.145.38.255;31.4499;-98.5709
63.145.39.0;63.145.39.255;40.7128;-74.006
63.145.40.0;63.145.40.255;37.2577;-121.964
63.145.41.0;63.145.41.255;33.9096;-98.4931
63.145.42.0;63.145.42.255;31.4499;-98.5709
63.145.43.0;63.145.43.255;32.8024;-96.8248
63.145.44.0;63.145.44.255;39.7684;-86.1581
63.145.45.0;63.145.45.255;40.7128;-74.006
63.145.46.0;63.145.46.255;32.9711;-96.705
63.145.47.0;63.145.47.255;39.7475;-104.99
63.145.48.0;63.145.51.255;40.7128;-74.006
63.145.52.0;63.145.52.255;35.389;-119.049
63.145.53.0;63.145.53.255;33.7455;-117.868
63.145.54.0;63.145.54.255;32.7501;-96.8235
63.145.55.0;63.145.55.255;44.9778;-93.265
63.145.56.0;63.145.56.255;40.7128;-74.006
63.145.57.0;63.145.57.255;42.2444;-71.0257
63.145.58.0;63.145.58.255;40.7128;-74.006
63.145.59.0;63.145.59.255;37.3905;-122.045
63.145.60.0;63.145.60.255;35.4648;-97.5983
63.145.61.0;63.145.61.255;32.7767;-96.797
63.145.62.0;63.145.62.255;32.2054;-98.2115
63.145.63.0;63.145.63.255;45.5172;-122.676
63.145.64.0;63.145.65.255;40.7128;-74.006
63.145.66.0;63.145.66.255;39.7475;-104.99
63.145.67.0;63.145.67.255;39.7583;-105.051
63.145.68.0;63.145.68.255;39.9196;-105.11
63.145.69.0;63.145.69.255;41.7495;-111.852
63.145.70.0;63.145.70.255;40.7128;-74.006
63.145.71.0;63.145.71.255;41.881;-87.6373
63.145.72.0;63.145.72.255;40.5693;-111.894
63.145.73.0;63.145.73.255;43.4754;-111.985
63.145.74.0;63.145.74.255;39.7392;-104.99
63.145.75.0;63.145.75.255;40.7128;-74.006
63.145.76.0;63.145.76.255;38.8382;-104.461
63.145.77.0;63.145.77.255;33.4484;-112.074
63.145.78.0;63.145.78.255;41.8781;-87.6298
63.145.79.0;63.145.79.255;40.0184;-105.242
63.145.80.0;63.145.80.255;39.626;-104.9
63.145.81.0;63.145.81.255;40.7128;-74.006
63.145.82.0;63.145.82.255;39.7457;-104.979
63.145.83.0;63.145.83.255;36.2019;-115.166
63.145.84.0;63.145.84.255;44.8504;-93.0037
63.145.85.0;63.145.85.255;35.2271;-80.8431
63.145.86.0;63.145.86.255;41.1759;-96.0635
63.145.87.0;63.145.87.255;40.7608;-111.891
63.145.88.0;63.145.88.255;32.7555;-97.3308
63.145.89.0;63.145.89.255;36.2438;-115.081
63.145.90.0;63.145.90.255;40.7128;-74.006
63.145.91.0;63.145.91.255;33.4714;-112.074
63.145.92.0;63.145.92.255;39.7236;-105.135
63.145.93.0;63.145.93.255;40.7128;-74.006
63.145.94.0;63.145.94.255;39.6224;-104.891
63.145.95.0;63.145.95.255;47.4812;-122.202
63.145.96.0;63.145.97.255;29.7604;-95.3698
63.145.98.0;63.145.99.15;40.7128;-74.006
63.145.99.16;63.145.99.255;31.7032;-98.114
63.145.100.0;63.145.100.255;29.7889;-95.2679
63.145.101.0;63.145.101.255;31.1643;-96.6762
63.145.102.0;63.145.103.255;35.0865;-106.652
63.145.104.0;63.145.104.255;30.4397;-97.6639
63.145.105.0;63.145.105.255;41.0375;-75.2396
63.145.106.0;63.145.106.255;47.0158;-114.23
63.145.107.0;63.145.107.255;29.4294;-98.4868
63.145.108.0;63.145.108.255;29.9916;-95.7485
63.145.109.0;63.145.109.255;30.385;-97.7438
63.145.110.0;63.145.110.255;33.7742;-84.5298
63.145.111.0;63.145.111.255;32.9607;-97.0105
63.145.112.0;63.145.112.255;29.7604;-95.3698
63.145.113.0;63.145.113.255;30.3385;-97.6839
63.145.114.0;63.145.114.255;38.9586;-77.357
63.145.115.0;63.145.115.255;34.1885;-118.466
63.145.116.0;63.145.116.255;40.7128;-74.006
63.145.117.0;63.145.117.255;29.5256;-98.4582
63.145.118.0;63.145.118.255;46.8042;-100.788
63.145.119.0;63.145.119.255;45.5489;-122.668
63.145.120.0;63.145.120.255;30.711;-94.933
63.145.121.0;63.145.121.255;40.7128;-74.006
63.145.122.0;63.145.122.255;32.9959;-96.7072
63.145.123.0;63.145.123.255;40.7128;-74.006
63.145.124.0;63.145.125.255;30.0431;-99.1385
63.145.126.0;63.145.126.255;29.7604;-95.3698
63.145.127.0;63.145.127.255;30.3914;-88.8672
63.145.128.0;63.145.128.255;44.9778;-93.265
63.145.129.0;63.145.129.255;31.1363;-97.7797
63.145.130.0;63.145.130.255;41.8781;-87.6298
63.145.131.0;63.145.131.255;38.9034;-77.0312
63.145.132.0;63.145.132.255;40.7128;-74.006
63.145.133.0;63.145.133.255;40.5531;-74.4255
63.145.134.0;63.145.135.255;40.7128;-74.006
63.145.136.0;63.145.136.255;33.6143;-84.5003
63.145.137.0;63.145.137.255;40.7128;-74.006
63.145.138.0;63.145.138.255;39.7475;-104.99
63.145.139.0;63.145.139.255;32.2738;-107.713
63.145.140.0;63.145.140.255;40.7128;-74.006
63.145.141.0;63.145.141.255;39.9599;-105.163
63.145.142.0;63.145.142.255;41.882;-87.6389
63.145.143.0;63.145.143.255;45.0406;-93.4018
63.145.144.0;63.145.144.255;34.0549;-118.243
63.145.145.0;63.145.145.255;47.4748;-122.273
63.145.146.0;63.145.146.255;41.8787;-87.643
63.145.147.0;63.145.147.255;42.1579;-88.0449
63.145.148.0;63.145.150.255;40.7128;-74.006
63.145.151.0;63.145.151.255;35.8308;-78.7811
63.145.152.0;63.145.154.255;40.7128;-74.006
63.145.155.0;63.145.155.255;41.2898;-72.9702
63.145.156.0;63.145.156.255;39.8544;-86.0422
63.145.157.0;63.145.159.255;32.5093;-92.1193
63.145.160.0;63.145.163.255;40.7128;-74.006
63.145.164.0;63.145.167.255;33.4484;-112.074
63.145.168.0;63.145.171.255;37.3688;-122.036
63.145.172.0;63.145.173.255;40.7128;-74.006
63.145.174.0;63.145.174.255;35.0844;-106.65
63.145.175.0;63.145.179.47;40.7128;-74.006
63.145.179.48;63.145.179.255;34.0714;-118.196
63.145.180.0;63.145.181.15;47.4748;-122.273
63.145.181.16;63.145.181.247;36.0551;-115.217
63.145.181.248;63.145.183.255;47.4748;-122.273
63.145.184.0;63.145.184.255;40.7128;-74.006
63.145.185.0;63.145.185.255;33.6143;-84.5003
63.145.186.0;63.145.186.255;40.7128;-74.006
63.145.187.0;63.145.187.247;34.2113;-118.482
63.145.187.248;63.145.188.255;40.7128;-74.006
63.145.189.0;63.145.189.255;33.9207;-84.3348
63.145.190.0;63.145.190.255;40.7128;-74.006
63.145.191.0;63.145.191.255;36.175;-115.137
63.145.192.0;63.145.192.255;40.7128;-74.006
63.145.193.0;63.145.193.255;38.8339;-104.821
63.145.194.0;63.145.194.255;47.082;-122.367
63.145.195.0;63.145.195.255;40.7068;-74.0096
63.145.196.0;63.145.196.255;46.2436;-119.084
63.145.197.0;63.145.197.255;47.1398;-122.436
63.145.198.0;63.145.198.255;47.6061;-122.333
63.145.199.0;63.145.199.255;47.2031;-121.992
63.145.200.0;63.145.200.255;47.6143;-122.339
63.145.201.0;63.145.201.255;47.674;-122.122
63.145.202.0;63.145.202.255;47.2049;-122.306
63.145.203.0;63.145.203.255;47.5649;-122.386
63.145.204.0;63.145.204.255;41.0648;-86.2158
63.145.205.0;63.145.205.255;42.4981;-90.6579
63.145.206.0;63.145.206.255;47.6061;-122.333
63.145.207.0;63.145.207.255;37.5277;-122.262
63.145.208.0;63.145.208.255;40.7557;-73.5876
63.145.209.0;63.145.210.15;40.7128;-74.006
63.145.210.16;63.145.210.255;39.7475;-104.99
63.145.211.0;63.145.211.255;41.5755;-109.253
63.145.212.0;63.145.212.255;39.7475;-104.99
63.145.213.0;63.145.213.255;34.1808;-118.309
63.145.214.0;63.145.214.255;47.6711;-117.103
63.145.215.0;63.145.215.255;40.7128;-74.006
63.145.216.0;63.145.216.255;36.0663;-115.136
63.145.217.0;63.145.217.255;32.5093;-92.1193
63.145.218.0;63.145.218.255;40.7128;-74.006
63.145.219.0;63.145.219.255;32.5093;-92.1193
63.145.220.0;63.145.221.11;40.7128;-74.006
63.145.221.12;63.145.221.255;36.1699;-115.14
63.145.222.0;63.145.222.255;43.615;-116.202
63.145.223.0;63.145.223.255;32.8973;-117.189
63.145.224.0;63.145.227.255;40.7128;-74.006
63.145.228.0;63.145.228.255;36.7943;-119.832
63.145.229.0;63.145.229.255;38.7892;-121.017
63.145.230.0;63.145.230.255;37.7734;-121.96
63.145.231.0;63.145.231.255;37.4119;-121.92
63.145.232.0;63.145.232.191;37.7857;-122.405
63.145.232.192;63.145.234.31;40.7128;-74.006
63.145.234.32;63.145.234.255;47.4748;-122.273
63.145.235.0;63.145.235.255;39.7164;-105.574
63.145.236.0;63.145.236.255;37.7808;-122.396
63.145.237.0;63.145.237.255;48.7853;-122.484
63.145.238.0;63.145.238.255;37.9473;-121.7
63.145.239.0;63.145.239.255;40.5757;-111.892
63.145.240.0;63.145.240.255;40.7128;-74.006
63.145.241.0;63.145.241.255;37.3761;-121.998
63.145.242.0;63.145.242.255;38.0954;-122.558
63.145.243.0;63.145.243.255;32.9359;-117.24
63.145.244.0;63.145.244.255;37.9467;-122.49
63.145.245.0;63.145.245.255;40.7128;-74.006
63.145.246.0;63.145.246.255;34.2398;-118.566
63.145.247.0;63.145.247.255;45.5172;-122.676
63.145.248.0;63.145.248.255;38.5971;-121.49
63.145.249.0;63.145.250.255;40.7128;-74.006
63.145.251.0;63.145.251.255;37.3688;-122.036
63.145.252.0;63.145.252.255;40.7128;-74.006
63.145.253.0;63.145.253.255;37.4831;-121.933
63.145.254.0;63.145.254.255;44.9801;-93.3139
63.145.255.0;63.145.255.255;34.0409;-118.114
63.146.0.0;63.146.3.95;40.7128;-74.006
63.146.3.96;63.146.3.255;38.9022;-77.0323
63.146.4.0;63.146.4.255;39.4375;-76.7728
63.146.5.0;63.146.5.255;47.6062;-122.332
63.146.6.0;63.146.6.255;37.4972;-77.5583
63.146.7.0;63.146.7.255;37.3262;-79.9692
63.146.8.0;63.146.8.255;40.7128;-74.006
63.146.9.0;63.146.9.255;26.3358;-80.0885
63.146.10.0;63.146.10.255;39.0152;-77.4577
63.146.11.0;63.146.13.63;40.7128;-74.006
63.146.13.64;63.146.13.255;42.0534;-88.0582
63.146.14.0;63.146.14.255;42.3644;-71.0891
63.146.15.0;63.146.15.255;38.9443;-77.334
63.146.16.0;63.146.16.255;41.0345;-73.6929
63.146.17.0;63.146.17.255;40.7128;-74.006
63.146.18.0;63.146.18.255;40.068;-75.6844
63.146.19.0;63.146.19.255;40.7128;-74.006
63.146.20.0;63.146.21.255;39.9526;-75.1652
63.146.22.0;63.146.22.255;33.3385;-111.9
63.146.23.0;63.146.23.255;33.8354;-118.351
63.146.24.0;63.146.24.255;40.8409;-74.4744
63.146.25.0;63.146.28.31;40.7128;-74.006
63.146.28.32;63.146.28.255;38.8459;-76.9287
63.146.29.0;63.146.29.255;41.019;-84.0731
63.146.30.0;63.146.30.255;47.606;-122.188
63.146.31.0;63.146.31.255;45.1277;-93.3858
63.146.32.0;63.146.32.223;47.9769;-122.214
63.146.32.224;63.146.33.255;40.7128;-74.006
63.146.34.0;63.146.35.255;39.6302;-104.899
63.146.36.0;63.146.37.255;40.7128;-74.006
63.146.38.0;63.146.38.255;42.4603;-83.13
63.146.39.0;63.146.40.255;40.7128;-74.006
63.146.41.0;63.146.41.255;44.7535;-85.5934
63.146.42.0;63.146.42.255;39.9061;-82.9267
63.146.43.0;63.146.43.255;37.9735;-122.531
63.146.44.0;63.146.44.255;40.7128;-74.006
63.146.45.0;63.146.45.255;44.9776;-93.277
63.146.46.0;63.146.48.255;40.7128;-74.006
63.146.49.0;63.146.49.63;37.7734;-121.96
63.146.49.64;63.146.51.255;40.7128;-74.006
63.146.52.0;63.146.52.255;38.2761;-85.5045
63.146.53.0;63.146.53.255;41.8781;-87.6298
63.146.54.0;63.146.54.255;39.0997;-94.5786
63.146.55.0;63.146.55.255;39.1764;-75.5363
63.146.56.0;63.146.56.255;40.7128;-74.006
63.146.57.0;63.146.57.255;40.1689;-83.0108
63.146.58.0;63.146.59.95;40.7128;-74.006
63.146.59.96;63.146.59.255;39.9321;-91.398
63.146.60.0;63.146.61.191;40.7128;-74.006
63.146.61.192;63.146.61.223;42.1146;-88.0489
63.146.61.224;63.146.63.255;40.7128;-74.006
63.146.64.0;63.146.64.255;41.8781;-87.6298
63.146.65.0;63.146.65.255;35.8308;-78.7811
63.146.66.0;63.146.66.255;38.708;-119.553
63.146.67.0;63.146.67.255;37.7734;-121.96
63.146.68.0;63.146.68.255;40.5831;-122.385
63.146.69.0;63.146.70.7;42.3644;-71.0891
63.146.70.8;63.146.70.255;38.0703;-122.808
63.146.71.0;63.146.71.255;39.0154;-121.517
63.146.72.0;63.146.72.255;37.8001;-122.266
63.146.73.0;63.146.73.255;37.4185;-121.943
63.146.74.0;63.146.74.255;37.4842;-122.173
63.146.75.0;63.146.75.239;37.3751;-121.914
63.146.75.240;63.146.76.255;40.7128;-74.006
63.146.77.0;63.146.77.255;37.9871;-121.327
63.146.78.0;63.146.79.7;40.7128;-74.006
63.146.79.8;63.146.79.255;31.2214;121.443
63.146.80.0;63.146.80.255;38.8814;-94.8191
63.146.81.0;63.146.81.255;37.8979;-85.9395
63.146.82.0;63.146.82.255;40.7128;-74.006
63.146.83.0;63.146.83.255;39.9612;-82.9988
63.146.84.0;63.146.84.255;40.7128;-74.006
63.146.85.0;63.146.85.255;41.6192;-93.893
63.146.86.0;63.146.86.255;41.9519;-91.6836
63.146.87.0;63.146.87.255;40.7128;-74.006
63.146.88.0;63.146.88.255;39.5956;-104.858
63.146.89.0;63.146.89.255;33.3362;-111.956
63.146.90.0;63.146.90.255;40.5687;-105.028
63.146.91.0;63.146.91.255;40.7128;-74.006
63.146.92.0;63.146.92.255;36.1699;-115.14
63.146.93.0;63.146.93.255;39.7615;-104.979
63.146.94.0;63.146.94.7;39.53;-104.872
63.146.94.8;63.146.95.255;36.1699;-115.14
63.146.96.0;63.146.96.255;41.8796;-87.6304
63.146.97.0;63.146.97.255;34.6006;-120.127
63.146.98.0;63.146.98.255;40.0968;-83.1306
63.146.99.0;63.146.99.255;40.7128;-74.006
63.146.100.0;63.146.100.255;40.7357;-74.1724
63.146.101.0;63.146.101.255;40.8637;-74.0449
63.146.102.0;63.146.102.255;41.8778;-87.6488
63.146.103.0;63.146.103.255;40.7357;-74.1724
63.146.104.0;63.146.104.127;40.7257;-73.996
63.146.104.128;63.146.105.255;40.7128;-74.006
63.146.106.0;63.146.106.255;39.7684;-86.1581
63.146.107.0;63.146.107.255;40.7128;-74.006
63.146.108.0;63.146.108.255;36.1699;-115.14
63.146.109.0;63.146.110.255;40.7128;-74.006
63.146.111.0;63.146.111.255;33.4484;-112.074
63.146.112.0;63.146.112.255;40.7128;-74.006
63.146.113.0;63.146.113.255;33.4484;-112.074
63.146.114.0;63.146.116.127;40.7128;-74.006
63.146.116.128;63.146.116.255;41.0648;-86.2158
63.146.117.0;63.146.117.255;33.4484;-112.074
63.146.118.0;63.146.118.255;40.7128;-74.006
63.146.119.0;63.146.119.255;37.3688;-122.036
63.146.120.0;63.146.120.255;34.2659;-118.414
63.146.121.0;63.146.121.255;40.0084;-105.243
63.146.122.0;63.146.122.255;37.6261;-77.5319
63.146.123.0;63.146.123.255;40.7128;-74.006
63.146.124.0;63.146.124.255;34.0196;-118.453
63.146.125.0;63.146.125.255;40.7128;-74.006
63.146.126.0;63.146.126.255;34.1808;-118.309
63.146.127.0;63.146.128.255;40.7128;-74.006
63.146.129.0;63.146.129.255;33.477;-112.069
63.146.130.0;63.146.130.255;33.5866;-112.112
63.146.131.0;63.146.131.255;40.7128;-74.006
63.146.132.0;63.146.132.255;40.4281;-75.9349
63.146.133.0;63.146.133.255;40.7128;-74.006
63.146.134.0;63.146.134.255;41.4993;-81.6944
63.146.135.0;63.146.135.255;39.7392;-104.99
63.146.136.0;63.146.136.255;25.7759;-80.1931
63.146.137.0;63.146.137.255;47.4407;-122.255
63.146.138.0;63.146.139.255;40.7128;-74.006
63.146.140.0;63.146.140.255;40.3915;-104.719
63.146.141.0;63.146.142.255;39.7392;-104.99
63.146.143.0;63.146.143.255;44.857;-93.2424
63.146.144.0;63.146.144.255;40.7128;-74.006
63.146.145.0;63.146.145.255;35.8622;-78.8394
63.146.146.0;63.146.146.255;31.1363;-97.7797
63.146.147.0;63.146.147.255;33.3071;-111.97
63.146.148.0;63.146.148.255;40.7128;-74.006
63.146.149.0;63.146.149.255;47.4407;-122.255
63.146.150.0;63.146.150.255;25.7617;-80.1918
63.146.151.0;63.146.151.255;45.5152;-122.678
63.146.152.0;63.146.152.255;40.7128;-74.006
63.146.153.0;63.146.153.255;33.6936;-111.966
63.146.154.0;63.146.154.255;40.7128;-74.006
63.146.155.0;63.146.155.255;41.6123;-83.7111
63.146.156.0;63.146.156.255;40.7128;-74.006
63.146.157.0;63.146.157.231;39.0175;-78.2912
63.146.157.232;63.146.158.255;40.7128;-74.006
63.146.159.0;63.146.159.255;34.0549;-118.243
63.146.160.0;63.146.160.63;45.5729;-93.222
63.146.160.64;63.146.163.15;40.7128;-74.006
63.146.163.16;63.146.163.223;45.0534;-93.1902
63.146.163.224;63.146.167.191;40.7128;-74.006
63.146.167.192;63.146.167.255;44.971;-93.1946
63.146.168.0;63.146.168.255;48.0482;-113.975
63.146.169.0;63.146.169.255;41.8781;-87.6298
63.146.170.0;63.146.170.255;37.5249;-122.258
63.146.171.0;63.146.171.255;37.3926;-121.927
63.146.172.0;63.146.172.255;27.9443;-82.5248
63.146.173.0;63.146.173.127;40.5405;-74.5034
63.146.173.128;63.146.175.255;40.7128;-74.006
63.146.176.0;63.146.177.183;27.9517;-82.4588
63.146.177.184;63.146.177.207;41.8822;-87.6391
63.146.177.208;63.146.179.239;27.9517;-82.4588
63.146.179.240;63.146.179.255;40.7418;-74.3671
63.146.180.0;63.146.181.255;39.0067;-77.4291
63.146.182.0;63.146.182.255;38.8938;-77.0716
63.146.183.0;63.146.183.255;47.6141;-122.194
63.146.184.0;63.146.184.255;40.7128;-74.006
63.146.185.0;63.146.185.123;38.9212;-77.2127
63.146.185.124;63.146.187.255;40.7128;-74.006
63.146.188.0;63.146.188.255;30.8983;-83.3514
63.146.189.0;63.146.190.15;40.7128;-74.006
63.146.190.16;63.146.191.127;27.9517;-82.4588
63.146.191.128;63.146.192.7;40.7128;-74.006
63.146.192.8;63.146.193.7;39.9612;-82.9988
63.146.193.8;63.146.193.255;42.7325;-84.5555
63.146.194.0;63.146.195.7;27.9517;-82.4588
63.146.195.8;63.146.195.255;40.7128;-74.006
63.146.196.0;63.146.196.255;37.3795;-122.011
63.146.197.0;63.146.197.255;40.7128;-74.006
63.146.198.0;63.146.198.255;37.3688;-122.036
63.146.199.0;63.146.199.255;37.972;-122.043
63.146.200.0;63.146.200.255;33.8475;-84.3669
63.146.201.0;63.146.201.255;38.8349;-104.807
63.146.202.0;63.146.202.255;41.5868;-93.625
63.146.203.0;63.146.203.255;44.9499;-92.8721
63.146.204.0;63.146.204.255;45.666;-122.561
63.146.205.0;63.146.205.255;33.8267;-116.406
63.146.206.0;63.146.206.255;43.6135;-116.203
63.146.207.0;63.146.207.255;33.8475;-84.3669
63.146.208.0;63.146.208.255;25.7705;-80.1895
63.146.209.0;63.146.209.255;46.7115;-122.988
63.146.210.0;63.146.210.255;40.7128;-74.006
63.146.211.0;63.146.211.255;40.2264;-74.0818
63.146.212.0;63.146.212.255;47.583;-122.134
63.146.213.0;63.146.213.255;40.7964;-74.2586
63.146.214.0;63.146.214.255;25.7705;-80.1895
63.146.215.0;63.146.215.255;35.0672;-106.501
63.146.216.0;63.146.217.255;25.7705;-80.1895
63.146.218.0;63.146.218.255;47.2069;-122.507
63.146.219.0;63.146.219.255;36.0722;-115.069
63.146.220.0;63.146.220.255;41.9795;-91.6634
63.146.221.0;63.146.221.255;37.1175;-113.52
63.146.222.0;63.146.228.255;40.7128;-74.006
63.146.229.0;63.146.229.255;41.4776;-72.7666
63.146.230.0;63.146.230.255;33.6221;-84.3691
63.146.231.0;63.146.231.255;34.8167;-92.2052
63.146.232.0;63.146.235.255;33.6221;-84.3691
63.146.236.0;63.146.236.255;40.7128;-74.006
63.146.237.0;63.146.237.255;39.7475;-104.99
63.146.238.0;63.146.238.255;40.7128;-74.006
63.146.239.0;63.146.239.255;44.4708;-88.0737
63.146.240.0;63.146.240.255;38.9072;-77.0369
63.146.241.0;63.146.241.255;40.7128;-74.006
63.146.242.0;63.146.242.255;39.0248;-77.4125
63.146.243.0;63.146.243.255;38.9072;-77.0369
63.146.244.0;63.146.244.255;39.1902;-76.7285
63.146.245.0;63.146.245.255;38.8939;-77.0324
63.146.246.0;63.146.246.255;43.6058;-116.383
63.146.247.0;63.146.247.255;42.3827;-85.9577
63.146.248.0;63.146.249.31;37.3628;-79.2101
63.146.249.32;63.146.249.255;39.0894;-94.5752
63.146.250.0;63.146.250.215;28.3298;-81.5157
63.146.250.216;63.146.251.255;37.3628;-79.2101
63.146.252.0;63.146.252.255;38.9072;-77.0369
63.146.253.0;63.146.253.255;39.141;-77.2236
63.146.254.0;63.147.1.255;40.7128;-74.006
63.147.2.0;63.147.3.255;40.7357;-74.1724
63.147.4.0;63.147.4.255;40.0238;-74.1457
63.147.5.0;63.147.5.255;40.7128;-74.006
63.147.6.0;63.147.6.255;46.9361;-114.116
63.147.7.0;63.147.7.255;40.7357;-74.1724
63.147.8.0;63.147.9.255;40.7128;-74.006
63.147.10.0;63.147.10.255;33.9633;-84.1142
63.147.11.0;63.147.11.255;33.7488;-84.3877
63.147.12.0;63.147.12.255;30.7054;-88.2255
63.147.13.0;63.147.13.255;32.9959;-96.7072
63.147.14.0;63.147.15.255;40.7128;-74.006
63.147.16.0;63.147.16.255;39.7475;-104.99
63.147.17.0;63.147.17.255;40.7128;-74.006
63.147.18.0;63.147.18.255;34.0762;-117.816
63.147.19.0;63.147.19.255;32.7142;-117.16
63.147.20.0;63.147.21.63;40.7128;-74.006
63.147.21.64;63.147.21.255;32.8938;-117.243
63.147.22.0;63.147.22.255;34.144;-118.702
63.147.23.0;63.147.23.255;36.254;-115.295
63.147.24.0;63.147.24.255;40.7128;-74.006
63.147.25.0;63.147.27.255;37.771;-122.404
63.147.28.0;63.147.28.255;34.1808;-118.309
63.147.29.0;63.147.29.255;37.165;-93.435
63.147.30.0;63.147.30.255;39.8533;-82.9276
63.147.31.0;63.147.31.255;35.8308;-78.7811
63.147.32.0;63.147.32.255;34.277;-119.252
63.147.33.0;63.147.33.255;41.8853;-87.6548
63.147.34.0;63.147.34.255;34.061;-118.417
63.147.35.0;63.147.35.255;40.7128;-74.006
63.147.36.0;63.147.36.255;34.1808;-118.309
63.147.37.0;63.147.37.255;35.8308;-78.7811
63.147.38.0;63.147.38.127;38.9443;-77.334
63.147.38.128;63.147.39.255;34.1808;-118.309
63.147.40.0;63.147.41.255;43.5196;-114.315
63.147.42.0;63.147.42.255;32.6873;-114.59
63.147.43.0;63.147.43.255;33.5878;-112.1
63.147.44.0;63.147.45.255;32.6873;-114.59
63.147.46.0;63.147.46.255;33.4484;-112.074
63.147.47.0;63.147.47.255;32.6873;-114.59
63.147.48.0;63.147.51.255;41.0793;-85.1394
63.147.52.0;63.147.52.255;40.3806;-75.9811
63.147.53.0;63.147.53.255;27.966;-82.7985
63.147.54.0;63.147.54.255;40.7128;-74.006
63.147.55.0;63.147.55.255;39.9526;-75.1652
63.147.56.0;63.147.57.255;37.5388;-120.895
63.147.58.0;63.147.59.15;40.7128;-74.006
63.147.59.16;63.147.59.255;40.0784;-83.1381
63.147.60.0;63.147.61.255;33.8608;-118.033
63.147.62.0;63.147.62.255;45.5172;-122.676
63.147.63.0;63.147.63.255;40.7128;-74.006
63.147.64.0;63.147.67.255;39.7408;-104.988
63.147.68.0;63.147.68.255;38.8946;-77.021
63.147.69.0;63.147.69.255;45.4222;-122.582
63.147.70.0;63.147.70.255;47.6062;-122.332
63.147.71.0;63.147.71.255;39.7684;-86.1581
63.147.72.0;63.147.72.255;40.7128;-74.006
63.147.73.0;63.147.73.255;39.7684;-86.1581
63.147.74.0;63.147.74.255;34.0549;-118.243
63.147.75.0;63.147.75.255;33.6221;-84.3691
63.147.76.0;63.147.77.63;40.7128;-74.006
63.147.77.64;63.147.77.239;42.3654;-71.0879
63.147.77.240;63.147.78.255;40.7128;-74.006
63.147.79.0;63.147.79.255;42.3644;-71.0891
63.147.80.0;63.147.80.255;40.7128;-74.006
63.147.81.0;63.147.81.255;40.7368;-74.1734
63.147.82.0;63.147.82.255;41.1328;-81.6214
63.147.83.0;63.147.83.255;34.0409;-118.114
63.147.84.0;63.147.84.255;47.4311;-122.252
63.147.85.0;63.147.85.255;35.6784;139.769
63.147.86.0;63.147.86.255;31.1363;-97.7797
63.147.87.0;63.147.87.255;35.9671;-78.5428
63.147.88.0;63.147.91.255;33.9471;-118.383
63.147.92.0;63.147.95.255;38.2527;-85.7585
63.147.96.0;63.147.103.255;42.4986;-92.3363
63.147.104.0;63.147.107.255;36.1588;-95.9886
63.147.108.0;63.147.111.255;38.9586;-77.357
63.147.112.0;63.147.112.255;40.7128;-74.006
63.147.113.0;63.147.113.255;36.068;-115.142
63.147.114.0;63.147.115.39;40.7128;-74.006
63.147.115.40;63.147.115.255;33.2563;-116.377
63.147.116.0;63.147.119.167;40.7128;-74.006
63.147.119.168;63.147.119.255;32.744;-97.0703
63.147.120.0;63.147.121.255;37.3688;-122.036
63.147.122.0;63.147.122.255;36.0714;-115.279
63.147.123.0;63.147.123.255;26.0594;-80.1615
63.147.124.0;63.147.128.255;40.7128;-74.006
63.147.129.0;63.147.129.255;41.6005;-93.6091
63.147.130.0;63.147.131.39;40.7128;-74.006
63.147.131.40;63.147.131.247;46.8676;-96.7896
63.147.131.248;63.147.134.239;40.7128;-74.006
63.147.134.240;63.147.134.255;40.7685;-111.903
63.147.135.0;63.147.135.255;39.4751;-118.778
63.147.136.0;63.147.136.255;43.026;-88.1943
63.147.137.0;63.147.137.255;30.3322;-81.6556
63.147.138.0;63.147.138.255;40.4406;-79.9959
63.147.139.0;63.147.139.255;40.7128;-74.006
63.147.140.0;63.147.140.255;39.7398;-104.835
63.147.141.0;63.147.143.255;40.7128;-74.006
63.147.144.0;63.147.144.255;39.9325;-105.131
63.147.145.0;63.147.145.255;40.7128;-74.006
63.147.146.0;63.147.146.255;39.998;-105.086
63.147.147.0;63.147.147.255;39.7531;-104.781
63.147.148.0;63.147.148.255;35.2378;-106.607
63.147.149.0;63.147.149.255;39.7442;-105.155
63.147.150.0;63.147.151.191;40.7128;-74.006
63.147.151.192;63.147.151.255;31.1363;-97.7797
63.147.152.0;63.147.157.255;40.7128;-74.006
63.147.158.0;63.147.158.255;27.7709;-82.7284
63.147.159.0;63.147.159.255;40.7128;-74.006
63.147.160.0;63.147.160.255;28.8133;-81.682
63.147.161.0;63.147.162.63;39.8535;-86.0158
63.147.162.64;63.147.162.255;32.8279;-117.13
63.147.163.0;63.147.163.255;29.4841;-98.541
63.147.164.0;63.147.164.255;40.7128;-74.006
63.147.165.0;63.147.165.255;44.9778;-93.265
63.147.166.0;63.147.166.255;39.7046;-104.817
63.147.167.0;63.147.168.255;40.7128;-74.006
63.147.169.0;63.147.169.255;37.972;-122.043
63.147.170.0;63.147.170.15;34.0072;-118.146
63.147.170.16;63.147.174.255;40.7128;-74.006
63.147.175.0;63.147.175.255;41.0648;-86.2158
63.147.176.0;63.147.183.255;39.0452;-77.0993
63.147.184.0;63.147.185.255;33.0023;-97.0007
63.147.186.0;63.147.186.255;40.7128;-74.006
63.147.187.0;63.147.187.255;39.7475;-104.99
63.147.188.0;63.147.188.255;41.2079;-96.0972
63.147.189.0;63.147.189.255;40.7128;-74.006
63.147.190.0;63.147.190.255;43.4964;-96.7883
63.147.191.0;63.147.191.255;41.2147;-96.0617
63.147.192.0;63.147.192.255;38.9595;-77.3746
63.147.193.0;63.147.193.255;41.4273;-81.5007
63.147.194.0;63.147.194.255;42.0541;-87.6766
63.147.195.0;63.147.195.255;39.0997;-94.5786
63.147.196.0;63.147.196.255;38.8817;-77.1123
63.147.197.0;63.147.197.255;40.7128;-74.006
63.147.198.0;63.147.198.255;39.0446;-77.0993
63.147.199.0;63.147.199.255;40.7128;-74.006
63.147.200.0;63.147.202.255;47.4748;-122.273
63.147.203.0;63.147.204.11;40.7128;-74.006
63.147.204.12;63.147.204.255;31.1363;-97.7797
63.147.205.0;63.147.205.255;34.0549;-118.243
63.147.206.0;63.147.206.255;47.49;-122.272
63.147.207.0;63.147.207.255;37.3989;-121.986
63.147.208.0;63.147.215.255;37.9887;-84.46
63.147.216.0;63.147.216.255;39.9907;-75.4098
63.147.217.0;63.147.217.255;40.7128;-74.006
63.147.218.0;63.147.218.255;26.6406;-81.8723
63.147.219.0;63.147.220.255;39.7475;-104.99
63.147.221.0;63.147.222.63;40.7128;-74.006
63.147.222.64;63.147.222.135;44.9778;-93.265
63.147.222.136;63.147.224.7;40.7128;-74.006
63.147.224.8;63.147.224.255;33.4484;-112.074
63.147.225.0;63.147.225.255;29.7604;-95.3698
63.147.226.0;63.147.226.255;29.8541;-95.4899
63.147.227.0;63.147.227.255;29.5784;-98.3157
63.147.228.0;63.147.229.31;40.7128;-74.006
63.147.229.32;63.147.229.255;33.944;-78.0558
63.147.230.0;63.147.231.255;40.7128;-74.006
63.147.232.0;63.147.232.255;40.6337;-74.4074
63.147.233.0;63.147.233.255;40.6809;-74.4311
63.147.234.0;63.147.235.255;40.7128;-74.006
63.147.236.0;63.147.236.255;40.3328;-74.4833
63.147.237.0;63.147.237.255;40.7778;-74.0759
63.147.238.0;63.147.238.127;39.7475;-104.99
63.147.238.128;63.147.239.255;40.7128;-74.006
63.147.240.0;63.147.241.255;32.7991;-97.3219
63.147.242.0;63.147.242.79;35.998;-115.124
63.147.242.80;63.147.243.255;32.7991;-97.3219
63.147.244.0;63.147.244.255;33.9809;-81.1429
63.147.245.0;63.147.245.255;35.9382;-77.7905
63.147.246.0;63.147.247.255;32.7991;-97.3219
63.147.248.0;63.147.248.255;40.7128;-74.006
63.147.249.0;63.147.250.255;27.966;-82.7985
63.147.251.0;63.147.251.255;33.6892;-117.828
63.147.252.0;63.147.252.255;33.5073;-112.082
63.147.253.0;63.147.253.223;39.077;-84.1769
63.147.253.224;63.147.254.255;33.4484;-112.074
63.147.255.0;63.147.255.255;40.0469;-82.4523
63.148.0.0;63.148.1.255;40.7128;-74.006
63.148.2.0;63.148.2.255;45.0057;-93.3731
63.148.3.0;63.148.3.255;40.7829;-89.6233
63.148.4.0;63.148.4.255;40.9228;-72.7094
63.148.5.0;63.148.5.255;40.7177;-74.0083
63.148.6.0;63.148.6.255;40.7527;-73.9772
63.148.7.0;63.148.7.255;31.3801;-110.942
63.148.8.0;63.148.8.255;41.3819;-72.9012
63.148.9.0;63.148.9.255;29.7604;-95.3698
63.148.10.0;63.148.10.255;40.7128;-74.006
63.148.11.0;63.148.11.255;37.6564;-77.5781
63.148.12.0;63.148.12.255;40.8156;-73.2737
63.148.13.0;63.148.13.255;40.6782;-73.7258
63.148.14.0;63.148.15.255;41.8042;-72.5088
63.148.16.0;63.148.16.255;40.7128;-74.006
63.148.17.0;63.148.17.63;42.9574;-76.9139
63.148.17.64;63.148.20.159;40.7128;-74.006
63.148.20.160;63.148.20.255;42.6815;-73.766
63.148.21.0;63.148.24.7;40.7128;-74.006
63.148.24.8;63.148.24.255;36.1412;-115.173
63.148.25.0;63.148.25.255;47.4748;-122.273
63.148.26.0;63.148.32.255;40.7128;-74.006
63.148.33.0;63.148.33.255;41.0572;-74.056
63.148.34.0;63.148.34.255;33.6221;-84.3691
63.148.35.0;63.148.35.255;45.5596;-94.161
63.148.36.0;63.148.36.223;34.2113;-118.482
63.148.36.224;63.148.38.31;40.7128;-74.006
63.148.38.32;63.148.38.255;40.7398;-73.6074
63.148.39.0;63.148.39.255;39.7475;-104.99
63.148.40.0;63.148.40.255;41.0648;-86.2158
63.148.41.0;63.148.41.255;44.9425;-93.0988
63.148.42.0;63.148.42.255;40.7128;-74.006
63.148.43.0;63.148.43.255;39.7475;-104.99
63.148.44.0;63.148.45.127;40.7128;-74.006
63.148.45.128;63.148.45.255;41.4712;-81.4962
63.148.46.0;63.148.46.255;41.8796;-87.6304
63.148.47.0;63.148.47.255;40.7128;-74.006
63.148.48.0;63.148.48.39;63.9538;-145.742
63.148.48.40;63.148.49.255;40.7128;-74.006
63.148.50.0;63.148.50.255;33.906;-84.4594
63.148.51.0;63.148.51.255;35.9382;-77.7905
63.148.52.0;63.148.52.255;40.7128;-74.006
63.148.53.0;63.148.53.255;41.1806;-80.4443
63.148.54.0;63.148.54.255;40.8129;-73.1926
63.148.55.0;63.148.55.255;41.8781;-87.6298
63.148.56.0;63.148.56.255;40.7128;-74.006
63.148.57.0;63.148.57.255;39.7475;-104.99
63.148.58.0;63.148.59.255;40.7128;-74.006
63.148.60.0;63.148.60.255;40.7621;-73.9846
63.148.61.0;63.148.61.255;40.7128;-74.006
63.148.62.0;63.148.62.255;25.7617;-80.1918
63.148.63.0;63.148.63.255;40.7128;-74.006
63.148.64.0;63.148.65.255;38.9586;-77.357
63.148.66.0;63.148.66.255;40.7128;-74.006
63.148.67.0;63.148.67.255;38.9586;-77.357
63.148.68.0;63.148.71.143;40.7128;-74.006
63.148.71.144;63.148.71.151;47.9769;-122.214
63.148.71.152;63.148.72.255;40.7128;-74.006
63.148.73.0;63.148.73.255;32.7767;-96.797
63.148.74.0;63.148.76.63;40.7128;-74.006
63.148.76.64;63.148.76.223;37.6589;-77.5758
63.148.76.224;63.148.78.255;40.7128;-74.006
63.148.79.0;63.148.79.255;41.8042;-72.5088
63.148.80.0;63.148.80.255;40.7128;-74.006
63.148.81.0;63.148.81.255;38.9586;-77.357
63.148.82.0;63.148.82.255;38.9072;-77.0369
63.148.83.0;63.148.83.255;39.1734;-76.7229
63.148.84.0;63.148.87.255;40.7128;-74.006
63.148.88.0;63.148.88.255;37.2304;-77.4775
63.148.89.0;63.148.89.255;35.7736;-78.6777
63.148.90.0;63.148.90.255;40.7128;-74.006
63.148.91.0;63.148.91.255;44.9778;-93.265
63.148.92.0;63.148.92.255;45.0602;-93.4042
63.148.93.0;63.148.93.255;37.3479;-76.7307
63.148.94.0;63.148.96.255;40.7128;-74.006
63.148.97.0;63.148.98.255;40.0968;-83.1306
63.148.99.0;63.148.99.255;37.5277;-122.262
63.148.100.0;63.148.101.63;40.7128;-74.006
63.148.101.64;63.148.101.191;37.8394;-122.299
63.148.101.192;63.148.102.255;40.7128;-74.006
63.148.103.0;63.148.103.255;41.8781;-87.6298
63.148.104.0;63.148.104.255;39.9526;-75.1652
63.148.105.0;63.148.105.255;34.0549;-118.243
63.148.106.0;63.148.106.255;40.7128;-74.006
63.148.107.0;63.148.107.255;40.7415;-73.9999
63.148.108.0;63.148.108.255;39.7475;-104.99
63.148.109.0;63.148.109.255;40.7128;-74.006
63.148.110.0;63.148.110.255;38.9586;-77.357
63.148.111.0;63.148.111.255;43.5525;-116.154
63.148.112.0;63.148.113.255;41.8781;-87.6298
63.148.114.0;63.148.114.255;43.1208;-88.1233
63.148.115.0;63.148.115.255;41.6363;-91.4957
63.148.116.0;63.148.117.255;40.7128;-74.006
63.148.118.0;63.148.118.255;41.1328;-81.6214
63.148.119.0;63.148.119.255;41.5868;-93.625
63.148.120.0;63.148.121.255;40.7128;-74.006
63.148.122.0;63.148.122.255;38.2785;-85.5088
63.148.123.0;63.148.123.255;40.7128;-74.006
63.148.124.0;63.148.124.255;39.7475;-104.99
63.148.125.0;63.148.126.15;40.7128;-74.006
63.148.126.16;63.148.126.255;34.262;-92.0625
63.148.127.0;63.148.127.191;41.9269;-88.0882
63.148.127.192;63.148.130.255;40.7128;-74.006
63.148.131.0;63.148.131.255;39.2843;-106.87
63.148.132.0;63.148.132.255;40.7128;-74.006
63.148.133.0;63.148.133.255;35.0141;-89.906
63.148.134.0;63.148.134.255;41.5868;-93.625
63.148.135.0;63.148.135.255;35.2271;-80.8431
63.148.136.0;63.148.136.255;36.2015;-76.4508
63.148.137.0;63.148.137.255;35.9382;-77.7905
63.148.138.0;63.148.138.255;39.7475;-104.99
63.148.139.0;63.148.139.255;36.0692;-79.9512
63.148.140.0;63.148.140.255;33.7455;-117.868
63.148.141.0;63.148.141.255;33.6143;-84.5003
63.148.142.0;63.148.142.255;34.9477;-88.4967
63.148.143.0;63.148.143.255;39.7392;-104.99
63.148.144.0;63.148.144.255;40.0976;-75.0098
63.148.145.0;63.148.145.255;34.2388;-77.9509
63.148.146.0;63.148.146.255;38.9478;-94.7521
63.148.147.0;63.148.148.15;40.7128;-74.006
63.148.148.16;63.148.148.255;35.1343;-85.2449
63.148.149.0;63.148.149.255;33.4484;-112.074
63.148.150.0;63.148.150.255;32.9959;-96.7072
63.148.151.0;63.148.151.255;42.033;-87.826
63.148.152.0;63.148.153.15;40.7128;-74.006
63.148.153.16;63.148.153.255;43.8141;-91.2547
63.148.154.0;63.148.154.255;36.1011;-86.7544
63.148.155.0;63.148.155.255;33.6333;-85.5889
63.148.156.0;63.148.156.255;35.8826;-81.0922
63.148.157.0;63.148.157.255;38.1896;-84.8459
63.148.158.0;63.148.159.255;40.7128;-74.006
63.148.160.0;63.148.161.255;33.7488;-84.3877
63.148.162.0;63.148.162.255;35.9382;-77.7905
63.148.163.0;63.148.163.255;35.1873;-78.2132
63.148.164.0;63.148.164.255;30.4106;-87.2176
63.148.165.0;63.148.165.255;32.3309;-90.1346
63.148.166.0;63.148.166.255;35.1713;-80.8075
63.148.167.0;63.148.167.255;33.9671;-84.2258
63.148.168.0;63.148.168.255;41.8781;-87.6298
63.148.169.0;63.148.169.255;35.9226;-84.0871
63.148.170.0;63.148.171.255;38.9443;-77.334
63.148.172.0;63.148.172.255;40.7128;-74.006
63.148.173.0;63.148.173.255;39.7565;-105.22
63.148.174.0;63.148.174.255;33.9426;-91.8436
63.148.175.0;63.148.175.255;34.8046;-77.411
63.148.176.0;63.148.177.255;40.7128;-74.006
63.148.178.0;63.148.178.255;40.6237;-111.909
63.148.179.0;63.148.179.255;32.9159;-96.7731
63.148.180.0;63.148.180.255;40.305;-111.701
63.148.181.0;63.148.181.255;40.7608;-111.891
63.148.182.0;63.148.182.255;40.0888;-83.1427
63.148.183.0;63.148.183.255;40.7608;-111.891
63.148.184.0;63.148.184.15;32.9959;-96.7072
63.148.184.16;63.148.185.255;40.7128;-74.006
63.148.186.0;63.148.186.255;35.6731;-88.7874
63.148.187.0;63.148.187.255;40.7128;-74.006
63.148.188.0;63.148.188.255;33.9671;-84.1174
63.148.189.0;63.148.189.255;34.2458;-85.1777
63.148.190.0;63.148.190.255;32.7854;-96.7963
63.148.191.0;63.148.191.255;41.8823;-87.6404
63.148.192.0;63.148.194.255;40.7128;-74.006
63.148.195.0;63.148.195.255;31.1363;-97.7797
63.148.196.0;63.148.196.255;40.7128;-74.006
63.148.197.0;63.148.197.255;28.3287;-81.4209
63.148.198.0;63.148.199.255;40.7128;-74.006
63.148.200.0;63.148.200.255;37.6814;-121.767
63.148.201.0;63.148.201.255;39.7475;-104.99
63.148.202.0;63.148.202.255;40.7128;-74.006
63.148.203.0;63.148.203.255;30.4481;-86.6262
63.148.204.0;63.148.204.255;39.0919;-108.449
63.148.205.0;63.148.205.255;28.3769;-81.5013
63.148.206.0;63.148.207.255;42.3654;-71.0879
63.148.208.0;63.148.208.255;32.8236;-97.1123
63.148.209.0;63.148.209.255;26.0611;-81.6943
63.148.210.0;63.148.210.255;33.7442;-84.5812
63.148.211.0;63.148.211.255;40.7128;-74.006
63.148.212.0;63.148.212.255;33.4162;-110.826
63.148.213.0;63.148.213.255;27.7297;-82.7438
63.148.214.0;63.148.214.255;47.658;-117.424
63.148.215.0;63.148.215.255;27.8988;-81.469
63.148.216.0;63.148.216.255;34.018;-118.404
63.148.217.0;63.148.217.255;26.6139;-81.8666
63.148.218.0;63.148.218.255;33.4484;-112.074
63.148.219.0;63.148.219.255;36.254;-115.295
63.148.220.0;63.148.220.255;27.9443;-82.5255
63.148.221.0;63.148.221.255;39.2881;-84.318
63.148.222.0;63.148.222.255;39.7702;-104.865
63.148.223.0;63.148.223.255;29.2069;-82.0903
63.148.224.0;63.148.231.255;40.7558;-73.9398
63.148.232.0;63.148.232.255;39.7475;-104.99
63.148.233.0;63.148.234.47;40.7128;-74.006
63.148.234.48;63.148.234.255;28.8005;-81.7358
63.148.235.0;63.148.239.31;40.7128;-74.006
63.148.239.32;63.148.239.255;30.4724;-84.2887
63.148.240.0;63.148.240.255;40.7128;-74.006
63.148.241.0;63.148.241.255;39.9526;-75.1652
63.148.242.0;63.148.243.31;40.7128;-74.006
63.148.243.32;63.148.243.255;27.9517;-82.4588
63.148.244.0;63.148.244.255;25.7917;-80.3204
63.148.245.0;63.148.245.255;41.8781;-87.6298
63.148.246.0;63.148.246.255;39.0997;-94.5786
63.148.247.0;63.148.247.255;39.7684;-86.1581
63.148.248.0;63.148.248.247;40.4406;-79.9959
63.148.248.248;63.148.250.255;40.7128;-74.006
63.148.251.0;63.148.251.255;41.0498;-74.1212
63.148.252.0;63.148.252.255;40.762;-74.0005
63.148.253.0;63.148.254.255;40.7128;-74.006
63.148.255.0;63.148.255.255;42.4055;-71.0751
63.149.0.0;63.149.3.255;41.8781;-87.6298
63.149.4.0;63.149.5.11;40.7128;-74.006
63.149.5.12;63.149.5.255;32.461;-84.9877
63.149.6.0;63.149.6.255;44.9777;-93.2671
63.149.7.0;63.149.7.255;41.594;-93.7669
63.149.8.0;63.149.11.255;40.7128;-74.006
63.149.12.0;63.149.12.255;44.9482;-93.1177
63.149.13.0;63.149.13.255;41.8781;-87.6298
63.149.14.0;63.149.14.255;34.1885;-118.466
63.149.15.0;63.149.15.255;38.9276;-92.365
63.149.16.0;63.149.16.255;40.7128;-74.006
63.149.17.0;63.149.17.255;40.9242;-90.4021
63.149.18.0;63.149.18.255;39.0067;-77.4291
63.149.19.0;63.149.19.255;36.6121;-88.301
63.149.20.0;63.149.20.255;40.7128;-74.006
63.149.21.0;63.149.21.255;42.4566;-92.3504
63.149.22.0;63.149.24.31;40.7128;-74.006
63.149.24.32;63.149.24.255;42.6651;-77.0515
63.149.25.0;63.149.25.255;42.4859;-83.2224
63.149.26.0;63.149.26.255;47.6402;-122.399
63.149.27.0;63.149.27.255;41.2503;-81.7907
63.149.28.0;63.149.28.255;40.7128;-74.006
63.149.29.0;63.149.29.255;33.4789;-112.041
63.149.30.0;63.149.30.255;42.3644;-71.0891
63.149.31.0;63.149.31.255;32.3405;-110.966
63.149.32.0;63.149.32.255;42.1016;-87.8231
63.149.33.0;63.149.33.255;41.9871;-88.0001
63.149.34.0;63.149.34.255;41.8781;-87.6298
63.149.35.0;63.149.39.255;40.7128;-74.006
63.149.40.0;63.149.40.255;42.8864;-78.8784
63.149.41.0;63.149.41.251;35.9382;-77.7905
63.149.41.252;63.149.46.255;40.7128;-74.006
63.149.47.0;63.149.47.255;39.2634;-103.677
63.149.48.0;63.149.49.255;31.0464;-93.2065
63.149.50.0;63.149.54.215;40.7128;-74.006
63.149.54.216;63.149.54.223;40.4723;-88.9956
63.149.54.224;63.149.56.255;40.7128;-74.006
63.149.57.0;63.149.57.255;40.332;-111.731
63.149.58.0;63.149.59.255;40.7128;-74.006
63.149.60.0;63.149.61.255;39.0067;-77.4291
63.149.62.0;63.149.66.255;40.7128;-74.006
63.149.67.0;63.149.67.255;42.3539;-71.1055
63.149.68.0;63.149.68.255;40.7128;-74.006
63.149.69.0;63.149.69.255;42.4849;-71.5357
63.149.70.0;63.149.70.255;42.3677;-71.053
63.149.71.0;63.149.71.255;42.3693;-71.0878
63.149.72.0;63.149.72.255;41.8781;-87.6298
63.149.73.0;63.149.73.255;42.1537;-87.8432
63.149.74.0;63.149.74.255;42.9044;-85.6514
63.149.75.0;63.149.76.255;39.7475;-104.99
63.149.77.0;63.149.77.255;36.0307;-75.676
63.149.78.0;63.149.78.255;47.4748;-122.273
63.149.79.0;63.149.79.255;41.14;-104.82
63.149.80.0;63.149.82.255;40.7128;-74.006
63.149.83.0;63.149.83.255;37.5277;-122.262
63.149.84.0;63.149.84.255;43.1348;-76.1299
63.149.85.0;63.149.86.255;40.7128;-74.006
63.149.87.0;63.149.87.255;40.7565;-73.9869
63.149.88.0;63.149.88.255;41.1317;-104.816
63.149.89.0;63.149.92.55;40.7128;-74.006
63.149.92.56;63.149.92.255;42.7188;-73.833
63.149.93.0;63.149.93.255;39.1002;-84.5089
63.149.94.0;63.149.95.255;40.7128;-74.006
63.149.96.0;63.149.98.255;31.1363;-97.7797
63.149.99.0;63.149.99.255;39.9235;-105.117
63.149.100.0;63.149.100.255;39.0466;-108.573
63.149.101.0;63.149.101.255;39.6123;-104.893
63.149.102.0;63.149.102.255;40.3404;-105.566
63.149.103.0;63.149.103.255;32.1274;-110.93
63.149.104.0;63.149.105.255;38.8382;-104.461
63.149.106.0;63.149.106.255;34.1808;-118.309
63.149.107.0;63.149.107.255;31.1363;-97.7797
63.149.108.0;63.149.108.255;39.7413;-104.987
63.149.109.0;63.149.109.255;47.4748;-122.273
63.149.110.0;63.149.111.15;40.7128;-74.006
63.149.111.16;63.149.111.255;39.7677;-104.899
63.149.112.0;63.149.112.255;40.486;-106.834
63.149.113.0;63.149.113.255;33.4484;-112.074
63.149.114.0;63.149.114.255;40.7128;-74.006
63.149.115.0;63.149.115.255;31.1363;-97.7797
63.149.116.0;63.149.116.255;40.7128;-74.006
63.149.117.0;63.149.117.255;40.774;-111.903
63.149.118.0;63.149.118.255;40.7128;-74.006
63.149.119.0;63.149.119.255;38.8339;-104.821
63.149.120.0;63.149.121.15;40.7128;-74.006
63.149.121.16;63.149.121.255;40.0796;-105.19
63.149.122.0;63.149.122.255;40.0098;-105.242
63.149.123.0;63.149.123.255;40.7128;-74.006
63.149.124.0;63.149.124.255;42.4958;-71.1934
63.149.125.0;63.149.125.255;32.8776;-111.754
63.149.126.0;63.149.126.255;39.1065;-104.862
63.149.127.0;63.149.127.255;39.9147;-105.108
63.149.128.0;63.149.128.255;29.7604;-95.3698
63.149.129.0;63.149.131.31;40.7128;-74.006
63.149.131.32;63.149.131.255;33.6143;-84.5003
63.149.132.0;63.149.133.255;40.7128;-74.006
63.149.134.0;63.149.134.255;30.3276;-90.981
63.149.135.0;63.149.135.255;39.7475;-104.99
63.149.136.0;63.149.136.255;40.7128;-74.006
63.149.137.0;63.149.137.79;33.4816;-112.256
63.149.137.80;63.149.139.255;40.7128;-74.006
63.149.140.0;63.149.140.255;30.0856;-94.1232
63.149.141.0;63.149.141.255;39.7475;-104.99
63.149.142.0;63.149.142.255;25.9017;-97.4975
63.149.143.0;63.149.143.255;32.9774;-96.7213
63.149.144.0;63.149.144.255;30.3752;-97.6838
63.149.145.0;63.149.145.255;29.4252;-98.4946
63.149.146.0;63.149.146.255;40.7128;-74.006
63.149.147.0;63.149.147.255;29.8742;-95.5456
63.149.148.0;63.149.148.127;27.7903;-97.6689
63.149.148.128;63.149.149.255;40.7128;-74.006
63.149.150.0;63.149.150.255;36.1219;-115.156
63.149.151.0;63.149.152.255;40.7128;-74.006
63.149.153.0;63.149.153.255;30.0508;-95.231
63.149.154.0;63.149.154.255;29.7277;-95.4455
63.149.155.0;63.149.156.255;40.7128;-74.006
63.149.157.0;63.149.157.255;29.7605;-95.1768
63.149.158.0;63.149.158.255;40.7128;-74.006
63.149.159.0;63.149.159.255;39.1792;-77.2469
63.149.160.0;63.149.164.31;40.7128;-74.006
63.149.164.32;63.149.164.255;32.9179;-97.0032
63.149.165.0;63.149.165.255;32.5632;-97.1417
63.149.166.0;63.149.166.255;29.7889;-95.2679
63.149.167.0;63.149.167.255;32.7501;-96.8235
63.149.168.0;63.149.168.223;35.8308;-78.7811
63.149.168.224;63.149.169.255;40.7128;-74.006
63.149.170.0;63.149.170.255;32.3036;-106.781
63.149.171.0;63.149.171.255;32.7501;-96.8235
63.149.172.0;63.149.173.39;32.7767;-96.797
63.149.173.40;63.149.173.255;33.6643;-117.86
63.149.174.0;63.149.174.255;29.5183;-98.4887
63.149.175.0;63.149.175.255;32.7767;-96.797
63.149.176.0;63.149.176.255;30.439;-84.2665
63.149.177.0;63.149.177.255;39.0164;-77.4615
63.149.178.0;63.149.178.255;47.4748;-122.273
63.149.179.0;63.149.179.255;41.5867;-93.6245
63.149.180.0;63.149.180.255;27.966;-82.7985
63.149.181.0;63.149.181.255;32.7501;-96.8235
63.149.182.0;63.149.182.255;40.7128;-74.006
63.149.183.0;63.149.183.255;36.1506;-95.9917
63.149.184.0;63.149.185.7;40.7128;-74.006
63.149.185.8;63.149.185.255;32.702;-97.0563
63.149.186.0;63.149.186.255;33.4167;-111.71
63.149.187.0;63.149.187.255;32.7767;-96.797
63.149.188.0;63.149.188.255;42.5728;-71.413
63.149.189.0;63.149.189.255;40.7128;-74.006
63.149.190.0;63.149.190.255;32.9876;-96.8017
63.149.191.0;63.149.191.255;40.7128;-74.006
63.149.192.0;63.149.192.255;36.1699;-115.14
63.149.193.0;63.149.193.255;36.0962;-115.189
63.149.194.0;63.149.194.255;36.1699;-115.14
63.149.195.0;63.149.195.255;41.8796;-87.6304
63.149.196.0;63.149.196.255;36.0872;-115.188
63.149.197.0;63.149.197.255;33.6697;-117.862
63.149.198.0;63.149.199.7;40.7128;-74.006
63.149.199.8;63.149.199.255;42.2444;-71.0257
63.149.200.0;63.149.201.255;27.9517;-82.4588
63.149.202.0;63.149.202.247;33.1366;-117.291
63.149.202.248;63.149.203.255;27.9517;-82.4588
63.149.204.0;63.149.204.255;34.0479;-118.255
63.149.205.0;63.149.207.255;36.1699;-115.14
63.149.208.0;63.149.208.255;33.917;-118.395
63.149.209.0;63.149.209.255;37.1127;-113.565
63.149.210.0;63.149.210.255;39.7475;-104.99
63.149.211.0;63.149.211.255;32.8206;-97.0411
63.149.212.0;63.149.212.255;39.7475;-104.99
63.149.213.0;63.149.213.255;45.5152;-122.678
63.149.214.0;63.149.214.255;33.6835;-117.844
63.149.215.0;63.149.215.255;40.7128;-74.006
63.149.216.0;63.149.219.127;47.658;-117.424
63.149.219.128;63.149.219.255;42.9296;-85.567
63.149.220.0;63.149.220.255;47.6484;-117.418
63.149.221.0;63.149.221.255;40.7128;-74.006
63.149.222.0;63.149.222.255;47.6588;-117.426
63.149.223.0;63.149.223.255;47.6586;-117.243
63.149.224.0;63.149.226.255;40.7128;-74.006
63.149.227.0;63.149.227.255;27.966;-82.7985
63.149.228.0;63.149.228.255;34.1612;-118.833
63.149.229.0;63.149.229.255;34.195;-118.387
63.149.230.0;63.149.230.255;40.7128;-74.006
63.149.231.0;63.149.231.255;37.5899;-122.341
63.149.232.0;63.149.232.255;34.1012;-117.651
63.149.233.0;63.149.233.255;33.9549;-118.397
63.149.234.0;63.149.234.255;34.1269;-118.869
63.149.235.0;63.149.235.255;34.1468;-119.168
63.149.236.0;63.149.237.255;32.5093;-92.1193
63.149.238.0;63.149.238.255;33.3769;-112.134
63.149.239.0;63.149.239.255;33.6889;-117.879
63.149.240.0;63.149.241.31;34.0549;-118.243
63.149.241.32;63.149.241.255;33.6845;-117.87
63.149.242.0;63.149.242.255;35.8308;-78.7811
63.149.243.0;63.149.243.255;42.6651;-77.0515
63.149.244.0;63.149.245.15;40.7128;-74.006
63.149.245.16;63.149.245.255;33.5563;-117.717
63.149.246.0;63.149.246.255;37.697;-121.883
63.149.247.0;63.149.247.255;34.1808;-118.309
63.149.248.0;63.149.248.255;33.566;-117.671
63.149.249.0;63.149.249.255;33.6183;-117.879
63.149.250.0;63.149.250.255;33.9399;-117.397
63.149.251.0;63.149.251.119;39.7684;-86.1581
63.149.251.120;63.149.253.255;40.7128;-74.006
63.149.254.0;63.149.254.255;34.2566;-118.404
63.149.255.0;63.149.255.255;33.6143;-84.5003
63.150.0.0;63.150.3.255;40.7128;-74.006
63.150.4.0;63.150.4.255;28.0365;-82.4896
63.150.5.0;63.150.6.15;40.7128;-74.006
63.150.6.16;63.150.6.255;32.5891;-92.0664
63.150.7.0;63.150.7.255;41.0648;-86.2158
63.150.8.0;63.150.8.255;40.7128;-74.006
63.150.9.0;63.150.9.255;33.5312;-111.943
63.150.10.0;63.150.10.255;39.1981;-120.218
63.150.11.0;63.150.13.31;40.7128;-74.006
63.150.13.32;63.150.13.63;31.5529;-110.354
63.150.13.64;63.150.18.47;40.7128;-74.006
63.150.18.48;63.150.18.63;37.7734;-121.96
63.150.18.64;63.150.20.111;40.7128;-74.006
63.150.20.112;63.150.20.255;32.5093;-92.1193
63.150.21.0;63.150.21.255;42.3314;-83.0458
63.150.22.0;63.150.22.255;32.9959;-96.7072
63.150.23.0;63.150.23.255;41.8981;-87.6263
63.150.24.0;63.150.24.255;39.0997;-94.5786
63.150.25.0;63.150.25.255;40.7128;-74.006
63.150.26.0;63.150.27.255;39.0997;-94.5786
63.150.28.0;63.150.34.7;40.7128;-74.006
63.150.34.8;63.150.34.31;34.2007;-118.468
63.150.34.32;63.150.36.63;40.7128;-74.006
63.150.36.64;63.150.36.191;37.2674;-121.958
63.150.36.192;63.150.40.7;40.7128;-74.006
63.150.40.8;63.150.40.207;27.966;-82.7985
63.150.40.208;63.150.43.223;40.7128;-74.006
63.150.43.224;63.150.43.255;37.9592;-121.363
63.150.44.0;63.150.44.255;40.7128;-74.006
63.150.45.0;63.150.45.255;33.478;-112.074
63.150.46.0;63.150.46.255;37.3976;-121.981
63.150.47.0;63.150.47.255;40.7128;-74.006
63.150.48.0;63.150.48.255;37.3986;-121.981
63.150.49.0;63.150.50.255;37.3387;-121.885
63.150.51.0;63.150.51.255;39.8163;-85.9943
63.150.52.0;63.150.52.255;45.5172;-122.676
63.150.53.0;63.150.53.255;37.3387;-121.885
63.150.54.0;63.150.55.255;40.7128;-74.006
63.150.56.0;63.150.56.255;36.795;-119.865
63.150.57.0;63.150.58.255;40.7128;-74.006
63.150.59.0;63.150.59.255;38.1041;-122.257
63.150.60.0;63.150.65.31;40.7128;-74.006
63.150.65.32;63.150.65.63;47.6196;-122.351
63.150.65.64;63.150.70.255;40.7128;-74.006
63.150.71.0;63.150.71.255;47.4748;-122.273
63.150.72.0;63.150.72.255;40.7128;-74.006
63.150.73.0;63.150.73.255;33.6221;-84.3691
63.150.74.0;63.150.75.255;33.8501;-84.3641
63.150.76.0;63.150.78.87;40.7128;-74.006
63.150.78.88;63.150.78.95;28.2498;-81.2838
63.150.78.96;63.150.79.255;40.7128;-74.006
63.150.80.0;63.150.80.255;41.8781;-87.6298
63.150.81.0;63.150.81.255;33.6957;-112.069
63.150.82.0;63.150.82.255;41.8781;-87.6298
63.150.83.0;63.150.83.255;41.9164;-83.3977
63.150.84.0;63.150.85.255;40.7128;-74.006
63.150.86.0;63.150.86.255;31.1363;-97.7797
63.150.87.0;63.150.87.255;40.7128;-74.006
63.150.88.0;63.150.89.127;41.8781;-87.6298
63.150.89.128;63.150.89.215;40.6743;-89.6155
63.150.89.216;63.150.90.255;41.8781;-87.6298
63.150.91.0;63.150.95.255;40.7128;-74.006
63.150.96.0;63.150.98.167;37.3688;-122.036
63.150.98.168;63.150.98.215;37.3782;-121.955
63.150.98.216;63.150.99.255;37.3688;-122.036
63.150.100.0;63.150.103.255;38.9072;-77.0369
63.150.104.0;63.150.106.31;40.7128;-74.006
63.150.106.32;63.150.106.255;32.7509;-97.3314
63.150.107.0;63.150.107.159;45.1;-87.636
63.150.107.160;63.150.110.119;40.7128;-74.006
63.150.110.120;63.150.110.239;40.0658;-80.7215
63.150.110.240;63.150.114.63;40.7128;-74.006
63.150.114.64;63.150.114.71;34.0409;-118.114
63.150.114.72;63.150.117.39;40.7128;-74.006
63.150.117.40;63.150.117.207;25.9741;-80.2832
63.150.117.208;63.150.119.255;40.7128;-74.006
63.150.120.0;63.150.123.255;39.0997;-94.5786
63.150.124.0;63.150.127.15;40.7128;-74.006
63.150.127.16;63.150.127.255;29.9789;-95.5102
63.150.128.0;63.150.130.255;40.7128;-74.006
63.150.131.0;63.150.131.255;42.3644;-71.0891
63.150.132.0;63.150.133.255;32.9959;-96.7072
63.150.134.0;63.150.136.143;40.7128;-74.006
63.150.136.144;63.150.136.255;1.27899;103.851
63.150.137.0;63.150.137.255;1.28423;103.852
63.150.138.0;63.150.138.255;47.4407;-122.255
63.150.139.0;63.150.139.215;1.32773;103.746
63.150.139.216;63.150.141.79;40.7128;-74.006
63.150.141.80;63.150.141.255;35.672;139.93
63.150.142.0;63.150.143.255;35.1305;-106.592
63.150.144.0;63.150.144.255;32.9023;-117.208
63.150.145.0;63.150.146.79;40.7128;-74.006
63.150.146.80;63.150.146.255;34.1783;-118.875
63.150.147.0;63.150.148.127;40.7128;-74.006
63.150.148.128;63.150.148.255;40.7357;-74.1724
63.150.149.0;63.150.149.255;41.887;-87.6232
63.150.150.0;63.150.151.63;40.7128;-74.006
63.150.151.64;63.150.151.255;40.1424;-75.1727
63.150.152.0;63.150.153.127;40.7128;-74.006
63.150.153.128;63.150.153.199;37.4468;-122.16
63.150.153.200;63.150.157.175;40.7128;-74.006
63.150.157.176;63.150.157.239;39.0802;-76.8665
63.150.157.240;63.150.163.31;40.7128;-74.006
63.150.163.32;63.150.163.255;39.7465;-104.983
63.150.164.0;63.150.165.63;40.7128;-74.006
63.150.165.64;63.150.165.255;44.0879;-93.226
63.150.166.0;63.150.167.255;40.7128;-74.006
63.150.168.0;63.150.168.255;33.8501;-84.3641
63.150.169.0;63.150.170.7;40.7128;-74.006
63.150.170.8;63.150.170.183;39.7392;-104.99
63.150.170.184;63.150.172.63;40.7128;-74.006
63.150.172.64;63.150.172.255;38.8817;-77.1123
63.150.173.0;63.150.175.255;40.7128;-74.006
63.150.176.0;63.150.179.255;38.5816;-121.494
63.150.180.0;63.150.183.255;40.7128;-74.006
63.150.184.0;63.150.184.255;32.7767;-96.797
63.150.185.0;63.150.185.255;32.7559;-97.3306
63.150.186.0;63.150.195.255;40.7128;-74.006
63.150.196.0;63.150.196.255;25.9251;-80.2166
63.150.197.0;63.150.197.255;39.0997;-94.5786
63.150.198.0;63.150.198.255;41.8781;-87.6298
63.150.199.0;63.150.199.255;41.3643;-81.5264
63.150.200.0;63.150.200.255;40.7128;-74.006
63.150.201.0;63.150.201.255;28.34;-81.4009
63.150.202.0;63.150.206.23;40.7128;-74.006
63.150.206.24;63.150.206.223;40.7447;-89.5737
63.150.206.224;63.150.207.255;40.7128;-74.006
63.150.208.0;63.150.208.255;34.0549;-118.243
63.150.209.0;63.150.209.255;43.015;-83.6895
63.150.210.0;63.150.211.255;39.0067;-77.4291
63.150.212.0;63.150.212.255;38.2497;-85.6122
63.150.213.0;63.150.213.255;40.7128;-74.006
63.150.214.0;63.150.215.255;43.6079;-84.7673
63.150.216.0;63.150.216.255;39.4385;-87.3786
63.150.217.0;63.150.217.255;40.7128;-74.006
63.150.218.0;63.150.218.255;45.4231;-122.739
63.150.219.0;63.150.219.255;42.9765;-85.0677
63.150.220.0;63.150.220.255;38.5984;-90.2057
63.150.221.0;63.150.221.255;41.8781;-87.6298
63.150.222.0;63.150.222.255;39.7475;-104.99
63.150.223.0;63.150.223.255;41.2862;-81.4504
63.150.224.0;63.150.224.255;40.7128;-74.006
63.150.225.0;63.150.225.255;45.215;-93.6191
63.150.226.0;63.150.226.255;40.7128;-74.006
63.150.227.0;63.150.227.255;38.8814;-94.8199
63.150.228.0;63.150.228.255;38.7083;-90.4258
63.150.229.0;63.150.230.111;40.7128;-74.006
63.150.230.112;63.150.230.255;26.0594;-80.1615
63.150.231.0;63.150.231.255;40.7128;-74.006
63.150.232.0;63.150.232.255;42.3601;-71.0589
63.150.233.0;63.150.233.255;42.3643;-71.0792
63.150.234.0;63.150.234.255;42.2564;-71.1261
63.150.235.0;63.150.235.255;42.3542;-71.1975
63.150.236.0;63.150.237.255;42.715;-71.1982
63.150.238.0;63.150.238.255;40.7128;-74.006
63.150.239.0;63.150.239.255;42.025;-71.1453
63.150.240.0;63.150.242.63;40.7128;-74.006
63.150.242.64;63.150.242.255;35.5116;-82.5248
63.150.243.0;63.150.243.255;40.7128;-74.006
63.150.244.0;63.150.244.255;29.8442;-95.5551
63.150.245.0;63.150.245.95;39.0997;-94.5786
63.150.245.96;63.150.247.7;40.7128;-74.006
63.150.247.8;63.150.247.255;39.9206;-104.986
63.150.248.0;63.150.248.255;40.4117;-104.779
63.150.249.0;63.151.1.135;40.7128;-74.006
63.151.1.136;63.151.1.191;47.6696;-122.364
63.151.1.192;63.151.3.255;40.7128;-74.006
63.151.4.0;63.151.5.111;28.5384;-81.3789
63.151.5.112;63.151.5.255;45.6163;-122.626
63.151.6.0;63.151.6.255;40.7128;-74.006
63.151.7.0;63.151.7.255;28.5384;-81.3789
63.151.8.0;63.151.8.255;47.4407;-122.255
63.151.9.0;63.151.9.255;40.7608;-111.891
63.151.10.0;63.151.10.255;26.1333;-80.3318
63.151.11.0;63.151.11.255;45.5152;-122.678
63.151.12.0;63.151.14.23;40.7128;-74.006
63.151.14.24;63.151.14.255;30.4761;-84.2931
63.151.15.0;63.151.15.255;29.1872;-82.1401
63.151.16.0;63.151.16.255;40.7128;-74.006
63.151.17.0;63.151.17.255;38.781;-90.4819
63.151.18.0;63.151.18.255;40.7128;-74.006
63.151.19.0;63.151.19.255;40.4147;-104.71
63.151.20.0;63.151.21.71;40.7128;-74.006
63.151.21.72;63.151.21.255;30.4055;-91.1246
63.151.22.0;63.151.22.255;36.108;-115.245
63.151.23.0;63.151.23.255;34.2113;-118.482
63.151.24.0;63.151.25.255;33.9914;-84.0793
63.151.26.0;63.151.26.255;30.3956;-84.2341
63.151.27.0;63.151.27.255;33.9914;-84.0793
63.151.28.0;63.151.29.255;42.3644;-71.0891
63.151.30.0;63.151.30.255;42.9413;-85.6603
63.151.31.0;63.151.31.255;38.7521;-105.17
63.151.32.0;63.151.32.255;40.7128;-74.006
63.151.33.0;63.151.33.255;41.8536;-87.6183
63.151.34.0;63.151.34.255;32.7767;-96.797
63.151.35.0;63.151.35.255;44.9778;-93.265
63.151.36.0;63.151.36.255;36.1624;-82.8287
63.151.37.0;63.151.37.255;36.1461;-115.167
63.151.38.0;63.151.38.247;26.2246;-81.7715
63.151.38.248;63.151.39.255;42.4699;-88.4325
63.151.40.0;63.151.41.255;40.7128;-74.006
63.151.42.0;63.151.43.255;29.7606;-95.3662
63.151.44.0;63.151.45.255;42.3644;-71.0891
63.151.46.0;63.151.46.255;42.1113;-70.7734
63.151.47.0;63.151.48.255;40.7128;-74.006
63.151.49.0;63.151.49.255;41.6736;-86.2372
63.151.50.0;63.151.51.39;40.7128;-74.006
63.151.51.40;63.151.51.255;47.2219;-120.994
63.151.52.0;63.151.52.255;42.503;-96.4951
63.151.53.0;63.151.53.255;31.1363;-97.7797
63.151.54.0;63.151.54.255;33.3428;-118.328
63.151.55.0;63.151.55.255;33.2487;-111.634
63.151.56.0;63.151.59.23;44.9778;-93.265
63.151.59.24;63.151.59.255;47.4961;-122.195
63.151.60.0;63.151.63.255;41.8781;-87.6298
63.151.64.0;63.151.66.255;44.2846;-105.492
63.151.67.0;63.151.67.255;40.4953;-107.257
63.151.68.0;63.151.68.255;40.485;-106.832
63.151.69.0;63.151.71.255;44.2846;-105.492
63.151.72.0;63.151.72.255;40.7128;-74.006
63.151.73.0;63.151.73.255;34.0549;-118.243
63.151.74.0;63.151.74.255;41.5641;-93.7886
63.151.75.0;63.151.75.255;45.7833;-108.501
63.151.76.0;63.151.76.255;47.5922;-122.315
63.151.77.0;63.151.77.255;40.7128;-74.006
63.151.78.0;63.151.78.255;44.9714;-93.2546
63.151.79.0;63.151.79.255;40.7128;-74.006
63.151.80.0;63.151.81.255;41.5868;-93.625
63.151.82.0;63.151.82.255;40.7128;-74.006
63.151.83.0;63.151.83.255;41.5868;-93.625
63.151.84.0;63.151.84.255;33.4482;-112.078
63.151.85.0;63.151.85.255;25.7617;-80.1918
63.151.86.0;63.151.86.255;33.4484;-112.074
63.151.87.0;63.151.87.255;40.7128;-74.006
63.151.88.0;63.151.89.255;41.8893;-87.6372
63.151.90.0;63.151.91.255;41.8781;-87.6298
63.151.92.0;63.151.92.255;32.5093;-92.1193
63.151.93.0;63.151.93.255;33.7488;-84.3877
63.151.94.0;63.151.94.255;32.5093;-92.1193
63.151.95.0;63.151.95.255;35.1085;-81.0428
63.151.96.0;63.151.96.255;36.154;-95.9928
63.151.97.0;63.151.97.255;32.7767;-96.797
63.151.98.0;63.151.98.255;40.7128;-74.006
63.151.99.0;63.151.99.255;33.6221;-84.3691
63.151.100.0;63.151.100.255;41.8781;-87.6298
63.151.101.0;63.151.101.255;41.2079;-96.0972
63.151.102.0;63.151.102.255;38.9586;-77.357
63.151.103.0;63.151.103.255;33.4484;-112.074
63.151.104.0;63.151.104.255;45.6911;-110.944
63.151.105.0;63.151.105.255;30.4746;-84.2241
63.151.106.0;63.151.106.255;33.4484;-112.074
63.151.107.0;63.151.107.255;47.4748;-122.273
63.151.108.0;63.151.109.255;40.7128;-74.006
63.151.110.0;63.151.110.247;40.2454;-81.8651
63.151.110.248;63.151.112.111;40.7128;-74.006
63.151.112.112;63.151.112.119;35.4738;-97.5196
63.151.112.120;63.151.115.255;40.7128;-74.006
63.151.116.0;63.151.116.255;36.81;-87.1542
63.151.117.0;63.151.117.255;36.8656;-87.4886
63.151.118.0;63.151.119.255;42.3644;-71.0891
63.151.120.0;63.151.121.255;37.2931;-121.934
63.151.122.0;63.151.122.255;33.6143;-84.5003
63.151.123.0;63.151.123.255;39.0248;-77.1382
63.151.124.0;63.151.125.255;37.2931;-121.934
63.151.126.0;63.151.126.255;29.6728;-95.4277
63.151.127.0;63.151.129.255;39.5177;-119.785
63.151.130.0;63.151.131.255;40.7478;-73.9932
63.151.132.0;63.151.133.63;40.7128;-74.006
63.151.133.64;63.151.133.255;34.7673;-106.019
63.151.134.0;63.151.134.255;47.513;-122.317
63.151.135.0;63.151.135.255;33.4237;-111.894
63.151.136.0;63.151.136.255;39.9526;-75.1652
63.151.137.0;63.151.137.255;42.3654;-71.0879
63.151.138.0;63.151.138.255;40.7128;-74.006
63.151.139.0;63.151.139.255;42.1162;-70.8477
63.151.140.0;63.151.140.255;38.5414;-92.1945
63.151.141.0;63.151.141.255;39.0067;-77.4291
63.151.142.0;63.151.142.255;39.7475;-104.99
63.151.143.0;63.151.143.255;40.7128;-74.006
63.151.144.0;63.151.145.255;41.14;-104.82
63.151.146.0;63.151.146.7;35.1394;-79.0052
63.151.146.8;63.151.147.255;41.14;-104.82
63.151.148.0;63.151.148.255;35.8308;-78.7811
63.151.149.0;63.151.150.223;40.7128;-74.006
63.151.150.224;63.151.150.255;39.9526;-75.1652
63.151.151.0;63.151.151.255;40.7128;-74.006
63.151.152.0;63.151.152.255;33.6221;-84.3691
63.151.153.0;63.151.153.255;40.7128;-74.006
63.151.154.0;63.151.154.255;35.7796;-78.6382
63.151.155.0;63.151.157.7;40.7128;-74.006
63.151.157.8;63.151.157.231;40.7121;-74.0152
63.151.157.232;63.151.159.255;40.7128;-74.006
63.151.160.0;63.151.161.255;41.8781;-87.6298
63.151.162.0;63.151.162.255;39.7475;-104.99
63.151.163.0;63.151.163.255;41.8781;-87.6298
63.151.164.0;63.151.164.255;33.4484;-112.074
63.151.165.0;63.151.165.255;40.8156;-73.2737
63.151.166.0;63.151.167.255;40.7128;-74.006
63.151.168.0;63.151.168.255;32.9959;-96.7072
63.151.169.0;63.151.169.255;38.9881;-77.4287
63.151.170.0;63.151.170.255;33.7488;-84.3877
63.151.171.0;63.151.172.255;40.7128;-74.006
63.151.173.0;63.151.173.255;32.5585;-86.1794
63.151.174.0;63.151.174.255;35.1547;-80.8293
63.151.175.0;63.151.175.255;34.9206;-80.9711
63.151.176.0;63.151.176.255;38.9623;-94.5684
63.151.177.0;63.151.177.255;32.7509;-97.3314
63.151.178.0;63.151.179.255;40.7128;-74.006
63.151.180.0;63.151.180.255;45.6022;-122.467
63.151.181.0;63.151.181.255;35.1678;-114.573
63.151.182.0;63.151.182.255;40.7128;-74.006
63.151.183.0;63.151.183.255;30.4106;-87.2176
63.151.184.0;63.151.185.255;31.4499;-98.5709
63.151.186.0;63.151.186.255;40.7128;-74.006
63.151.187.0;63.151.187.255;32.9612;-96.8367
63.151.188.0;63.151.188.255;32.7767;-96.797
63.151.189.0;63.151.189.255;40.7128;-74.006
63.151.190.0;63.151.190.255;33.0727;-96.8224
63.151.191.0;63.151.191.255;32.9529;-96.845
63.151.192.0;63.151.192.255;42.8294;-103.001
63.151.193.0;63.151.193.247;40.7128;-74.006
63.151.193.248;63.151.194.255;42.8294;-103.001
63.151.195.0;63.151.195.255;40.7608;-111.891
63.151.196.0;63.151.196.255;26.6442;-81.9098
63.151.197.0;63.151.197.255;33.4484;-112.074
63.151.198.0;63.151.198.255;28.5384;-81.3789
63.151.199.0;63.151.199.255;25.7617;-80.1918
63.151.200.0;63.151.200.255;42.9712;-85.6733
63.151.201.0;63.151.201.255;40.7128;-74.006
63.151.202.0;63.151.202.255;41.9057;-88.2997
63.151.203.0;63.151.203.255;41.3643;-81.5264
63.151.204.0;63.151.204.255;39.7475;-104.99
63.151.205.0;63.151.205.255;39.7707;-86.1985
63.151.206.0;63.151.207.255;40.7128;-74.006
63.151.208.0;63.151.208.255;41.608;-87.0513
63.151.209.0;63.151.209.255;47.6597;-117.429
63.151.210.0;63.151.210.255;47.4748;-122.273
63.151.211.0;63.151.211.255;41.608;-87.0513
63.151.212.0;63.151.212.255;40.7128;-74.006
63.151.213.0;63.151.213.255;39.7475;-104.99
63.151.214.0;63.151.214.255;40.8713;-79.8377
63.151.215.0;63.151.215.255;41.1327;-85.211
63.151.216.0;63.151.216.255;39.7684;-86.1581
63.151.217.0;63.151.217.255;40.2789;-80.1713
63.151.218.0;63.151.218.255;36.6442;-93.2322
63.151.219.0;63.151.219.255;40.8206;-98.6001
63.151.220.0;63.151.221.255;40.7128;-74.006
63.151.222.0;63.151.222.255;40.6824;-99.0817
63.151.223.0;63.151.223.255;40.7128;-74.006
63.151.224.0;63.151.225.255;32.9819;-97.1603
63.151.226.0;63.151.229.95;40.7128;-74.006
63.151.229.96;63.151.229.255;32.6882;-97.2425
63.151.230.0;63.151.230.255;29.4841;-98.541
63.151.231.0;63.151.231.239;32.589;-96.3089
63.151.231.240;63.151.232.255;40.7128;-74.006
63.151.233.0;63.151.233.255;31.7048;-83.255
63.151.234.0;63.151.234.255;40.7128;-74.006
63.151.235.0;63.151.235.255;32.9121;-96.9553
63.151.236.0;63.151.236.255;36.0284;-86.7891
63.151.237.0;63.151.237.255;32.9662;-96.7155
63.151.238.0;63.151.238.255;33.7488;-84.3877
63.151.239.0;63.151.239.255;35.2145;-80.8421
63.151.240.0;63.151.240.255;31.1363;-97.7797
63.151.241.0;63.151.241.255;46.8772;-96.7898
63.151.242.0;63.151.243.255;31.1363;-97.7797
63.151.244.0;63.151.244.255;40.7128;-74.006
63.151.245.0;63.151.245.255;47.6062;-122.332
63.151.246.0;63.151.246.31;39.3774;-84.3056
63.151.246.32;63.151.247.255;40.7128;-74.006
63.151.248.0;63.151.249.255;38.8339;-104.821
63.151.250.0;63.151.250.255;41.5868;-93.625
63.151.251.0;63.151.251.255;38.8339;-104.821
63.151.252.0;63.151.253.255;40.7128;-74.006
63.151.254.0;63.151.254.255;33.4484;-112.074
63.151.255.0;63.151.255.255;40.7128;-74.006
63.152.0.0;63.152.3.159;41.9779;-91.6656
63.152.3.160;63.152.3.215;41.6611;-91.5302
63.152.3.216;63.152.7.207;41.9779;-91.6656
63.152.7.208;63.152.7.215;41.6611;-91.5302
63.152.7.216;63.152.12.15;41.9779;-91.6656
63.152.12.16;63.152.12.23;42.2383;-91.1871
63.152.12.24;63.152.42.199;41.9779;-91.6656
63.152.42.200;63.152.42.207;41.6611;-91.5302
63.152.42.208;63.152.57.31;41.9779;-91.6656
63.152.57.32;63.152.57.39;41.6611;-91.5302
63.152.57.40;63.152.64.55;41.9779;-91.6656
63.152.64.56;63.152.64.63;42.6733;-91.9135
63.152.64.64;63.152.67.7;41.9779;-91.6656
63.152.67.8;63.152.67.175;42.6733;-91.9135
63.152.67.176;63.152.69.79;41.9779;-91.6656
63.152.69.80;63.152.69.87;42.6733;-91.9135
63.152.69.88;63.152.71.255;41.9779;-91.6656
63.152.72.0;63.152.72.95;42.6733;-91.9135
63.152.72.96;63.152.74.55;41.9779;-91.6656
63.152.74.56;63.152.74.191;42.6733;-91.9135
63.152.74.192;63.152.77.175;41.9779;-91.6656
63.152.77.176;63.152.77.183;42.6733;-91.9135
63.152.77.184;63.152.81.31;41.9779;-91.6656
63.152.81.32;63.152.81.39;42.6733;-91.9135
63.152.81.40;63.152.83.79;41.9779;-91.6656
63.152.83.80;63.152.83.87;42.6733;-91.9135
63.152.83.88;63.152.86.255;41.9779;-91.6656
63.152.87.0;63.152.87.7;42.6733;-91.9135
63.152.87.8;63.152.89.143;41.9779;-91.6656
63.152.89.144;63.152.89.151;42.6733;-91.9135
63.152.89.152;63.152.95.223;41.9779;-91.6656
63.152.95.224;63.152.95.231;42.6733;-91.9135
63.152.95.232;63.152.255.255;41.9779;-91.6656
63.153.0.0;63.153.3.7;45.7833;-108.501
63.153.3.8;63.153.3.207;45.8191;-108.415
63.153.3.208;63.153.8.95;45.7833;-108.501
63.153.8.96;63.153.9.7;45.7325;-107.612
63.153.9.8;63.153.12.15;45.7833;-108.501
63.153.12.16;63.153.12.23;45.7325;-107.612
63.153.12.24;63.153.19.215;45.7833;-108.501
63.153.19.216;63.153.19.223;45.7325;-107.612
63.153.19.224;63.153.22.7;45.7833;-108.501
63.153.22.8;63.153.22.15;45.7325;-107.612
63.153.22.16;63.153.63.255;45.7833;-108.501
63.153.64.0;63.153.73.247;46.5891;-112.039
63.153.73.248;63.153.73.255;47.0149;-114.23
63.153.74.0;63.153.127.255;46.5891;-112.039
63.153.128.0;63.153.131.23;43.546;-96.7313
63.153.131.24;63.153.131.63;43.9325;-103.575
63.153.131.64;63.153.139.159;43.546;-96.7313
63.153.139.160;63.153.139.167;44.0847;-103.438
63.153.139.168;63.153.150.23;43.546;-96.7313
63.153.150.24;63.153.150.31;44.3522;-103.765
63.153.150.32;63.153.155.119;43.546;-96.7313
63.153.155.120;63.153.155.127;44.2317;-103.389
63.153.155.128;63.153.158.95;43.546;-96.7313
63.153.158.96;63.153.158.103;44.0625;-103.146
63.153.158.104;63.153.172.127;43.546;-96.7313
63.153.172.128;63.153.172.255;27.9508;-82.525
63.153.173.0;63.153.255.255;43.546;-96.7313
63.154.0.0;63.154.127.255;39.5481;-104.974
63.154.128.0;63.154.255.255;44.9778;-93.265
63.155.0.0;63.155.32.103;44.0521;-123.087
63.155.32.104;63.155.32.111;43.7976;-123.06
63.155.32.112;63.155.37.95;44.0521;-123.087
63.155.37.96;63.155.37.103;43.7976;-123.06
63.155.37.104;63.155.40.191;44.0521;-123.087
63.155.40.192;63.155.40.199;43.7976;-123.06
63.155.40.200;63.155.43.55;44.0521;-123.087
63.155.43.56;63.155.43.223;43.9185;-122.784
63.155.43.224;63.155.51.55;44.0521;-123.087
63.155.51.56;63.155.51.215;43.7976;-123.06
63.155.51.216;63.155.56.207;44.0521;-123.087
63.155.56.208;63.155.56.215;44.2193;-123.206
63.155.56.216;63.155.59.199;44.0521;-123.087
63.155.59.200;63.155.59.207;44.0487;-123.351
63.155.59.208;63.155.61.199;44.0521;-123.087
63.155.61.200;63.155.61.207;43.7976;-123.06
63.155.61.208;63.155.96.239;44.0521;-123.087
63.155.96.240;63.155.96.247;42.4221;-123.387
63.155.96.248;63.155.119.127;44.0521;-123.087
63.155.119.128;63.155.119.135;44.2193;-123.206
63.155.119.136;63.155.255.255;44.0521;-123.087
63.156.0.0;63.156.0.255;44.9478;-93.096
63.156.1.0;63.156.5.63;40.7128;-74.006
63.156.5.64;63.156.5.255;39.9971;-86.1292
63.156.6.0;63.156.12.255;40.7128;-74.006
63.156.13.0;63.156.13.255;34.54;-112.469
63.156.14.0;63.156.14.255;40.7128;-74.006
63.156.15.0;63.156.15.255;38.1463;-85.726
63.156.16.0;63.156.17.39;40.7128;-74.006
63.156.17.40;63.156.17.191;34.0549;-118.243
63.156.17.192;63.156.19.103;40.7128;-74.006
63.156.19.104;63.156.19.175;39.7684;-86.1581
63.156.19.176;63.156.24.255;40.7128;-74.006
63.156.25.0;63.156.25.255;26.6456;-81.8632
63.156.26.0;63.156.27.255;27.8988;-81.469
63.156.28.0;63.156.29.23;40.7128;-74.006
63.156.29.24;63.156.29.31;33.7488;-84.3877
63.156.29.32;63.156.34.15;40.7128;-74.006
63.156.34.16;63.156.34.255;44.9479;-93.0886
63.156.35.0;63.156.35.255;40.7128;-74.006
63.156.36.0;63.156.37.255;29.5327;-98.4509
63.156.38.0;63.156.46.39;40.7128;-74.006
63.156.46.40;63.156.46.255;47.4748;-122.273
63.156.47.0;63.156.47.255;33.4484;-112.074
63.156.48.0;63.156.48.255;40.7128;-74.006
63.156.49.0;63.156.49.255;34.54;-112.469
63.156.50.0;63.156.50.255;32.7872;-106.326
63.156.51.0;63.156.52.255;40.7128;-74.006
63.156.53.0;63.156.53.255;35.1113;-106.628
63.156.54.0;63.156.57.255;40.7128;-74.006
63.156.58.0;63.156.58.255;33.4757;-112.123
63.156.59.0;63.156.59.255;42.8667;-85.6658
63.156.60.0;63.156.60.255;31.768;-106.373
63.156.61.0;63.156.61.255;40.7128;-74.006
63.156.62.0;63.156.62.255;39.8585;-104.674
63.156.63.0;63.156.67.127;40.7128;-74.006
63.156.67.128;63.156.67.255;33.3059;-111.954
63.156.68.0;63.156.69.79;40.7128;-74.006
63.156.69.80;63.156.69.159;33.2039;-97.0873
63.156.69.160;63.156.72.255;40.7128;-74.006
63.156.73.0;63.156.73.255;44.9778;-93.265
63.156.74.0;63.156.74.255;40.7128;-74.006
63.156.75.0;63.156.75.255;38.7315;-88.0804
63.156.76.0;63.156.76.255;27.966;-82.7985
63.156.77.0;63.156.77.255;33.567;-112.115
63.156.78.0;63.156.84.7;40.7128;-74.006
63.156.84.8;63.156.84.255;40.55;-105.076
63.156.85.0;63.156.86.23;40.7128;-74.006
63.156.86.24;63.156.86.255;47.5808;-122.335
63.156.87.0;63.156.87.255;33.3476;-111.829
63.156.88.0;63.156.92.255;40.7128;-74.006
63.156.93.0;63.156.93.255;33.6129;-111.912
63.156.94.0;63.156.101.167;40.7128;-74.006
63.156.101.168;63.156.101.255;33.4484;-112.074
63.156.102.0;63.156.106.71;40.7128;-74.006
63.156.106.72;63.156.106.79;34.0549;-118.243
63.156.106.80;63.156.108.255;40.7128;-74.006
63.156.109.0;63.156.109.255;40.4272;-111.889
63.156.110.0;63.156.112.15;40.7128;-74.006
63.156.112.16;63.156.112.255;40.7068;-74.0096
63.156.113.0;63.156.121.111;40.7128;-74.006
63.156.121.112;63.156.121.223;39.0997;-94.5786
63.156.121.224;63.156.124.135;40.7128;-74.006
63.156.124.136;63.156.124.143;29.7604;-95.3698
63.156.124.144;63.156.126.255;40.7128;-74.006
63.156.127.0;63.156.127.255;41.6677;-93.4555
63.156.128.0;63.156.128.255;39.8535;-86.0158
63.156.129.0;63.156.133.255;40.7128;-74.006
63.156.134.0;63.156.134.255;35.5186;-108.709
63.156.135.0;63.156.135.255;37.8979;-85.9395
63.156.136.0;63.156.136.255;38.9094;-77.2204
63.156.137.0;63.156.137.255;44.9894;-93.2786
63.156.138.0;63.156.139.15;40.7128;-74.006
63.156.139.16;63.156.139.255;41.4695;-81.4956
63.156.140.0;63.156.140.191;35.059;-106.8
63.156.140.192;63.156.141.255;40.7128;-74.006
63.156.142.0;63.156.142.255;38.9387;-77.0327
63.156.143.0;63.156.143.255;36.254;-115.295
63.156.144.0;63.156.147.255;40.7128;-74.006
63.156.148.0;63.156.148.255;39.286;-84.4528
63.156.149.0;63.156.151.255;40.7128;-74.006
63.156.152.0;63.156.152.255;33.4484;-112.074
63.156.153.0;63.156.153.255;38.9586;-77.357
63.156.154.0;63.156.156.255;40.7128;-74.006
63.156.157.0;63.156.157.255;44.8585;-93.1664
63.156.158.0;63.156.158.255;40.7128;-74.006
63.156.159.0;63.156.159.255;42.3649;-71.0888
63.156.160.0;63.156.160.255;35.7108;-106.079
63.156.161.0;63.156.161.255;40.7128;-74.006
63.156.162.0;63.156.162.255;44.865;-93.4033
63.156.163.0;63.156.163.255;45.5201;-122.99
63.156.164.0;63.156.164.255;40.7128;-74.006
63.156.165.0;63.156.165.255;45.6022;-122.467
63.156.166.0;63.156.166.255;32.9083;-97.2577
63.156.167.0;63.156.167.255;40.7128;-74.006
63.156.168.0;63.156.168.255;26.5996;-81.8406
63.156.169.0;63.156.169.255;40.7128;-74.006
63.156.170.0;63.156.171.255;38.9483;-76.8309
63.156.172.0;63.156.173.127;40.7128;-74.006
63.156.173.128;63.156.173.255;40.8108;-73.6636
63.156.174.0;63.156.174.255;40.7128;-74.006
63.156.175.0;63.156.175.255;28.0211;-82.5207
63.156.176.0;63.156.180.23;40.7128;-74.006
63.156.180.24;63.156.180.255;33.4484;-112.074
63.156.181.0;63.156.182.255;40.7128;-74.006
63.156.183.0;63.156.183.255;35.2446;-106.698
63.156.184.0;63.156.184.255;40.7128;-74.006
63.156.185.0;63.156.185.255;40.7831;-73.9713
63.156.186.0;63.156.187.15;40.7128;-74.006
63.156.187.16;63.156.187.255;33.5087;-112.031
63.156.188.0;63.156.188.255;40.7128;-74.006
63.156.189.0;63.156.189.255;41.6142;-93.8023
63.156.190.0;63.156.190.255;40.7128;-74.006
63.156.191.0;63.156.191.255;34.0479;-118.255
63.156.192.0;63.156.192.255;40.7128;-74.006
63.156.193.0;63.156.193.255;44.9537;-93.09
63.156.194.0;63.156.195.255;26.3852;127.739
63.156.196.0;63.156.196.255;40.4846;-74.4739
63.156.197.0;63.156.197.255;43.6023;-116.28
63.156.198.0;63.156.198.255;45.0844;-93.3927
63.156.199.0;63.156.199.255;38.9586;-77.357
63.156.200.0;63.156.200.255;40.7128;-74.006
63.156.201.0;63.156.201.255;34.0259;-118.78
63.156.202.0;63.156.203.7;40.7128;-74.006
63.156.203.8;63.156.203.255;39.2908;-85.1953
63.156.204.0;63.156.205.255;40.7128;-74.006
63.156.206.0;63.156.206.255;28.54;-81.3792
63.156.207.0;63.156.208.159;40.7128;-74.006
63.156.208.160;63.156.208.255;40.5729;-111.896
63.156.209.0;63.156.210.15;40.7128;-74.006
63.156.210.16;63.156.210.255;37.1808;-84.4847
63.156.211.0;63.156.215.87;40.7128;-74.006
63.156.215.88;63.156.215.231;39.7684;-86.1581
63.156.215.232;63.156.216.255;40.7128;-74.006
63.156.217.0;63.156.217.255;34.2113;-118.482
63.156.218.0;63.156.218.255;40.7128;-74.006
63.156.219.0;63.156.219.255;33.855;-112.623
63.156.220.0;63.156.224.95;40.7128;-74.006
63.156.224.96;63.156.224.255;33.4484;-112.074
63.156.225.0;63.156.227.255;40.7128;-74.006
63.156.228.0;63.156.228.255;40.8599;-74.2833
63.156.229.0;63.156.229.255;39.7948;-89.6531
63.156.230.0;63.156.230.255;40.7128;-74.006
63.156.231.0;63.156.231.255;32.9959;-96.7072
63.156.232.0;63.156.234.255;40.7128;-74.006
63.156.235.0;63.156.235.255;39.7684;-86.1581
63.156.236.0;63.156.240.31;40.7128;-74.006
63.156.240.32;63.156.240.255;40.1291;-75.2735
63.156.241.0;63.156.241.255;40.7128;-74.006
63.156.242.0;63.156.243.255;38.9017;-77.0235
63.156.244.0;63.156.246.255;40.7128;-74.006
63.156.247.0;63.156.247.255;41.8903;-87.6246
63.156.248.0;63.156.248.255;40.7128;-74.006
63.156.249.0;63.156.249.255;40.1083;-83.1843
63.156.250.0;63.156.255.255;40.7128;-74.006
63.157.0.0;63.157.0.255;31.1363;-97.7797
63.157.1.0;63.157.2.255;40.7128;-74.006
63.157.3.0;63.157.3.255;40.5566;-111.911
63.157.4.0;63.157.4.255;38.7132;-93.2485
63.157.5.0;63.157.5.255;37.9704;-122.051
63.157.6.0;63.157.6.255;40.7128;-74.006
63.157.7.0;63.157.7.255;35.054;-106.621
63.157.8.0;63.157.9.255;40.7128;-74.006
63.157.10.0;63.157.10.255;29.7026;-98.1241
63.157.11.0;63.157.11.255;39.5796;-104.875
63.157.12.0;63.157.13.23;47.1613;-122.3
63.157.13.24;63.157.13.255;32.2219;-110.89
63.157.14.0;63.157.14.255;36.0763;-115.097
63.157.15.0;63.157.15.255;44.8612;-93.4154
63.157.16.0;63.157.21.255;40.7128;-74.006
63.157.22.0;63.157.22.255;35.0865;-106.652
63.157.23.0;63.157.23.255;40.7128;-74.006
63.157.24.0;63.157.24.255;32.4037;-86.2412
63.157.25.0;63.157.30.255;40.7128;-74.006
63.157.31.0;63.157.31.255;42.2444;-71.0257
63.157.32.0;63.157.33.255;40.7128;-74.006
63.157.34.0;63.157.34.255;40.1622;-105.058
63.157.35.0;63.157.35.255;30.4502;-84.2875
63.157.36.0;63.157.37.255;40.7128;-74.006
63.157.38.0;63.157.38.255;41.7107;-111.83
63.157.39.0;63.157.40.255;37.7881;-122.399
63.157.41.0;63.157.41.255;45.1002;-93.1895
63.157.42.0;63.157.42.255;40.7128;-74.006
63.157.43.0;63.157.43.127;33.1239;-117.276
63.157.43.128;63.157.45.255;40.7128;-74.006
63.157.46.0;63.157.46.255;39.7063;-105.289
63.157.47.0;63.157.48.7;40.7128;-74.006
63.157.48.8;63.157.48.255;39.8015;-89.6497
63.157.49.0;63.157.50.255;40.7128;-74.006
63.157.51.0;63.157.51.255;33.4638;-112.155
63.157.52.0;63.157.52.255;39.906;-105.086
63.157.53.0;63.157.53.255;40.7128;-74.006
63.157.54.0;63.157.54.255;33.4484;-112.074
63.157.55.0;63.157.55.255;37.6035;-77.355
63.157.56.0;63.157.56.255;45.0755;-93.3062
63.157.57.0;63.157.57.255;47.4407;-122.256
63.157.58.0;63.157.58.255;44.9796;-93.2712
63.157.59.0;63.157.62.23;40.7128;-74.006
63.157.62.24;63.157.62.255;45.7804;-108.575
63.157.63.0;63.157.64.7;40.7128;-74.006
63.157.64.8;63.157.64.255;38.8339;-104.821
63.157.65.0;63.157.65.255;33.4445;-112.304
63.157.66.0;63.157.67.255;40.7128;-74.006
63.157.68.0;63.157.68.255;47.4748;-122.273
63.157.69.0;63.157.69.255;39.7393;-105.162
63.157.70.0;63.157.75.255;40.7128;-74.006
63.157.76.0;63.157.76.255;45.4215;-122.739
63.157.77.0;63.157.83.247;40.7128;-74.006
63.157.83.248;63.157.83.255;39.1002;-84.5089
63.157.84.0;63.157.88.7;40.7128;-74.006
63.157.88.8;63.157.88.255;38.8329;-104.826
63.157.89.0;63.157.89.255;34.2113;-118.482
63.157.90.0;63.157.90.255;40.7128;-74.006
63.157.91.0;63.157.91.255;40.1083;-83.1843
63.157.92.0;63.157.93.39;40.7128;-74.006
63.157.93.40;63.157.93.255;33.4484;-112.074
63.157.94.0;63.157.96.167;40.7128;-74.006
63.157.96.168;63.157.96.255;41.4993;-81.6944
63.157.97.0;63.157.97.255;47.6177;-122.201
63.157.98.0;63.157.98.255;40.7128;-74.006
63.157.99.0;63.157.99.255;33.2771;-111.785
63.157.100.0;63.157.100.255;40.7128;-74.006
63.157.101.0;63.157.101.255;41.8648;-72.6645
63.157.102.0;63.157.104.15;40.7128;-74.006
63.157.104.16;63.157.104.255;46.8772;-96.7898
63.157.105.0;63.157.105.255;46.5099;-114.093
63.157.106.0;63.157.108.255;40.7128;-74.006
63.157.109.0;63.157.109.255;39.7468;-104.992
63.157.110.0;63.157.110.255;40.7128;-74.006
63.157.111.0;63.157.111.255;42.3638;-71.0818
63.157.112.0;63.157.112.255;40.447;-104.999
63.157.113.0;63.157.113.255;40.7128;-74.006
63.157.114.0;63.157.114.255;40.1083;-83.1843
63.157.115.0;63.157.115.255;34.0396;-84.3176
63.157.116.0;63.157.119.255;40.7128;-74.006
63.157.120.0;63.157.120.255;34.2751;-118.688
63.157.121.0;63.157.121.255;47.6099;-122.332
63.157.122.0;63.157.123.7;40.7128;-74.006
63.157.123.8;63.157.123.255;38.0242;-107.669
63.157.124.0;63.157.124.255;40.3102;-111.731
63.157.125.0;63.157.125.255;28.745;-82.0634
63.157.126.0;63.157.151.255;40.7128;-74.006
63.157.152.0;63.157.152.255;45.0669;-93.4454
63.157.153.0;63.157.153.255;40.7128;-74.006
63.157.154.0;63.157.154.255;29.1877;-82.2076
63.157.155.0;63.157.155.255;35.2834;-91.3668
63.157.156.0;63.157.157.255;40.7128;-74.006
63.157.158.0;63.157.158.255;34.0549;-118.243
63.157.159.0;63.157.159.255;40.7128;-74.006
63.157.160.0;63.157.160.255;41.9895;-88.0044
63.157.161.0;63.157.161.255;40.7128;-74.006
63.157.162.0;63.157.162.255;38.0758;-84.4909
63.157.163.0;63.157.164.15;40.7128;-74.006
63.157.164.16;63.157.164.255;41.2518;-95.985
63.157.165.0;63.157.165.255;40.7128;-74.006
63.157.166.0;63.157.166.255;47.3961;-122.263
63.157.167.0;63.157.167.255;41.7039;-93.5723
63.157.168.0;63.157.168.255;42.0652;-93.8806
63.157.169.0;63.157.171.255;40.7128;-74.006
63.157.172.0;63.157.172.255;32.849;-104.411
63.157.173.0;63.157.175.23;40.7128;-74.006
63.157.175.24;63.157.175.255;38.9586;-77.357
63.157.176.0;63.157.176.255;41.5855;-93.6254
63.157.177.0;63.157.179.255;40.7128;-74.006
63.157.180.0;63.157.180.255;36.096;-115.166
63.157.181.0;63.157.181.255;33.6474;-112.236
63.157.182.0;63.157.182.255;41.5165;-84.302
63.157.183.0;63.157.185.255;40.7128;-74.006
63.157.186.0;63.157.186.255;44.9776;-93.277
63.157.187.0;63.157.187.255;26.6406;-81.8094
63.157.188.0;63.157.188.255;35.0604;-106.621
63.157.189.0;63.157.190.7;40.7128;-74.006
63.157.190.8;63.157.190.255;40.6018;-105.075
63.157.191.0;63.157.191.255;40.7128;-74.006
63.157.192.0;63.157.192.247;39.2904;-76.6122
63.157.192.248;63.157.193.255;40.9869;-74.298
63.157.194.0;63.157.194.255;40.7128;-74.006
63.157.195.0;63.157.195.255;40.9869;-74.298
63.157.196.0;63.157.206.255;40.7128;-74.006
63.157.207.0;63.157.207.255;39.7273;-104.95
63.157.208.0;63.157.208.255;47.6594;-117.411
63.157.209.0;63.157.209.255;40.7128;-74.006
63.157.210.0;63.157.210.255;46.6718;-122.977
63.157.211.0;63.157.211.255;33.0743;-96.8158
63.157.212.0;63.157.215.255;40.7128;-74.006
63.157.216.0;63.157.216.255;28.5693;-81.566
63.157.217.0;63.157.217.255;33.0029;-93.4606
63.157.218.0;63.157.219.255;40.7128;-74.006
63.157.220.0;63.157.220.255;32.8939;-111.766
63.157.221.0;63.157.221.255;40.7128;-74.006
63.157.222.0;63.157.222.255;47.6056;-122.333
63.157.223.0;63.157.223.255;40.7128;-74.006
63.157.224.0;63.157.224.255;41.6422;-85.4185
63.157.225.0;63.157.225.255;33.226;-96.9079
63.157.226.0;63.157.227.7;40.7128;-74.006
63.157.227.8;63.157.227.255;28.6654;-81.3724
63.157.228.0;63.157.228.255;43.0836;-77.5874
63.157.229.0;63.157.229.255;41.2248;-112.025
63.157.230.0;63.157.231.255;40.7128;-74.006
63.157.232.0;63.157.232.255;46.2632;-96.6052
63.157.233.0;63.157.233.255;47.5389;-122.306
63.157.234.0;63.157.234.255;40.7128;-74.006
63.157.235.0;63.157.235.255;38.9301;-94.648
63.157.236.0;63.157.236.255;41.8881;-87.637
63.157.237.0;63.157.237.255;41.2993;-105.613
63.157.238.0;63.157.238.255;40.7128;-74.006
63.157.239.0;63.157.239.255;33.186;-97.2888
63.157.240.0;63.157.240.255;38.0179;-122.118
63.157.241.0;63.157.241.255;40.2264;-74.0818
63.157.242.0;63.157.242.255;45.0235;-93.1662
63.157.243.0;63.157.244.7;33.4777;-112.071
63.157.244.8;63.157.244.255;33.5106;-112.021
63.157.245.0;63.157.246.15;40.7128;-74.006
63.157.246.16;63.157.246.255;40.7608;-111.891
63.157.247.0;63.157.247.255;40.7128;-74.006
63.157.248.0;63.157.248.255;29.6394;-95.1585
63.157.249.0;63.157.249.255;40.7128;-74.006
63.157.250.0;63.157.250.255;45.273;-93.0125
63.157.251.0;63.157.251.255;41.8881;-87.637
63.157.252.0;63.157.252.255;44.4723;-73.1867
63.157.253.0;63.157.253.255;40.7128;-74.006
63.157.254.0;63.157.254.255;43.6082;-116.324
63.157.255.0;63.157.255.255;47.6748;-117.428
63.158.0.0;63.158.0.255;40.7128;-74.006
63.158.1.0;63.158.1.255;45.4771;-122.544
63.158.2.0;63.158.6.7;40.7128;-74.006
63.158.6.8;63.158.6.255;35.1027;-80.6768
63.158.7.0;63.158.8.255;40.7128;-74.006
63.158.9.0;63.158.9.255;38.5908;-121.279
63.158.10.0;63.158.16.7;40.7128;-74.006
63.158.16.8;63.158.16.255;39.6535;-104.811
63.158.17.0;63.158.17.255;33.9304;-118.386
63.158.18.0;63.158.26.15;40.7128;-74.006
63.158.26.16;63.158.26.255;37.3217;-122.03
63.158.27.0;63.158.27.255;39.8757;-75.0082
63.158.28.0;63.158.28.255;40.7128;-74.006
63.158.29.0;63.158.29.255;32.7237;-114.623
63.158.30.0;63.158.34.255;40.7128;-74.006
63.158.35.0;63.158.35.255;41.5635;-93.7305
63.158.36.0;63.158.37.7;40.7128;-74.006
63.158.37.8;63.158.37.255;29.9432;-95.4168
63.158.38.0;63.158.38.255;40.7128;-74.006
63.158.39.0;63.158.39.255;30.4438;-84.278
63.158.40.0;63.158.40.255;40.7128;-74.006
63.158.41.0;63.158.41.191;42.5646;-113.795
63.158.41.192;63.158.44.255;40.7128;-74.006
63.158.45.0;63.158.45.255;47.6905;-117.196
63.158.46.0;63.158.46.255;27.966;-82.7985
63.158.47.0;63.158.47.255;33.3534;-111.459
63.158.48.0;63.158.48.255;35.0415;-106.63
63.158.49.0;63.158.49.255;33.8584;-84.3402
63.158.50.0;63.158.50.255;40.7128;-74.006
63.158.51.0;63.158.51.255;42.8513;-106.325
63.158.52.0;63.158.61.23;40.7128;-74.006
63.158.61.24;63.158.61.255;36.1699;-115.14
63.158.62.0;63.158.62.255;39.7296;-105.014
63.158.63.0;63.158.63.255;39.8317;-77.2307
63.158.64.0;63.158.68.255;40.7128;-74.006
63.158.69.0;63.158.69.255;45.019;-93.4744
63.158.70.0;63.158.74.7;40.7128;-74.006
63.158.74.8;63.158.74.255;42.0253;-93.6166
63.158.75.0;63.158.76.255;40.7128;-74.006
63.158.77.0;63.158.77.255;47.6649;-117.336
63.158.78.0;63.158.78.255;40.7128;-74.006
63.158.79.0;63.158.79.255;39.8163;-85.9943
63.158.80.0;63.158.80.255;32.6683;-114.614
63.158.81.0;63.158.81.255;40.7128;-74.006
63.158.82.0;63.158.82.255;39.8163;-85.9943
63.158.83.0;63.158.83.255;36.215;-115.078
63.158.84.0;63.158.84.255;40.7128;-74.006
63.158.85.0;63.158.85.255;42.699;-83.2494
63.158.86.0;63.158.86.255;42.4613;-96.4293
63.158.87.0;63.158.90.7;40.7128;-74.006
63.158.90.8;63.158.90.255;44.0512;-123.001
63.158.91.0;63.158.91.255;32.3898;-110.963
63.158.92.0;63.158.94.255;40.7128;-74.006
63.158.95.0;63.158.95.255;33.4468;-111.957
63.158.96.0;63.158.99.247;40.7128;-74.006
63.158.99.248;63.158.99.255;34.1808;-118.309
63.158.100.0;63.158.100.255;40.7128;-74.006
63.158.101.0;63.158.101.255;38.9586;-77.357
63.158.102.0;63.158.102.255;45.6879;-122.616
63.158.103.0;63.158.103.255;34.1885;-118.466
63.158.104.0;63.158.104.255;34.091;-118.368
63.158.105.0;63.158.105.255;40.7128;-74.006
63.158.106.0;63.158.106.255;47.5369;-122.333
63.158.107.0;63.158.110.55;40.7128;-74.006
63.158.110.56;63.158.110.247;36.1553;-95.9905
63.158.110.248;63.158.111.255;40.7128;-74.006
63.158.112.0;63.158.112.255;38.9072;-77.0369
63.158.113.0;63.158.113.255;40.7128;-74.006
63.158.114.0;63.158.114.255;43.1247;-77.4905
63.158.115.0;63.158.115.255;34.4107;-118.576
63.158.116.0;63.158.116.255;39.8163;-85.9943
63.158.117.0;63.158.119.7;40.7128;-74.006
63.158.119.8;63.158.119.255;39.7392;-104.99
63.158.120.0;63.158.120.255;21.3348;-157.918
63.158.121.0;63.158.121.255;47.4407;-122.256
63.158.122.0;63.158.122.255;39.55;-105.034
63.158.123.0;63.158.123.255;45.5152;-122.678
63.158.124.0;63.158.127.223;40.7128;-74.006
63.158.127.224;63.158.127.255;38.9072;-77.0369
63.158.128.0;63.158.128.255;41.9895;-88.0044
63.158.129.0;63.158.129.255;40.8866;-111.881
63.158.130.0;63.158.130.255;40.7128;-74.006
63.158.131.0;63.158.131.255;33.4855;-112.084
63.158.132.0;63.158.132.255;40.6339;-111.812
63.158.133.0;63.158.133.255;40.7128;-74.006
63.158.134.0;63.158.134.255;42.0495;-92.907
63.158.135.0;63.158.135.255;41.8614;-90.1821
63.158.136.0;63.158.136.255;40.7128;-74.006
63.158.137.0;63.158.137.255;39.0067;-77.4291
63.158.138.0;63.158.138.255;44.857;-93.3362
63.158.139.0;63.158.139.255;40.7128;-74.006
63.158.140.0;63.158.140.255;40.1529;-75.2874
63.158.141.0;63.158.141.255;39.0272;-77.1398
63.158.142.0;63.158.142.255;40.7128;-74.006
63.158.143.0;63.158.143.255;39.0272;-77.1398
63.158.144.0;63.158.150.255;40.7128;-74.006
63.158.151.0;63.158.151.255;40.4349;-111.883
63.158.152.0;63.158.162.255;40.7128;-74.006
63.158.163.0;63.158.163.255;25.7824;-80.1931
63.158.164.0;63.158.164.255;35.2271;-80.8431
63.158.165.0;63.158.165.255;33.4358;-112.031
63.158.166.0;63.158.167.255;40.7778;-74.0759
63.158.168.0;63.158.168.255;33.4714;-112.074
63.158.169.0;63.158.170.255;40.7128;-74.006
63.158.171.0;63.158.171.255;30.4457;-88.9267
63.158.172.0;63.158.172.255;40.7128;-74.006
63.158.173.0;63.158.173.255;44.9784;-93.2687
63.158.174.0;63.158.174.255;40.7128;-74.006
63.158.175.0;63.158.175.255;42.3966;-71.2677
63.158.176.0;63.158.177.7;40.7128;-74.006
63.158.177.8;63.158.177.255;35.1524;-80.9493
63.158.178.0;63.158.178.255;29.6238;-95.1999
63.158.179.0;63.158.181.255;40.7128;-74.006
63.158.182.0;63.158.182.255;31.7554;-106.493
63.158.183.0;63.158.187.255;40.7128;-74.006
63.158.188.0;63.158.188.255;44.9856;-93.3868
63.158.189.0;63.158.189.255;40.7128;-74.006
63.158.190.0;63.158.190.255;46.9326;-114.103
63.158.191.0;63.158.191.255;27.966;-82.7985
63.158.192.0;63.158.194.255;40.7128;-74.006
63.158.195.0;63.158.195.255;39.0284;-76.9148
63.158.196.0;63.158.196.255;25.7287;-80.2401
63.158.197.0;63.158.199.255;40.7128;-74.006
63.158.200.0;63.158.200.255;46.5099;-114.093
63.158.201.0;63.158.206.255;40.7128;-74.006
63.158.207.0;63.158.207.255;47.5958;-122.189
63.158.208.0;63.158.208.255;44.8627;-93.3306
63.158.209.0;63.158.209.255;40.7128;-74.006
63.158.210.0;63.158.210.255;40.7639;-73.9766
63.158.211.0;63.158.211.255;40.7128;-74.006
63.158.212.0;63.158.212.255;44.9555;-93.0954
63.158.213.0;63.158.214.47;40.7128;-74.006
63.158.214.48;63.158.214.255;42.897;-106.344
63.158.215.0;63.158.215.255;35.0546;-78.878
63.158.216.0;63.158.216.255;40.7128;-74.006
63.158.217.0;63.158.217.255;32.864;-96.8823
63.158.218.0;63.158.218.255;32.8677;-96.9513
63.158.219.0;63.158.219.255;40.7128;-74.006
63.158.220.0;63.158.220.255;41.4261;-96.4831
63.158.221.0;63.158.221.255;42.8487;-106.298
63.158.222.0;63.158.225.255;40.7128;-74.006
63.158.226.0;63.158.226.255;35.3596;-96.9358
63.158.227.0;63.158.227.255;40.7128;-74.006
63.158.228.0;63.158.228.255;39.8265;-104.986
63.158.229.0;63.158.232.255;40.7128;-74.006
63.158.233.0;63.158.234.255;45.5826;-122.574
63.158.235.0;63.158.235.255;40.7128;-74.006
63.158.236.0;63.158.236.255;46.8772;-96.7898
63.158.237.0;63.158.237.255;47.6119;-122.332
63.158.238.0;63.158.238.255;45.7977;-108.552
63.158.239.0;63.158.239.255;40.7128;-74.006
63.158.240.0;63.158.240.255;44.9778;-93.265
63.158.241.0;63.158.245.255;40.7128;-74.006
63.158.246.0;63.158.246.255;41.7031;-72.8641
63.158.247.0;63.158.249.63;40.7128;-74.006
63.158.249.64;63.158.249.255;39.9902;-75.5933
63.158.250.0;63.158.250.255;40.7128;-74.006
63.158.251.0;63.158.251.255;39.5788;-104.831
63.158.252.0;63.158.252.255;40.7128;-74.006
63.158.253.0;63.158.253.255;43.6892;-116.344
63.158.254.0;63.158.254.63;40.7128;-74.006
63.158.254.64;63.158.255.255;38.9586;-77.357
63.159.0.0;63.159.1.255;35.694;139.754
63.159.2.0;63.159.2.255;41.2565;-95.9345
63.159.3.0;63.159.3.255;37.3688;-122.036
63.159.4.0;63.159.7.255;40.7128;-74.006
63.159.8.0;63.159.8.255;35.2271;-80.8431
63.159.9.0;63.159.9.255;33.6221;-84.3691
63.159.10.0;63.159.11.255;40.7128;-74.006
63.159.12.0;63.159.12.255;33.6221;-84.3691
63.159.13.0;63.159.14.47;31.1363;-97.7797
63.159.14.48;63.159.14.255;40.7128;-74.006
63.159.15.0;63.159.15.7;31.1363;-97.7797
63.159.15.8;63.159.127.255;40.7128;-74.006
63.159.128.0;63.159.128.255;31.1363;-97.7797
63.159.129.0;63.159.129.255;40.7128;-74.006
63.159.130.0;63.159.130.255;39.9526;-75.1652
63.159.131.0;63.159.131.255;33.4484;-112.074
63.159.132.0;63.159.132.255;37.6436;-122.425
63.159.133.0;63.159.133.255;41.5868;-93.625
63.159.134.0;63.159.134.255;44.9778;-93.265
63.159.135.0;63.159.135.255;41.812;-87.6534
63.159.136.0;63.159.136.255;33.4484;-112.074
63.159.137.0;63.159.137.255;42.3601;-71.0589
63.159.138.0;63.159.138.255;39.7684;-86.1581
63.159.139.0;63.159.139.255;44.9778;-93.265
63.159.140.0;63.159.141.255;40.7128;-74.006
63.159.142.0;63.159.142.255;66.8879;-157.14
63.159.143.0;63.159.143.255;41.5977;-93.7867
63.159.144.0;63.159.144.255;40.7128;-74.006
63.159.145.0;63.159.145.255;41.2565;-95.9345
63.159.146.0;63.159.146.255;31.1363;-97.7797
63.159.147.0;63.159.147.255;37.3688;-122.036
63.159.148.0;63.159.148.255;47.6062;-122.332
63.159.149.0;63.159.149.255;33.551;-111.893
63.159.150.0;63.159.150.255;41.8781;-87.6298
63.159.151.0;63.159.151.255;38.4481;-81.8179
63.159.152.0;63.159.153.255;44.9778;-93.265
63.159.154.0;63.159.154.255;33.3199;-80.4118
63.159.155.0;63.159.155.255;33.4484;-112.074
63.159.156.0;63.159.156.255;33.3898;-111.673
63.159.157.0;63.159.157.255;33.8791;-118.396
63.159.158.0;63.159.158.255;40.7128;-74.006
63.159.159.0;63.159.159.255;39.0997;-94.5786
63.159.160.0;63.159.160.255;35.0844;-106.65
63.159.161.0;63.159.161.255;39.0833;-94.5826
63.159.162.0;63.159.162.255;40.7128;-74.006
63.159.163.0;63.159.163.223;43.6055;-116.191
63.159.163.224;63.159.164.255;40.7128;-74.006
63.159.165.0;63.159.165.255;35.9382;-77.7905
63.159.166.0;63.159.166.255;34.0549;-118.243
63.159.167.0;63.159.167.255;41.2565;-95.9345
63.159.168.0;63.159.168.255;40.7128;-74.006
63.159.169.0;63.159.169.255;42.6837;-73.8407
63.159.170.0;63.159.170.255;26.9255;-80.0763
63.159.171.0;63.159.171.255;40.7128;-74.006
63.159.172.0;63.159.172.255;29.7604;-95.3698
63.159.173.0;63.159.173.255;39.0967;-108.612
63.159.174.0;63.159.174.255;41.1365;-96.0225
63.159.175.0;63.159.175.255;40.7128;-74.006
63.159.176.0;63.159.176.255;45.225;-112.63
63.159.177.0;63.159.177.255;40.7128;-74.006
63.159.178.0;63.159.178.255;28.6112;-81.4239
63.159.179.0;63.159.179.255;39.55;-105.034
63.159.180.0;63.159.180.255;30.2151;-97.695
63.159.181.0;63.159.181.255;51.5074;-0.127758
63.159.182.0;63.159.182.255;32.7767;-96.797
63.159.183.0;63.159.183.255;37.7901;-122.403
63.159.184.0;63.159.187.255;40.7128;-74.006
63.159.188.0;63.159.189.255;41.2565;-95.9345
63.159.190.0;63.159.190.255;39.7684;-86.1581
63.159.191.0;63.159.191.255;40.7128;-74.006
63.159.192.0;63.159.192.255;34.0549;-118.243
63.159.193.0;63.159.193.255;36.1699;-115.14
63.159.194.0;63.159.194.255;47.4748;-122.273
63.159.195.0;63.159.195.255;47.2529;-122.442
63.159.196.0;63.159.196.255;40.015;-105.271
63.159.197.0;63.159.197.255;29.1866;-82.1183
63.159.198.0;63.159.198.255;33.7488;-84.3877
63.159.199.0;63.159.199.255;35.8258;-78.7978
63.159.200.0;63.159.200.255;44.7903;-93.2594
63.159.201.0;63.159.201.255;39.7684;-86.1581
63.159.202.0;63.159.202.255;42.3601;-71.0589
63.159.203.0;63.159.203.255;27.9517;-82.4588
63.159.204.0;63.159.204.255;40.7128;-74.006
63.159.205.0;63.159.205.255;33.4484;-112.074
63.159.206.0;63.159.207.255;40.7128;-74.006
63.159.208.0;63.159.208.255;30.3184;-81.6763
63.159.209.0;63.159.209.255;40.7128;-74.006
63.159.210.0;63.159.210.255;36.0624;-115.221
63.159.211.0;63.159.211.255;41.6191;-93.752
63.159.212.0;63.159.212.255;33.7488;-84.3877
63.159.213.0;63.159.213.255;47.658;-117.424
63.159.214.0;63.159.214.255;40.7128;-74.006
63.159.215.0;63.159.215.255;39.7684;-86.1581
63.159.216.0;63.159.217.255;34.0549;-118.243
63.159.218.0;63.159.218.255;41.1262;-104.834
63.159.219.0;63.159.219.255;39.7475;-104.99
63.159.220.0;63.159.220.255;47.4748;-122.273
63.159.221.0;63.159.221.255;30.3497;-97.8008
63.159.222.0;63.159.222.255;41.8781;-87.6298
63.159.223.0;63.159.223.247;44.963;-93.2915
63.159.223.248;63.159.230.15;40.7128;-74.006
63.159.230.16;63.159.230.255;43.615;-116.202
63.159.231.0;63.159.231.255;40.7128;-74.006
63.159.232.0;63.159.232.255;39.0997;-94.5786
63.159.233.0;63.159.233.255;39.0499;-95.6735
63.159.234.0;63.159.234.255;38.6592;-94.3732
63.159.235.0;63.159.235.255;40.7128;-74.006
63.159.236.0;63.159.236.255;29.6527;-95.032
63.159.237.0;63.159.237.255;33.4484;-112.074
63.159.238.0;63.159.238.255;41.0648;-86.2158
63.159.239.0;63.159.239.255;39.7684;-86.1581
63.159.240.0;63.159.240.255;36.8745;-76.3956
63.159.241.0;63.159.241.255;38.8655;-104.715
63.159.242.0;63.159.242.255;40.7128;-74.006
63.159.243.0;63.159.243.255;34.0549;-118.243
63.159.244.0;63.159.244.255;41.8781;-87.6298
63.159.245.0;63.159.245.255;44.9778;-93.265
63.159.246.0;63.159.246.255;39.7392;-104.99
63.159.247.0;63.159.247.255;37.3688;-122.036
63.159.248.0;63.159.248.255;42.3601;-71.0589
63.159.249.0;63.159.249.255;37.4509;-122.34
63.159.250.0;63.159.250.255;38.9586;-77.357
63.159.251.0;63.159.251.255;41.7578;-91.6401
63.159.252.0;63.159.252.255;34.0549;-118.243
63.159.253.0;63.159.253.255;33.6165;-111.905
63.159.254.0;63.159.254.255;47.9769;-122.214
63.159.255.0;63.159.255.255;40.5537;-74.4571
63.160.0.0;63.160.0.255;38.6419;-90.4999
63.160.1.0;63.160.1.255;41.8781;-87.6298
63.160.2.0;63.160.2.255;41.4993;-81.6944
63.160.3.0;63.160.3.255;30.221;-97.7469
63.160.4.0;63.160.4.255;42.2359;-88.8594
63.160.5.0;63.160.5.255;38.9183;-94.6577
63.160.6.0;63.160.6.255;38.4805;-91.8428
63.160.7.0;63.160.7.255;33.8704;-117.924
63.160.8.0;63.160.8.255;38.4805;-91.8428
63.160.9.0;63.160.9.255;41.4993;-81.6944
63.160.10.0;63.160.11.255;42.3601;-71.0589
63.160.12.0;63.160.13.255;42.331;-122.863
63.160.14.0;63.160.14.255;42.7299;-73.6939
63.160.15.0;63.160.15.255;38.9072;-77.0369
63.160.16.0;63.160.16.255;41.4993;-81.6944
63.160.17.0;63.160.17.255;40.7385;-73.9912
63.160.18.0;63.160.18.255;45.5793;-122.571
63.160.19.0;63.160.19.255;38.6907;-90.4491
63.160.20.0;63.160.23.255;41.8781;-87.6298
63.160.24.0;63.160.25.255;41.4993;-81.6944
63.160.26.0;63.160.27.255;41.3787;-79.7039
63.160.28.0;63.160.28.255;42.3601;-71.0589
63.160.29.0;63.160.29.255;37.79;-122.402
63.160.30.0;63.160.31.255;42.3601;-71.0589
63.160.32.0;63.160.38.255;41.8781;-87.6298
63.160.39.0;63.160.39.255;41.2019;-81.1786
63.160.40.0;63.160.41.255;40.3997;-82.4482
63.160.42.0;63.160.42.255;42.3601;-71.0589
63.160.43.0;63.160.43.255;37.5407;-77.4361
63.160.44.0;63.160.44.255;41.4748;-84.5525
63.160.45.0;63.160.45.255;39.0438;-77.4874
63.160.46.0;63.160.47.255;41.3508;-105.589
63.160.48.0;63.160.48.255;41.4993;-81.6944
63.160.49.0;63.160.49.255;39.7081;-86.3887
63.160.50.0;63.160.50.255;41.8703;-88.2807
63.160.51.0;63.160.51.255;38.6436;-121.129
63.160.52.0;63.160.52.255;31.7307;-98.9847
63.160.53.0;63.160.53.255;40.1398;-76.5829
63.160.54.0;63.160.54.255;21.3335;-157.87
63.160.55.0;63.160.55.255;41.6049;-81.4764
63.160.56.0;63.160.57.255;33.0623;-96.901
63.160.58.0;63.160.59.31;41.4993;-81.6944
63.160.59.32;63.160.59.255;29.7604;-95.3698
63.160.60.0;63.160.63.255;36.6791;-77.5474
63.160.64.0;63.160.64.255;46.8514;-114.012
63.160.65.0;63.160.65.255;34.0195;-118.491
63.160.66.0;63.160.66.255;42.3601;-71.0589
63.160.67.0;63.160.67.255;38.9072;-77.0369
63.160.68.0;63.160.68.255;37.6528;-121.013
63.160.69.0;63.160.69.255;32.5134;-94.7499
63.160.70.0;63.160.71.255;41.4993;-81.6944
63.160.72.0;63.160.72.255;37.1297;-80.4138
63.160.73.0;63.160.73.255;41.8781;-87.6298
63.160.74.0;63.160.75.255;44.2838;-70.3738
63.160.76.0;63.160.76.255;40.5307;-74.6277
63.160.77.0;63.160.77.255;41.4993;-81.6944
63.160.78.0;63.160.79.255;33.829;-118.213
63.160.80.0;63.160.80.255;41.4993;-81.6944
63.160.81.0;63.160.81.255;33.7414;-118.105
63.160.82.0;63.160.82.255;41.4993;-81.6944
63.160.83.0;63.160.83.255;44.4759;-73.2121
63.160.84.0;63.160.84.255;39.1271;-84.5144
63.160.85.0;63.160.85.255;29.7385;-95.5614
63.160.86.0;63.160.86.255;31.2708;-89.3591
63.160.87.0;63.160.88.255;41.4993;-81.6944
63.160.89.0;63.160.89.255;38.0187;-84.5514
63.160.90.0;63.160.90.255;44.4759;-73.2121
63.160.91.0;63.160.91.255;34.1396;-118.134
63.160.92.0;63.160.92.255;33.4949;-111.922
63.160.93.0;63.160.93.255;42.8695;-85.6448
63.160.94.0;63.160.94.255;35.9572;-83.9284
63.160.95.0;63.160.95.255;39.9526;-75.1652
63.160.96.0;63.160.96.255;42.0047;-87.9577
63.160.97.0;63.160.97.255;41.0365;-73.666
63.160.98.0;63.160.98.255;42.4709;-70.9176
63.160.99.0;63.160.99.255;35.6127;-77.3664
63.160.100.0;63.160.100.255;33.0227;-96.7194
63.160.101.0;63.160.101.255;41.4993;-81.6944
63.160.102.0;63.160.103.255;30.3435;-97.7026
63.160.104.0;63.160.104.255;41.4993;-81.6944
63.160.105.0;63.160.105.255;47.599;-122.334
63.160.106.0;63.160.106.255;39.2904;-76.6122
63.160.107.0;63.160.107.255;41.8781;-87.6298
63.160.108.0;63.160.111.255;36.1336;-80.6641
63.160.112.0;63.160.113.255;41.4993;-81.6944
63.160.114.0;63.160.114.255;29.7058;-95.4588
63.160.115.0;63.160.115.255;39.0438;-77.4874
63.160.116.0;63.160.117.255;38.8407;-77.4391
63.160.118.0;63.160.119.255;32.7699;-96.8629
63.160.120.0;63.160.121.255;42.4709;-70.9176
63.160.122.0;63.160.122.255;44.3072;-96.7566
63.160.123.0;63.160.123.255;41.8781;-87.6298
63.160.124.0;63.160.124.255;41.4993;-81.6944
63.160.125.0;63.160.125.255;44.9968;-101.235
63.160.126.0;63.160.127.255;33.8616;-118.156
63.160.128.0;63.160.131.255;41.4993;-81.6944
63.160.132.0;63.160.132.255;39.0997;-94.5786
63.160.133.0;63.160.133.255;44.6153;-95.6665
63.160.134.0;63.160.134.255;25.7617;-80.1918
63.160.135.0;63.160.135.255;41.1108;-112.026
63.160.136.0;63.160.136.255;39.9917;-82.8416
63.160.137.0;63.160.137.255;34.0549;-118.243
63.160.138.0;63.160.138.255;42.783;-71.246
63.160.139.0;63.160.139.255;38.9085;-77.4568
63.160.140.0;63.160.140.255;-23.5475;-46.6361
63.160.141.0;63.160.141.255;38.0501;-85.5458
63.160.142.0;63.160.144.255;41.4993;-81.6944
63.160.145.0;63.160.145.255;26.148;-98.3451
63.160.146.0;63.160.146.255;34.1396;-118.134
63.160.147.0;63.160.147.255;41.8781;-87.6298
63.160.148.0;63.160.149.255;37.6978;-83.9674
63.160.150.0;63.160.150.255;41.4993;-81.6944
63.160.151.0;63.160.151.255;40.7128;-74.006
63.160.152.0;63.160.155.255;42.2925;-85.5807
63.160.156.0;63.160.156.255;32.7767;-96.797
63.160.157.0;63.160.159.255;41.4993;-81.6944
63.160.160.0;63.160.163.255;41.8094;-88.1002
63.160.164.0;63.160.167.255;42.3334;-71.5768
63.160.168.0;63.160.171.255;25.7492;-80.2635
63.160.172.0;63.160.172.255;39.5734;-104.81
63.160.173.0;63.160.173.255;41.4993;-81.6944
63.160.174.0;63.160.174.255;39.4484;-119.753
63.160.175.0;63.160.175.255;35.1754;-79.3948
63.160.176.0;63.160.176.255;34.7656;-92.453
63.160.177.0;63.160.177.255;38.9183;-94.6577
63.160.178.0;63.160.178.255;39.0067;-77.4291
63.160.179.0;63.160.179.255;37.4167;-121.923
63.160.180.0;63.160.183.255;38.9072;-77.0369
63.160.184.0;63.160.184.255;41.4993;-81.6944
63.160.185.0;63.160.185.255;40.7074;-99.0817
63.160.186.0;63.160.186.255;41.4993;-81.6944
63.160.187.0;63.160.187.255;40.042;-86.8981
63.160.188.0;63.160.191.255;39.0438;-77.4874
63.160.192.0;63.160.198.255;47.2944;-101.623
63.160.199.0;63.160.199.255;38.6833;-87.5169
63.160.200.0;63.160.200.255;41.4993;-81.6944
63.160.201.0;63.160.201.255;45.5122;-122.659
63.160.202.0;63.160.202.255;39.9917;-82.8416
63.160.203.0;63.160.203.255;32.8764;-96.7682
63.160.204.0;63.160.207.255;39.0438;-77.4874
63.160.208.0;63.160.208.127;41.8781;-87.6298
63.160.208.128;63.160.211.255;41.4993;-81.6944
63.160.212.0;63.160.215.255;41.8803;-87.6375
63.160.216.0;63.160.218.255;41.8781;-87.6298
63.160.219.0;63.160.219.255;38.9156;-94.6587
63.160.220.0;63.160.220.255;39.4484;-119.753
63.160.221.0;63.160.221.255;37.8955;-122.514
63.160.222.0;63.160.239.255;41.4993;-81.6944
63.160.240.0;63.160.241.255;47.2943;-101.625
63.160.242.0;63.160.242.255;34.0211;-118.4
63.160.243.0;63.160.243.255;26.6186;-80.1534
63.160.244.0;63.160.244.255;40.4203;-91.7196
63.160.245.0;63.160.245.255;37.4115;-122.148
63.160.246.0;63.160.247.255;41.4993;-81.6944
63.160.248.0;63.160.248.255;32.7242;-114.618
63.160.249.0;63.160.249.127;40.8087;-96.7095
63.160.249.128;63.160.251.255;41.4993;-81.6944
63.160.252.0;63.160.252.255;37.084;-76.4698
63.160.253.0;63.160.253.255;37.469;-121.927
63.160.254.0;63.160.254.255;41.4993;-81.6944
63.160.255.0;63.160.255.255;41.2779;-96.2359
63.161.0.0;63.161.0.255;39.0158;-77.4599
63.161.1.0;63.161.1.255;41.8398;-87.9536
63.161.2.0;63.161.2.255;40.7391;-89.0171
63.161.3.0;63.161.3.255;41.8928;-87.6211
63.161.4.0;63.161.5.255;38.7939;-77.1675
63.161.6.0;63.161.6.255;41.4993;-81.6944
63.161.7.0;63.161.7.255;35.2271;-80.8431
63.161.8.0;63.161.8.255;41.1084;-79.8989
63.161.9.0;63.161.9.255;40.8653;-74.4174
63.161.10.0;63.161.11.255;29.7332;-95.4305
63.161.12.0;63.161.12.255;41.4993;-81.6944
63.161.13.0;63.161.13.255;42.3601;-71.0589
63.161.14.0;63.161.15.255;41.4993;-81.6944
63.161.16.0;63.161.31.255;46.7328;-117.002
63.161.32.0;63.161.32.255;41.4993;-81.6944
63.161.33.0;63.161.33.255;41.8781;-87.6298
63.161.34.0;63.161.34.255;38.6911;-90.3933
63.161.35.0;63.161.35.255;39.0407;-84.6146
63.161.36.0;63.161.37.255;41.4993;-81.6944
63.161.38.0;63.161.38.255;42.0647;-87.689
63.161.39.0;63.161.39.255;32.7986;-96.8025
63.161.40.0;63.161.40.255;34.2859;-118.785
63.161.41.0;63.161.42.255;41.4993;-81.6944
63.161.43.0;63.161.43.255;39.9537;-75.1681
63.161.44.0;63.161.44.255;41.8781;-87.6298
63.161.45.0;63.161.47.255;41.4993;-81.6944
63.161.48.0;63.161.48.255;33.711;-117.855
63.161.49.0;63.161.49.255;42.229;-85.5389
63.161.50.0;63.161.50.255;41.4993;-81.6944
63.161.51.0;63.161.51.255;44.9669;-93.3557
63.161.52.0;63.161.52.255;41.4993;-81.6944
63.161.53.0;63.161.53.255;44.5174;-88.0451
63.161.54.0;63.161.54.255;37.7615;-122.412
63.161.55.0;63.161.55.255;40.7771;-73.4156
63.161.56.0;63.161.57.167;41.4993;-81.6944
63.161.57.168;63.161.57.255;25.7492;-80.2635
63.161.58.0;63.161.58.255;39.0438;-77.4874
63.161.59.0;63.161.60.255;41.4993;-81.6944
63.161.61.0;63.161.61.255;35.0886;-84.0347
63.161.62.0;63.161.62.255;41.4993;-81.6944
63.161.63.0;63.161.63.255;25.7752;-80.28
63.161.64.0;63.161.65.255;41.8781;-87.6298
63.161.66.0;63.161.66.127;44.9778;-93.265
63.161.66.128;63.161.67.255;41.4993;-81.6944
63.161.68.0;63.161.68.255;33.9156;-84.353
63.161.69.0;63.161.69.127;42.2586;-87.8406
63.161.69.128;63.161.70.255;41.4993;-81.6944
63.161.71.0;63.161.71.255;35.6115;-77.3752
63.161.72.0;63.161.73.255;41.4993;-81.6944
63.161.74.0;63.161.74.255;41.0965;-74.0084
63.161.75.0;63.161.75.255;32.7767;-96.797
63.161.76.0;63.161.79.255;40.5918;-77.579
63.161.80.0;63.161.81.255;36.6793;-79.8515
63.161.82.0;63.161.82.255;39.9612;-82.9988
63.161.83.0;63.161.83.255;41.4993;-81.6944
63.161.84.0;63.161.84.255;26.5468;-81.9132
63.161.85.0;63.161.85.255;37.3769;-121.923
63.161.86.0;63.161.86.255;38.6857;-121.082
63.161.87.0;63.161.87.255;41.4993;-81.6944
63.161.88.0;63.161.91.255;38.9072;-77.0369
63.161.92.0;63.161.92.255;41.4993;-81.6944
63.161.93.0;63.161.93.255;40.8713;-74.4504
63.161.94.0;63.161.94.255;34.1474;-118.154
63.161.95.0;63.161.97.255;41.4993;-81.6944
63.161.98.0;63.161.103.255;40.3985;-91.3856
63.161.104.0;63.161.107.255;41.9867;-88.0176
63.161.108.0;63.161.108.255;41.854;-89.4869
63.161.109.0;63.161.109.255;33.0061;-96.7394
63.161.110.0;63.161.110.255;47.658;-117.424
63.161.111.0;63.161.111.255;41.4993;-81.6944
63.161.112.0;63.161.112.255;27.9517;-82.4588
63.161.113.0;63.161.113.255;41.4993;-81.6944
63.161.114.0;63.161.114.255;27.9468;-82.457
63.161.115.0;63.161.115.255;40.0109;-79.0779
63.161.116.0;63.161.117.255;40.97;-73.7176
63.161.118.0;63.161.118.255;38.9072;-77.0369
63.161.119.0;63.161.121.255;41.4993;-81.6944
63.161.122.0;63.161.122.255;40.8657;-124.085
63.161.123.0;63.161.123.255;32.7767;-96.797
63.161.124.0;63.161.127.255;42.3601;-71.0589
63.161.128.0;63.161.130.255;41.4993;-81.6944
63.161.131.0;63.161.131.255;43.1566;-77.6088
63.161.132.0;63.161.132.127;38.9072;-77.0369
63.161.132.128;63.161.134.255;41.4993;-81.6944
63.161.135.0;63.161.135.255;43.0301;-87.912
63.161.136.0;63.161.136.255;37.0659;-94.5681
63.161.137.0;63.161.137.255;41.4993;-81.6944
63.161.138.0;63.161.138.255;40.5621;-74.3346
63.161.139.0;63.161.139.255;41.4993;-81.6944
63.161.140.0;63.161.140.255;39.7788;-77.6736
63.161.141.0;63.161.142.255;41.4993;-81.6944
63.161.143.0;63.161.143.255;18.3575;-66.111
63.161.144.0;63.161.144.255;42.4311;-83.4833
63.161.145.0;63.161.147.255;41.4993;-81.6944
63.161.148.0;63.161.148.255;33.9671;-84.2258
63.161.149.0;63.161.149.255;33.0236;-96.6982
63.161.150.0;63.161.151.255;46.2141;-119.211
63.161.152.0;63.161.153.255;40.7391;-114.073
63.161.154.0;63.161.154.255;41.4993;-81.6944
63.161.155.0;63.161.155.255;36.1627;-86.7816
63.161.156.0;63.161.156.255;41.8781;-87.6298
63.161.157.0;63.161.157.255;26.273;-80.2607
63.161.158.0;63.161.158.255;40.7621;-73.9846
63.161.159.0;63.161.159.255;33.4034;-111.991
63.161.160.0;63.161.161.255;41.4993;-81.6944
63.161.162.0;63.161.162.255;41.2569;-96.0808
63.161.163.0;63.161.163.255;44.7971;-91.4415
63.161.164.0;63.161.168.63;38.9072;-77.0369
63.161.168.64;63.161.168.255;40.8064;-73.1241
63.161.169.0;63.161.169.255;39.1071;-77.8499
63.161.170.0;63.161.170.255;41.4748;-84.5525
63.161.171.0;63.161.171.255;43.1475;-93.2395
63.161.172.0;63.161.172.255;26.2783;-80.2904
63.161.173.0;63.161.173.255;41.4993;-81.6944
63.161.174.0;63.161.174.255;40.0413;-76.4153
63.161.175.0;63.161.175.255;41.4993;-81.6944
63.161.176.0;63.161.176.255;38.9415;-94.6035
63.161.177.0;63.161.177.255;45.4235;-122.588
63.161.178.0;63.161.178.255;32.9584;-96.7193
63.161.179.0;63.161.179.255;35.1696;-89.853
63.161.180.0;63.161.181.255;34.9853;-114.598
63.161.182.0;63.161.182.255;8.49132;-13.2351
63.161.183.0;63.161.183.255;33.1016;-96.6711
63.161.184.0;63.161.184.255;39.0943;-77.1783
63.161.185.0;63.161.185.255;40.2026;-77.1801
63.161.186.0;63.161.186.255;39.5597;-104.864
63.161.187.0;63.161.187.255;29.7756;-95.784
63.161.188.0;63.161.188.255;38.8335;-104.824
63.161.189.0;63.161.189.255;41.4993;-81.6944
63.161.190.0;63.161.190.255;40.4406;-79.9959
63.161.191.0;63.161.191.255;40.7605;-73.9732
63.161.192.0;63.161.192.255;41.4993;-81.6944
63.161.193.0;63.161.193.255;34.0195;-118.491
63.161.194.0;63.161.198.255;39.071;-76.9583
63.161.199.0;63.161.199.255;40.1408;-75.1926
63.161.200.0;63.161.200.255;41.4993;-81.6944
63.161.201.0;63.161.201.255;40.7598;-82.5216
63.161.202.0;63.161.202.255;21.2865;-157.813
63.161.203.0;63.161.203.255;33.0227;-96.7194
63.161.204.0;63.161.207.255;41.4993;-81.6944
63.161.208.0;63.161.215.255;40.7128;-74.006
63.161.216.0;63.161.216.255;36.1636;-115.292
63.161.217.0;63.161.217.255;41.4993;-81.6944
63.161.218.0;63.161.218.255;40.2811;-86.5103
63.161.219.0;63.161.219.255;40.7893;-74.6845
63.161.220.0;63.161.221.255;38.6565;-96.5207
63.161.222.0;63.161.223.255;37.6211;-122.411
63.161.224.0;63.161.225.255;41.4993;-81.6944
63.161.226.0;63.161.227.255;37.2656;-97.3987
63.161.228.0;63.161.231.255;42.4963;-96.3961
63.161.232.0;63.161.238.255;41.8781;-87.6298
63.161.239.0;63.161.239.255;15.5496;-88.0055
63.161.240.0;63.161.240.255;41.8781;-87.6298
63.161.241.0;63.161.241.255;36.0887;-79.8074
63.161.242.0;63.161.243.255;41.4993;-81.6944
63.161.244.0;63.161.247.255;45.4022;-92.6198
63.161.248.0;63.161.248.255;40.6014;-74.6237
63.161.249.0;63.161.251.255;41.4993;-81.6944
63.161.252.0;63.161.253.255;37.991;-85.7139
63.161.254.0;63.161.255.255;30.3435;-97.7026
63.162.0.0;63.162.0.255;41.4993;-81.6944
63.162.1.0;63.162.1.255;40.7091;-74.0085
63.162.2.0;63.162.3.255;30.2163;-81.5695
63.162.4.0;63.162.4.255;34.0395;-84.2918
63.162.5.0;63.162.5.255;34.2739;-83.8236
63.162.6.0;63.162.6.255;41.4993;-81.6944
63.162.7.0;63.162.7.255;41.6725;-86.246
63.162.8.0;63.162.9.255;41.5737;-75.5028
63.162.10.0;63.162.10.255;36.7692;-76.104
63.162.11.0;63.162.12.255;41.4993;-81.6944
63.162.13.0;63.162.13.255;41.2307;-73.064
63.162.14.0;63.162.14.255;41.4993;-81.6944
63.162.15.0;63.162.15.255;43.0999;-77.5875
63.162.16.0;63.162.31.255;40.4525;-74.4767
63.162.32.0;63.162.32.127;36.3223;-86.7133
63.162.32.128;63.162.33.255;41.4993;-81.6944
63.162.34.0;63.162.34.255;40.7836;-74.5851
63.162.35.0;63.162.37.255;41.4993;-81.6944
63.162.38.0;63.162.38.255;26.325;-80.1142
63.162.39.0;63.162.39.255;40.7418;-88.5086
63.162.40.0;63.162.40.255;45.5187;-122.685
63.162.41.0;63.162.41.255;40.8725;-74.43
63.162.42.0;63.162.43.255;42.4427;-71.456
63.162.44.0;63.162.44.255;41.4993;-81.6944
63.162.45.0;63.162.45.255;47.6012;-122.627
63.162.46.0;63.162.46.255;41.4993;-81.6944
63.162.47.0;63.162.47.255;32.914;-117.228
63.162.48.0;63.162.48.255;40.7095;-74.0091
63.162.49.0;63.162.49.255;18.425;-66.0582
63.162.50.0;63.162.50.255;41.4993;-81.6944
63.162.51.0;63.162.51.255;35.2627;-77.5816
63.162.52.0;63.162.52.255;32.9597;-97.0254
63.162.53.0;63.162.53.255;28.5734;-81.2032
63.162.54.0;63.162.54.255;26.1997;-97.6779
63.162.55.0;63.162.55.255;37.3541;-121.955
63.162.56.0;63.162.56.255;30.3435;-97.7026
63.162.57.0;63.162.57.255;34.0475;-118.257
63.162.58.0;63.162.58.255;39.7147;-84.1067
63.162.59.0;63.162.59.255;35.7292;-81.3333
63.162.60.0;63.162.61.255;40.2715;-75.9157
63.162.62.0;63.162.63.63;41.4993;-81.6944
63.162.63.64;63.162.63.255;34.0195;-118.491
63.162.64.0;63.162.65.255;32.6134;-83.6885
63.162.66.0;63.162.66.255;41.4993;-81.6944
63.162.67.0;63.162.67.255;39.7008;-86.0764
63.162.68.0;63.162.68.255;33.928;-117.876
63.162.69.0;63.162.69.255;32.9394;-96.8373
63.162.70.0;63.162.70.255;41.4993;-81.6944
63.162.71.0;63.162.71.255;30.3259;-81.6619
63.162.72.0;63.162.79.255;44.384;-123.11
63.162.80.0;63.162.95.255;41.0081;-91.9715
63.162.96.0;63.162.96.255;41.4993;-81.6944
63.162.97.0;63.162.97.255;32.936;-96.9171
63.162.98.0;63.162.103.255;27.3375;-82.533
63.162.104.0;63.162.104.255;39.9762;-83.0171
63.162.105.0;63.162.105.255;41.8781;-87.6298
63.162.106.0;63.162.107.255;33.7766;-84.2961
63.162.108.0;63.162.111.255;42.3601;-71.0589
63.162.112.0;63.162.112.255;46.4643;-84.3749
63.162.113.0;63.162.113.255;44.4614;-73.1238
63.162.114.0;63.162.114.255;37.7638;-89.3362
63.162.115.0;63.162.115.255;40.818;-96.711
63.162.116.0;63.162.119.255;41.3787;-79.7039
63.162.120.0;63.162.127.255;43.0756;-89.5243
63.162.128.0;63.162.129.255;36.5903;-84.1265
63.162.130.0;63.162.131.255;42.3282;-83.0465
63.162.132.0;63.162.133.255;40.3729;-111.787
63.162.134.0;63.162.134.255;27.9517;-82.4588
63.162.135.0;63.162.135.255;40.1173;-80.0076
63.162.136.0;63.162.137.255;39.8985;-79.7237
63.162.138.0;63.162.138.255;38.6923;-90.3521
63.162.139.0;63.162.139.63;38.9667;-94.6169
63.162.139.64;63.162.141.255;41.4993;-81.6944
63.162.142.0;63.162.142.255;34.0522;-118.244
63.162.143.0;63.162.143.255;38.9011;-77.0233
63.162.144.0;63.162.144.255;41.7943;-110.539
63.162.145.0;63.162.145.255;31.8924;-102.336
63.162.146.0;63.162.146.255;41.4993;-81.6944
63.162.147.0;63.162.147.255;33.7952;-117.89
63.162.148.0;63.162.149.255;42.091;-80.1207
63.162.150.0;63.162.151.255;32.9711;-96.7051
63.162.152.0;63.162.152.255;41.8834;-87.6374
63.162.153.0;63.162.153.255;42.499;-96.4045
63.162.154.0;63.162.154.255;41.4993;-81.6944
63.162.155.0;63.162.155.255;37.7933;-122.394
63.162.156.0;63.162.157.255;41.4993;-81.6944
63.162.158.0;63.162.158.255;40.787;-73.9781
63.162.159.0;63.162.159.127;39.7817;-89.6501
63.162.159.128;63.162.162.255;41.4993;-81.6944
63.162.163.0;63.162.163.255;42.3185;-87.8493
63.162.164.0;63.162.164.255;41.4993;-81.6944
63.162.165.0;63.162.165.255;39.1045;-94.5895
63.162.166.0;63.162.167.255;41.4993;-81.6944
63.162.168.0;63.162.168.255;37.5358;-77.4356
63.162.169.0;63.162.169.255;40.1642;-75.0563
63.162.170.0;63.162.170.255;38.5116;-89.8105
63.162.171.0;63.162.171.255;35.7868;-80.921
63.162.172.0;63.162.172.255;27.7931;-82.6801
63.162.173.0;63.162.173.255;41.4993;-81.6944
63.162.174.0;63.162.175.255;36.9749;-122.026
63.162.176.0;63.162.177.255;41.4993;-81.6944
63.162.178.0;63.162.178.255;37.711;-121.714
63.162.179.0;63.162.179.255;40.7335;-82.7857
63.162.180.0;63.162.180.255;41.4993;-81.6944
63.162.181.0;63.162.181.255;41.5059;-81.689
63.162.182.0;63.162.182.255;39.809;-85.7762
63.162.183.0;63.162.183.255;33.4034;-111.991
63.162.184.0;63.162.184.255;41.4993;-81.6944
63.162.185.0;63.162.185.255;32.2011;-110.82
63.162.186.0;63.162.187.255;38.9183;-94.6577
63.162.188.0;63.162.189.255;41.4993;-81.6944
63.162.190.0;63.162.190.255;42.3302;-83.0475
63.162.191.0;63.162.191.255;33.6805;-117.85
63.162.192.0;63.162.193.255;42.3601;-71.0589
63.162.194.0;63.162.194.255;41.4993;-81.6944
63.162.195.0;63.162.195.255;42.182;-94.9704
63.162.196.0;63.162.196.255;41.4993;-81.6944
63.162.197.0;63.162.199.255;26.5629;-81.9495
63.162.200.0;63.162.204.255;36.8508;-76.2859
63.162.205.0;63.162.206.255;35.2271;-80.8431
63.162.207.0;63.162.207.255;36.8508;-76.2859
63.162.208.0;63.162.208.255;41.4993;-81.6944
63.162.209.0;63.162.209.255;41.1177;-73.4082
63.162.210.0;63.162.211.255;33.5858;-86.288
63.162.212.0;63.162.213.255;42.3601;-71.0589
63.162.214.0;63.162.214.255;38.9622;-104.79
63.162.215.0;63.162.215.255;41.4993;-81.6944
63.162.216.0;63.162.216.255;38.8814;-99.317
63.162.217.0;63.162.217.255;41.4993;-81.6944
63.162.218.0;63.162.218.255;35.1728;-80.9258
63.162.219.0;63.162.219.255;31.1459;-97.3796
63.162.220.0;63.162.221.255;37.4904;-121.954
63.162.222.0;63.162.224.255;41.4993;-81.6944
63.162.225.0;63.162.225.95;38.9822;-94.6708
63.162.225.96;63.162.227.255;41.4993;-81.6944
63.162.228.0;63.162.228.255;33.7018;-117.923
63.162.229.0;63.162.229.255;40.1171;-88.2439
63.162.230.0;63.162.230.255;41.4993;-81.6944
63.162.231.0;63.162.231.255;42.5599;-71.433
63.162.232.0;63.162.232.255;40.5334;-74.529
63.162.233.0;63.162.233.255;40.9098;-78.209
63.162.234.0;63.162.234.255;42.3654;-71.0879
63.162.235.0;63.162.235.255;41.4993;-81.6944
63.162.236.0;63.162.236.255;34.1829;-118.882
63.162.237.0;63.162.237.255;30.5387;-89.6716
63.162.238.0;63.162.240.255;41.4993;-81.6944
63.162.241.0;63.162.241.255;39.1468;-123.206
63.162.242.0;63.162.242.255;40.2888;-74.7088
63.162.243.0;63.162.243.255;42.2626;-71.8023
63.162.244.0;63.162.244.255;40.8213;-96.6562
63.162.245.0;63.162.245.255;41.5059;-81.689
63.162.246.0;63.162.247.255;39.0949;-74.7233
63.162.248.0;63.162.251.255;48.4106;-114.345
63.162.252.0;63.162.252.255;40.711;-74.0014
63.162.253.0;63.162.253.255;38.3482;-81.6315
63.162.254.0;63.163.0.255;41.4993;-81.6944
63.163.1.0;63.163.1.255;25.8289;-80.2836
63.163.2.0;63.163.3.255;29.7332;-95.4305
63.163.4.0;63.163.7.255;29.7756;-95.784
63.163.8.0;63.163.8.255;36.0554;-79.5984
63.163.9.0;63.163.9.255;43.0802;-75.3277
63.163.10.0;63.163.10.255;40.8549;-73.965
63.163.11.0;63.163.12.255;41.4993;-81.6944
63.163.13.0;63.163.13.255;37.9236;-104.93
63.163.14.0;63.163.14.255;33.8863;-84.4625
63.163.15.0;63.163.15.255;41.4993;-81.6944
63.163.16.0;63.163.16.255;34.0589;-118.417
63.163.17.0;63.163.17.255;42.6064;-83.1498
63.163.18.0;63.163.18.255;41.6797;-83.6291
63.163.19.0;63.163.19.255;40.8077;-73.9389
63.163.20.0;63.163.23.255;39.3635;-101.377
63.163.24.0;63.163.24.255;41.4993;-81.6944
63.163.25.0;63.163.25.255;36.9461;-77.4075
63.163.26.0;63.163.26.255;41.2753;-73.13
63.163.27.0;63.163.27.255;39.7805;-105.177
63.163.28.0;63.163.31.255;45.545;-122.928
63.163.32.0;63.163.32.255;40.4123;-105.004
63.163.33.0;63.163.33.255;41.4993;-81.6944
63.163.34.0;63.163.34.255;37.8931;-122.064
63.163.35.0;63.163.35.255;42.5241;-71.2514
63.163.36.0;63.163.36.255;41.4993;-81.6944
63.163.37.0;63.163.39.255;38.8814;-99.317
63.163.40.0;63.163.43.255;44.5354;-68.3547
63.163.44.0;63.163.46.255;41.4993;-81.6944
63.163.47.0;63.163.47.255;34.1557;-118.831
63.163.48.0;63.163.48.255;36.0999;-80.2442
63.163.49.0;63.163.49.255;36.0835;-102.546
63.163.50.0;63.163.51.255;40.8017;-124.163
63.163.52.0;63.163.53.255;42.3861;-71.0179
63.163.54.0;63.163.54.255;41.4993;-81.6944
63.163.55.0;63.163.55.255;32.8998;-97.0403
63.163.56.0;63.163.56.255;35.9075;-94.9737
63.163.57.0;63.163.57.255;40.7594;-73.98
63.163.58.0;63.163.59.255;41.4993;-81.6944
63.163.60.0;63.163.60.255;26.273;-80.2607
63.163.61.0;63.163.61.255;39.1735;-76.8015
63.163.62.0;63.163.63.255;41.8741;-103.668
63.163.64.0;63.163.64.255;44.9778;-93.265
63.163.65.0;63.163.65.255;41.4993;-81.6944
63.163.66.0;63.163.66.255;26.6186;-80.1693
63.163.67.0;63.163.67.255;41.4993;-81.6944
63.163.68.0;63.163.68.255;42.3325;-122.88
63.163.69.0;63.163.69.255;45.526;-122.681
63.163.70.0;63.163.71.255;35.1754;-79.3948
63.163.72.0;63.163.72.255;41.4993;-81.6944
63.163.73.0;63.163.73.255;42.364;-71.0918
63.163.74.0;63.163.75.255;40.0413;-76.4153
63.163.76.0;63.163.77.255;42.8107;-73.9381
63.163.78.0;63.163.78.255;36.0302;-86.7879
63.163.79.0;63.163.79.255;40.0067;-75.1124
63.163.80.0;63.163.82.79;41.4993;-81.6944
63.163.82.80;63.163.82.255;34.1808;-118.309
63.163.83.0;63.163.83.255;32.9291;-96.8423
63.163.84.0;63.163.87.255;40.564;-87.8933
63.163.88.0;63.163.88.255;34.429;-119.712
63.163.89.0;63.163.89.255;37.9509;-91.7719
63.163.90.0;63.163.90.255;41.4993;-81.6944
63.163.91.0;63.163.91.255;34.1808;-118.309
63.163.92.0;63.163.93.255;41.4993;-81.6944
63.163.94.0;63.163.94.255;39.7437;-104.985
63.163.95.0;63.163.95.255;41.4993;-81.6944
63.163.96.0;63.163.96.255;29.7328;-95.4326
63.163.97.0;63.163.97.255;41.4993;-81.6944
63.163.98.0;63.163.98.255;40.7764;-96.7016
63.163.99.0;63.163.99.255;41.4993;-81.6944
63.163.100.0;63.163.100.255;38.2237;-122.264
63.163.101.0;63.163.101.255;42.4375;-123.325
63.163.102.0;63.163.102.255;34.1474;-118.154
63.163.103.0;63.163.103.255;41.2561;-96.0754
63.163.104.0;63.163.104.255;41.88;-88.0078
63.163.105.0;63.163.105.255;41.4993;-81.6944
63.163.106.0;63.163.106.255;37.3618;-89.1646
63.163.107.0;63.163.107.255;37.4167;-121.923
63.163.108.0;63.163.109.255;41.6553;-75.4656
63.163.110.0;63.163.110.127;37.798;-122.398
63.163.110.128;63.163.111.255;41.4993;-81.6944
63.163.112.0;63.163.112.255;29.7756;-95.784
63.163.113.0;63.163.113.255;37.6282;-122.425
63.163.114.0;63.163.114.255;39.0522;-94.4726
63.163.115.0;63.163.115.255;35.6127;-77.3664
63.163.116.0;63.163.117.255;41.4993;-81.6944
63.163.118.0;63.163.118.255;26.5794;-81.8499
63.163.119.0;63.163.119.255;41.4993;-81.6944
63.163.120.0;63.163.127.255;43.0756;-89.5243
63.163.128.0;63.163.128.255;27.3375;-82.533
63.163.129.0;63.163.129.255;36.0355;-95.8637
63.163.130.0;63.163.130.255;40.1845;-74.7067
63.163.131.0;63.163.131.255;41.4993;-81.6944
63.163.132.0;63.163.132.255;39.9592;-75.1481
63.163.133.0;63.163.133.255;33.4501;-111.988
63.163.134.0;63.163.134.255;41.5846;-93.7732
63.163.135.0;63.163.135.255;41.2436;-82.5757
63.163.136.0;63.163.139.255;40.6255;-103.222
63.163.140.0;63.163.141.255;41.4993;-81.6944
63.163.142.0;63.163.142.255;29.8511;-95.5078
63.163.143.0;63.163.144.255;41.4993;-81.6944
63.163.145.0;63.163.145.255;46.5923;-120.522
63.163.146.0;63.163.146.255;42.1138;-87.8762
63.163.147.0;63.163.147.255;39.5908;-104.837
63.163.148.0;63.163.148.255;41.4993;-81.6944
63.163.149.0;63.163.149.255;40.6255;-103.222
63.163.150.0;63.163.150.255;41.2457;-73.0763
63.163.151.0;63.163.151.255;41.4993;-81.6944
63.163.152.0;63.163.152.255;39.9612;-82.9988
63.163.153.0;63.163.153.255;37.469;-121.927
63.163.154.0;63.163.154.255;39.5697;-104.868
63.163.155.0;63.163.155.255;41.8781;-87.6298
63.163.156.0;63.163.159.255;38.2492;-122.041
63.163.160.0;63.163.160.255;35.6127;-77.3664
63.163.161.0;63.163.161.255;40.7488;-98.8455
63.163.162.0;63.163.162.127;25.9769;-80.3451
63.163.162.128;63.163.164.255;41.4993;-81.6944
63.163.165.0;63.163.165.255;40.7523;-73.9688
63.163.166.0;63.163.167.255;40.478;-77.1336
63.163.168.0;63.163.169.255;41.8781;-87.6298
63.163.170.0;63.163.170.255;41.4993;-81.6944
63.163.171.0;63.163.171.255;41.4008;-82.1124
63.163.172.0;63.163.172.255;40.7975;-89.6114
63.163.173.0;63.163.173.255;40.7292;-99.0693
63.163.174.0;63.163.174.255;39.1868;-119.759
63.163.175.0;63.163.175.255;41.236;-96.021
63.163.176.0;63.163.179.255;46.8775;-96.7902
63.163.180.0;63.163.181.255;4.71099;-74.0721
63.163.182.0;63.163.183.255;36.0347;-79.9654
63.163.184.0;63.163.191.255;44.8628;-93.3368
63.163.192.0;63.163.192.255;41.4993;-81.6944
63.163.193.0;63.163.193.255;40.9703;-73.8843
63.163.194.0;63.163.195.255;41.4993;-81.6944
63.163.196.0;63.163.196.255;42.0653;-72.7456
63.163.197.0;63.163.197.255;39.2685;-84.3578
63.163.198.0;63.163.198.255;37.9297;-122.057
63.163.199.0;63.163.199.255;37.6557;-121.017
63.163.200.0;63.163.200.255;33.6846;-117.827
63.163.201.0;63.163.201.255;41.4993;-81.6944
63.163.202.0;63.163.202.255;38.6727;-90.4554
63.163.203.0;63.163.203.255;39.1944;-96.0725
63.163.204.0;63.163.204.255;40.8168;-73.2505
63.163.205.0;63.163.205.255;36.0981;-95.8399
63.163.206.0;63.163.206.255;41.4993;-81.6944
63.163.207.0;63.163.207.255;33.6583;-117.739
63.163.208.0;63.163.208.255;35.1251;-117.984
63.163.209.0;63.163.209.255;25.7894;-80.1315
63.163.210.0;63.163.213.255;41.4993;-81.6944
63.163.214.0;63.163.214.255;40.277;-75.3928
63.163.215.0;63.163.215.255;34.2281;-87.6187
63.163.216.0;63.163.216.255;37.5908;-122.348
63.163.217.0;63.163.217.255;41.4993;-81.6944
63.163.218.0;63.163.218.255;37.3509;-121.904
63.163.219.0;63.163.219.255;29.5174;-98.4366
63.163.220.0;63.163.220.255;41.3787;-79.7039
63.163.221.0;63.163.222.255;41.4993;-81.6944
63.163.223.0;63.163.223.255;35.2271;-80.8431
63.163.224.0;63.163.224.255;40.8549;-73.965
63.163.225.0;63.163.225.255;41.8781;-87.6298
63.163.226.0;63.163.226.255;41.4993;-81.6944
63.163.227.0;63.163.227.255;39.1545;-77.2105
63.163.228.0;63.163.228.255;41.8928;-87.6211
63.163.229.0;63.163.229.255;42.2962;-71.4892
63.163.230.0;63.163.230.255;41.4993;-81.6944
63.163.231.0;63.163.231.255;33.9203;-117.926
63.163.232.0;63.163.232.255;41.4993;-81.6944
63.163.233.0;63.163.233.255;32.589;-96.3089
63.163.234.0;63.163.234.255;40.0217;-75.3181
63.163.235.0;63.163.235.255;41.8884;-87.6355
63.163.236.0;63.163.237.255;39.9485;-75.1689
63.163.238.0;63.163.239.255;30.3259;-81.66
63.163.240.0;63.163.240.255;33.4799;-86.7042
63.163.241.0;63.163.241.255;33.1399;-117.269
63.163.242.0;63.163.242.255;37.4736;-105.856
63.163.243.0;63.163.244.255;41.4993;-81.6944
63.163.245.0;63.163.245.255;40.7367;-74.0303
63.163.246.0;63.163.246.255;41.4993;-81.6944
63.163.247.0;63.163.247.255;41.5042;-81.6909
63.163.248.0;63.163.248.255;41.4993;-81.6944
63.163.249.0;63.163.249.255;38.8841;-94.546
63.163.250.0;63.163.251.255;32.9257;-96.8164
63.163.252.0;63.163.252.255;41.65;-73.9353
63.163.253.0;63.163.253.255;41.0438;-74.0743
63.163.254.0;63.163.254.255;34.0319;-118.454
63.163.255.0;63.164.1.255;41.4993;-81.6944
63.164.2.0;63.164.2.255;33.645;-117.721
63.164.3.0;63.164.3.255;41.8781;-87.6298
63.164.4.0;63.164.4.255;43.0949;-76.1742
63.164.5.0;63.164.5.63;38.9822;-94.6708
63.164.5.64;63.164.6.255;41.4993;-81.6944
63.164.7.0;63.164.7.255;40.4298;-80.1259
63.164.8.0;63.164.8.255;47.5028;-111.302
63.164.9.0;63.164.9.255;41.4993;-81.6944
63.164.10.0;63.164.10.255;39.7286;-75.2279
63.164.11.0;63.164.11.255;33.3814;-86.6695
63.164.12.0;63.164.12.255;34.0549;-118.243
63.164.13.0;63.164.13.255;42.5854;-72.6123
63.164.14.0;63.164.14.255;41.4993;-81.6944
63.164.15.0;63.164.15.255;32.8992;-96.4631
63.164.16.0;63.164.17.255;37.711;-121.714
63.164.18.0;63.164.19.255;37.2048;-80.4119
63.164.20.0;63.164.21.255;40.2017;-79.4633
63.164.22.0;63.164.22.255;42.091;-80.1207
63.164.23.0;63.164.23.255;41.4993;-81.6944
63.164.24.0;63.164.27.255;44.2843;-70.3724
63.164.28.0;63.164.31.255;37.2037;-80.4143
63.164.32.0;63.164.46.255;36.1575;-115.114
63.164.47.0;63.164.47.255;36.1426;-115.176
63.164.48.0;63.164.48.255;42.0057;-87.7199
63.164.49.0;63.164.50.255;41.4993;-81.6944
63.164.51.0;63.164.51.255;39.0571;-95.7669
63.164.52.0;63.164.53.255;38.9226;-77.0537
63.164.54.0;63.164.54.255;41.4993;-81.6944
63.164.55.0;63.164.55.255;33.7585;-84.3944
63.164.56.0;63.164.57.255;-2.18836;-79.88
63.164.58.0;63.164.58.255;41.4993;-81.6944
63.164.59.0;63.164.59.255;40.2026;-77.1801
63.164.60.0;63.164.63.255;44.2838;-70.3738
63.164.64.0;63.164.64.255;25.8782;-80.2096
63.164.65.0;63.164.65.255;44.176;-93.9439
63.164.66.0;63.164.66.255;35.1705;-89.8455
63.164.67.0;63.164.67.255;35.0517;-89.7481
63.164.68.0;63.164.68.255;44.176;-93.9439
63.164.69.0;63.164.69.255;41.4573;-87.0248
63.164.70.0;63.164.70.255;41.4993;-81.6944
63.164.71.0;63.164.71.255;32.8998;-96.9601
63.164.72.0;63.164.72.255;37.0254;-93.2234
63.164.73.0;63.164.74.255;41.4993;-81.6944
63.164.75.0;63.164.75.255;38.3047;-76.6607
63.164.76.0;63.164.76.255;32.9274;-96.9125
63.164.77.0;63.164.77.255;37.0856;-121.606
63.164.78.0;63.164.78.255;45.9172;-89.2443
63.164.79.0;63.164.79.255;37.6282;-122.425
63.164.80.0;63.164.81.63;41.4993;-81.6944
63.164.81.64;63.164.81.255;34.1808;-118.309
63.164.82.0;63.164.82.255;45.0651;-93.2215
63.164.83.0;63.164.83.255;40.7583;-73.968
63.164.84.0;63.164.84.255;34.0326;-118.418
63.164.85.0;63.164.87.255;42.3469;-73.6066
63.164.88.0;63.164.88.255;42.9956;-71.4548
63.164.89.0;63.164.89.255;41.4993;-81.6944
63.164.90.0;63.164.90.255;35.6262;-97.4917
63.164.91.0;63.164.91.255;40.7588;-73.6958
63.164.92.0;63.164.92.255;30.4214;-87.2186
63.164.93.0;63.164.93.255;47.6465;-122.142
63.164.94.0;63.164.94.255;33.6413;-117.721
63.164.95.0;63.164.95.255;18.3891;-65.7567
63.164.96.0;63.164.99.255;32.7767;-96.797
63.164.100.0;63.164.100.255;32.7782;-96.7989
63.164.101.0;63.164.103.255;32.7767;-96.797
63.164.104.0;63.164.107.255;41.14;-104.82
63.164.108.0;63.164.111.255;14.0792;-87.1823
63.164.112.0;63.164.115.255;35.7868;-80.921
63.164.116.0;63.164.116.127;39.791;-89.6479
63.164.116.128;63.164.118.255;41.4993;-81.6944
63.164.119.0;63.164.119.255;33.9612;-118.053
63.164.120.0;63.164.122.255;41.4993;-81.6944
63.164.123.0;63.164.123.255;28.54;-81.3792
63.164.124.0;63.164.124.255;34.0536;-118.468
63.164.125.0;63.164.125.255;40.6749;-75.3781
63.164.126.0;63.164.126.255;41.4993;-81.6944
63.164.127.0;63.164.127.255;39.4331;-76.6328
63.164.128.0;63.164.128.255;40.0561;-83.0826
63.164.129.0;63.164.129.255;47.6012;-122.627
63.164.130.0;63.164.130.255;38.6531;-90.3451
63.164.131.0;63.164.131.255;41.4993;-81.6944
63.164.132.0;63.164.132.255;43.9679;-111.682
63.164.133.0;63.164.133.255;41.4993;-81.6944
63.164.134.0;63.164.135.255;33.817;-118.037
63.164.136.0;63.164.136.255;34.0406;-84.5709
63.164.137.0;63.164.139.255;41.4993;-81.6944
63.164.140.0;63.164.141.255;35.3853;-99.402
63.164.142.0;63.164.142.255;41.4993;-81.6944
63.164.143.0;63.164.143.255;42.4995;-85.4091
63.164.144.0;63.164.144.255;34.0763;-117.715
63.164.145.0;63.164.145.255;34.3017;-119.299
63.164.146.0;63.164.148.255;41.4993;-81.6944
63.164.149.0;63.164.149.255;40.9385;-87.9282
63.164.150.0;63.164.150.255;41.4993;-81.6944
63.164.151.0;63.164.151.255;38.9072;-77.0369
63.164.152.0;63.164.153.255;41.4993;-81.6944
63.164.154.0;63.164.154.255;42.8089;-71.5842
63.164.155.0;63.164.155.255;39.2874;-76.6055
63.164.156.0;63.164.156.255;40.6697;-85.8403
63.164.157.0;63.164.157.255;39.8359;-84.8839
63.164.158.0;63.164.158.255;38.2555;-122.639
63.164.159.0;63.164.159.255;39.0165;-91.8976
63.164.160.0;63.164.191.255;42.3325;-122.88
63.164.192.0;63.164.192.255;45.5223;-122.689
63.164.193.0;63.164.193.255;41.4993;-81.6944
63.164.194.0;63.164.194.255;44.9912;-93.2923
63.164.195.0;63.164.196.255;41.4993;-81.6944
63.164.197.0;63.164.197.255;25.7912;-80.3233
63.164.198.0;63.164.198.255;35.0971;-80.9482
63.164.199.0;63.164.199.255;41.4993;-81.6944
63.164.200.0;63.164.200.255;41.0534;-73.5387
63.164.201.0;63.164.201.255;40.8713;-73.9169
63.164.202.0;63.164.202.255;39.0943;-77.1783
63.164.203.0;63.164.203.255;33.0394;-96.8313
63.164.204.0;63.164.205.255;41.4993;-81.6944
63.164.206.0;63.164.206.255;37.4592;-89.2497
63.164.207.0;63.164.207.255;41.4993;-81.6944
63.164.208.0;63.164.215.255;42.2359;-88.8594
63.164.216.0;63.164.216.255;41.4993;-81.6944
63.164.217.0;63.164.217.255;38.8587;-77.216
63.164.218.0;63.164.218.255;42.8654;-85.8675
63.164.219.0;63.164.219.255;40.2363;-74.0629
63.164.220.0;63.164.220.255;41.4993;-81.6944
63.164.221.0;63.164.221.255;32.8825;-117.17
63.164.222.0;63.164.222.255;38.5065;-82.2985
63.164.223.0;63.164.224.255;41.4993;-81.6944
63.164.225.0;63.164.225.255;38.6374;-83.7887
63.164.226.0;63.164.227.255;42.2359;-88.8594
63.164.228.0;63.164.230.255;41.4993;-81.6944
63.164.231.0;63.164.231.255;34.6871;-82.8098
63.164.232.0;63.164.232.255;41.4993;-81.6944
63.164.233.0;63.164.233.255;40.2381;-111.668
63.164.234.0;63.164.235.255;41.4993;-81.6944
63.164.236.0;63.164.236.255;37.4214;-122.099
63.164.237.0;63.164.237.255;41.4993;-81.6944
63.164.238.0;63.164.239.255;42.2202;-72.5511
63.164.240.0;63.164.243.255;38.8993;-77.0425
63.164.244.0;63.164.244.255;41.4993;-81.6944
63.164.245.0;63.164.245.255;39.6502;-105.001
63.164.246.0;63.164.247.255;41.4993;-81.6944
63.164.248.0;63.164.255.255;38.9528;-77.4026
63.165.0.0;63.165.1.255;43.0151;-83.6912
63.165.2.0;63.165.3.255;41.261;-80.8727
63.165.4.0;63.165.4.255;32.9274;-96.9125
63.165.5.0;63.165.5.255;37.7897;-122.402
63.165.6.0;63.165.6.255;21.2921;-157.839
63.165.7.0;63.165.8.255;41.4993;-81.6944
63.165.9.0;63.165.9.255;44.8547;-93.4708
63.165.10.0;63.165.10.255;38.9072;-77.0369
63.165.11.0;63.165.11.255;42.9819;-78.8234
63.165.12.0;63.165.12.255;41.4993;-81.6944
63.165.13.0;63.165.13.255;47.7768;-122.182
63.165.14.0;63.165.14.255;32.9274;-96.9125
63.165.15.0;63.165.16.255;41.4993;-81.6944
63.165.17.0;63.165.17.255;37.7529;-78.878
63.165.18.0;63.165.18.255;32.9584;-96.7193
63.165.19.0;63.165.19.255;41.4993;-81.6944
63.165.20.0;63.165.20.255;41.8803;-87.6347
63.165.21.0;63.165.21.255;39.5697;-104.868
63.165.22.0;63.165.23.255;41.4993;-81.6944
63.165.24.0;63.165.24.255;36.1121;-115.177
63.165.25.0;63.165.25.255;36.1575;-115.114
63.165.26.0;63.165.27.255;36.2201;-115.105
63.165.28.0;63.165.29.255;36.1575;-115.114
63.165.30.0;63.165.31.255;36.1097;-115.17
63.165.32.0;63.165.39.255;26.9666;-82.3327
63.165.40.0;63.165.41.255;41.4993;-81.6944
63.165.42.0;63.165.42.255;41.0345;-73.6929
63.165.43.0;63.165.43.255;41.0534;-73.5387
63.165.44.0;63.165.44.255;35.7427;-96.0777
63.165.45.0;63.165.45.255;41.8781;-87.6298
63.165.46.0;63.165.47.255;29.2215;-81.0223
63.165.48.0;63.165.48.255;33.9645;-84.2258
63.165.49.0;63.165.49.255;41.1409;-81.0336
63.165.50.0;63.165.50.255;41.4993;-81.6944
63.165.51.0;63.165.51.255;33.3725;-111.836
63.165.52.0;63.165.56.255;40.3573;-74.6672
63.165.57.0;63.165.57.255;41.4993;-81.6944
63.165.58.0;63.165.58.255;40.7559;-73.9701
63.165.59.0;63.165.59.255;41.4993;-81.6944
63.165.60.0;63.165.60.255;38.9072;-77.0369
63.165.61.0;63.165.61.255;41.2307;-73.064
63.165.62.0;63.165.63.255;41.4993;-81.6944
63.165.64.0;63.165.65.255;39.7704;-121.875
63.165.66.0;63.165.67.255;32.4523;-99.7761
63.165.68.0;63.165.68.255;39.9184;-77.662
63.165.69.0;63.165.69.255;41.4993;-81.6944
63.165.70.0;63.165.70.255;41.6698;-72.642
63.165.71.0;63.165.71.255;40.7097;-74.0108
63.165.72.0;63.165.72.255;33.9472;-118.085
63.165.73.0;63.165.73.255;45.5579;-94.1632
63.165.74.0;63.165.77.255;41.4993;-81.6944
63.165.78.0;63.165.78.255;38.5394;-90.4634
63.165.79.0;63.165.79.255;41.4993;-81.6944
63.165.80.0;63.165.80.255;21.2838;-157.801
63.165.81.0;63.165.82.255;41.4993;-81.6944
63.165.83.0;63.165.83.255;39.5827;-74.3688
63.165.84.0;63.165.84.255;40.4123;-105.004
63.165.85.0;63.165.85.255;40.5548;-74.4717
63.165.86.0;63.165.89.255;41.4993;-81.6944
63.165.90.0;63.165.90.255;42.2037;-71.1714
63.165.91.0;63.165.91.255;41.4993;-81.6944
63.165.92.0;63.165.95.255;37.0659;-94.5681
63.165.96.0;63.165.96.255;37.5549;-88.972
63.165.97.0;63.165.97.255;36.2444;-80.852
63.165.98.0;63.165.98.255;41.4993;-81.6944
63.165.99.0;63.165.99.255;38.9072;-77.0369
63.165.100.0;63.165.100.255;42.6806;-84.4238
63.165.101.0;63.165.101.255;41.8781;-87.6298
63.165.102.0;63.165.102.255;26.3028;-80.1344
63.165.103.0;63.165.105.255;41.4993;-81.6944
63.165.106.0;63.165.106.255;33.7971;-84.364
63.165.107.0;63.165.111.255;41.4993;-81.6944
63.165.112.0;63.165.112.255;36.0981;-95.8399
63.165.113.0;63.165.113.255;27.8245;-82.6957
63.165.114.0;63.165.115.255;41.4993;-81.6944
63.165.116.0;63.165.116.255;41.3787;-79.7039
63.165.117.0;63.165.117.255;40.7501;-73.8817
63.165.118.0;63.165.118.255;41.4993;-81.6944
63.165.119.0;63.165.119.255;47.6061;-122.333
63.165.120.0;63.165.120.255;40.4059;-79.912
63.165.121.0;63.165.121.255;41.4993;-81.6944
63.165.122.0;63.165.122.255;29.7332;-95.4305
63.165.123.0;63.165.123.255;40.4818;-89.0261
63.165.124.0;63.165.124.255;28.6358;-81.8178
63.165.125.0;63.165.125.255;41.4993;-81.6944
63.165.126.0;63.165.126.255;39.7817;-89.6501
63.165.127.0;63.165.127.255;40.517;-88.954
63.165.128.0;63.165.128.255;41.8781;-87.6298
63.165.129.0;63.165.129.255;41.2605;-96.0447
63.165.130.0;63.165.130.255;41.4993;-81.6944
63.165.131.0;63.165.131.255;43.1729;-71.5278
63.165.132.0;63.165.132.255;42.481;-83.2388
63.165.133.0;63.165.133.255;39.7378;-75.5545
63.165.134.0;63.165.136.255;41.4993;-81.6944
63.165.137.0;63.165.137.255;40.7164;-74.0334
63.165.138.0;63.165.138.255;40.7735;-73.4068
63.165.139.0;63.165.139.255;36.4942;-121.744
63.165.140.0;63.165.141.255;41.4993;-81.6944
63.165.142.0;63.165.142.255;42.439;-123.328
63.165.143.0;63.165.143.255;41.4993;-81.6944
63.165.144.0;63.165.144.255;36.4066;-82.4192
63.165.145.0;63.165.145.255;35.7594;-77.9529
63.165.146.0;63.165.146.255;36.3146;-75.9002
63.165.147.0;63.165.147.255;36.7374;-80.7912
63.165.148.0;63.165.148.255;35.6555;-78.4632
63.165.149.0;63.165.149.255;38.1831;-78.3358
63.165.150.0;63.165.151.255;36.4066;-82.4192
63.165.152.0;63.165.153.255;36.1896;-76.465
63.165.154.0;63.165.154.255;37.8239;-78.2751
63.165.155.0;63.165.159.255;36.4066;-82.4192
63.165.160.0;63.165.160.255;33.9281;-84.4725
63.165.161.0;63.165.161.255;37.6432;-98.7399
63.165.162.0;63.165.162.255;30.5387;-89.6716
63.165.163.0;63.165.163.255;39.5801;-104.882
63.165.164.0;63.165.164.255;32.9551;-96.8242
63.165.165.0;63.165.165.255;40.3573;-74.6672
63.165.166.0;63.165.166.255;27.9517;-82.4588
63.165.167.0;63.165.167.255;30.1583;-96.4204
63.165.168.0;63.165.168.255;40.7726;-82.5573
63.165.169.0;63.165.169.255;38.3511;-122.706
63.165.170.0;63.165.170.255;41.4993;-81.6944
63.165.171.0;63.165.171.255;41.5867;-93.6245
63.165.172.0;63.165.172.255;41.4993;-81.6944
63.165.173.0;63.165.173.255;35.8532;-78.8243
63.165.174.0;63.165.175.15;41.4993;-81.6944
63.165.175.16;63.165.175.255;42.2586;-87.8406
63.165.176.0;63.165.176.255;39.9612;-82.9988
63.165.177.0;63.165.177.255;39.5827;-74.3688
63.165.178.0;63.165.179.255;41.4993;-81.6944
63.165.180.0;63.165.180.255;41.6122;-87.5092
63.165.181.0;63.165.181.255;38.2252;-122.264
63.165.182.0;63.165.182.255;41.3213;-75.8082
63.165.183.0;63.165.183.255;18.3907;-66.0695
63.165.184.0;63.165.184.255;34.1554;-118.646
63.165.185.0;63.165.185.255;34.011;-84.181
63.165.186.0;63.165.186.255;41.4993;-81.6944
63.165.187.0;63.165.187.255;32.4084;-110.985
63.165.188.0;63.165.188.255;41.4993;-81.6944
63.165.189.0;63.165.189.255;40.7069;-74.0133
63.165.190.0;63.165.190.255;38.9118;-77.0468
63.165.191.0;63.165.191.255;32.4712;-97.3846
63.165.192.0;63.165.198.255;39.9625;-105.123
63.165.199.0;63.165.199.255;41.4993;-81.6944
63.165.200.0;63.165.200.255;40.5768;-122.358
63.165.201.0;63.165.201.255;35.157;-89.9623
63.165.202.0;63.165.202.255;31.2225;-81.5101
63.165.203.0;63.165.203.255;34.6871;-82.8098
63.165.204.0;63.165.205.255;29.7496;-95.4735
63.165.206.0;63.165.206.255;41.4993;-81.6944
63.165.207.0;63.165.207.255;31.6329;-88.3161
63.165.208.0;63.165.210.127;41.4993;-81.6944
63.165.210.128;63.165.210.255;33.8378;-118.315
63.165.211.0;63.165.211.255;42.1618;-88.1529
63.165.212.0;63.165.215.255;44.176;-93.9439
63.165.216.0;63.165.219.255;41.4993;-81.6944
63.165.220.0;63.165.220.255;40.7501;-73.8817
63.165.221.0;63.165.221.255;40.208;-79.679
63.165.222.0;63.165.222.255;45.5206;-122.68
63.165.223.0;63.165.223.255;41.4993;-81.6944
63.165.224.0;63.165.224.255;27.4351;-82.5772
63.165.225.0;63.165.225.255;41.4993;-81.6944
63.165.226.0;63.165.227.255;33.8495;-84.3466
63.165.228.0;63.165.228.255;41.4993;-81.6944
63.165.229.0;63.165.229.255;37.925;-84.6116
63.165.230.0;63.165.230.255;41.261;-80.8727
63.165.231.0;63.165.231.255;41.4993;-81.6944
63.165.232.0;63.165.232.255;39.0979;-94.5908
63.165.233.0;63.165.233.143;27.9517;-82.4588
63.165.233.144;63.165.236.255;41.4993;-81.6944
63.165.237.0;63.165.237.255;33.8495;-84.3466
63.165.238.0;63.165.238.127;27.1671;-80.3022
63.165.238.128;63.165.239.255;41.4993;-81.6944
63.165.240.0;63.165.242.255;40.7084;-74.0072
63.165.243.0;63.165.243.255;34.0921;-118.367
63.165.244.0;63.165.244.255;40.7084;-74.0072
63.165.245.0;63.165.245.255;40.7083;-74.0072
63.165.246.0;63.165.249.255;40.7084;-74.0072
63.165.250.0;63.165.250.127;37.7972;-122.432
63.165.250.128;63.165.255.255;40.7084;-74.0072
63.166.0.0;63.166.0.255;37.3598;-121.945
63.166.1.0;63.166.1.255;32.814;-96.9489
63.166.2.0;63.166.2.255;42.7671;-78.7698
63.166.3.0;63.166.3.255;41.4993;-81.6944
63.166.4.0;63.166.5.255;28.6664;-81.4018
63.166.6.0;63.166.7.255;32.9274;-96.9125
63.166.8.0;63.166.8.255;41.8842;-87.6388
63.166.9.0;63.166.9.255;29.4509;-98.4915
63.166.10.0;63.166.10.255;39.9512;-86.0428
63.166.11.0;63.166.11.255;38.9301;-94.648
63.166.12.0;63.166.12.255;40.9447;-74.1318
63.166.13.0;63.166.13.255;38.9822;-94.6708
63.166.14.0;63.166.14.255;40.7519;-73.9941
63.166.15.0;63.166.15.255;39.3372;-84.2877
63.166.16.0;63.166.16.255;39.0555;-94.4803
63.166.17.0;63.166.17.255;41.4993;-81.6944
63.166.18.0;63.166.18.255;37.3972;-122.058
63.166.19.0;63.166.19.255;37.6282;-122.425
63.166.20.0;63.166.21.255;42.3472;-71.0931
63.166.22.0;63.166.22.255;32.3792;-86.3058
63.166.23.0;63.166.25.255;41.4993;-81.6944
63.166.26.0;63.166.27.255;38.7509;-77.4753
63.166.28.0;63.166.31.255;45.6733;-111.19
63.166.32.0;63.166.47.255;41.4993;-81.6944
63.166.48.0;63.166.49.255;32.111;-98.5359
63.166.50.0;63.166.51.255;41.4993;-81.6944
63.166.52.0;63.166.55.255;39.9598;-75.3397
63.166.56.0;63.166.56.255;39.8317;-119.357
63.166.57.0;63.166.57.255;34.3576;-119.042
63.166.58.0;63.166.58.255;41.4993;-81.6944
63.166.59.0;63.166.59.255;47.5028;-111.302
63.166.60.0;63.166.60.255;41.4993;-81.6944
63.166.61.0;63.166.61.255;47.6034;-122.334
63.166.62.0;63.166.62.255;33.9014;-118.276
63.166.63.0;63.166.63.255;41.4993;-81.6944
63.166.64.0;63.166.64.255;32.9711;-96.7051
63.166.65.0;63.166.65.255;41.4993;-81.6944
63.166.66.0;63.166.66.255;38.8993;-77.0425
63.166.67.0;63.166.71.255;39.9598;-75.3397
63.166.72.0;63.166.73.255;41.4993;-81.6944
63.166.74.0;63.166.74.255;41.9796;-87.8459
63.166.75.0;63.166.75.255;33.1581;-117.351
63.166.76.0;63.166.77.255;30.4755;-90.1009
63.166.78.0;63.166.78.255;38.977;-76.2921
63.166.79.0;63.166.79.255;41.4993;-81.6944
63.166.80.0;63.166.87.255;40.9334;-73.0309
63.166.88.0;63.166.88.255;38.2576;-94.3334
63.166.89.0;63.166.89.255;38.7164;-93.9912
63.166.90.0;63.166.90.255;38.2576;-94.3334
63.166.91.0;63.166.91.255;38.7729;-93.7177
63.166.92.0;63.166.92.255;38.9312;-94.6385
63.166.93.0;63.166.93.255;41.8781;-87.6298
63.166.94.0;63.166.94.255;33.7812;-84.4085
63.166.95.0;63.166.97.255;41.4993;-81.6944
63.166.98.0;63.166.98.255;42.3654;-71.0879
63.166.99.0;63.166.99.255;41.4993;-81.6944
63.166.100.0;63.166.100.255;35.7561;-78.7338
63.166.101.0;63.166.101.255;41.5596;-72.6507
63.166.102.0;63.166.102.255;34.09;-118.388
63.166.103.0;63.166.103.255;33.5051;-111.968
63.166.104.0;63.166.105.55;41.4993;-81.6944
63.166.105.56;63.166.105.255;36.1627;-86.7816
63.166.106.0;63.166.107.255;41.4993;-81.6944
63.166.108.0;63.166.108.255;38.5394;-90.4634
63.166.109.0;63.166.109.255;41.4993;-81.6944
63.166.110.0;63.166.110.255;37.0842;-94.5133
63.166.111.0;63.166.111.255;42.4963;-96.3961
63.166.112.0;63.166.113.255;41.4993;-81.6944
63.166.114.0;63.166.114.255;33.7871;-84.3873
63.166.115.0;63.166.115.255;32.9483;-96.7299
63.166.116.0;63.166.117.255;38.257;-85.7556
63.166.118.0;63.166.119.255;44.176;-93.9439
63.166.120.0;63.166.120.255;41.4993;-81.6944
63.166.121.0;63.166.121.255;35.9118;-84.0774
63.166.122.0;63.166.122.255;26.3971;-80.1117
63.166.123.0;63.166.124.255;41.4993;-81.6944
63.166.125.0;63.166.125.255;42.3592;-71.0575
63.166.126.0;63.166.127.255;41.4993;-81.6944
63.166.128.0;63.166.139.255;26.3971;-80.1117
63.166.140.0;63.166.141.255;32.0611;-81.099
63.166.142.0;63.166.142.255;33.8351;-117.224
63.166.143.0;63.166.143.255;41.4993;-81.6944
63.166.144.0;63.166.144.255;37.4065;-121.903
63.166.145.0;63.166.145.255;27.8589;-82.646
63.166.146.0;63.166.146.255;41.4993;-81.6944
63.166.147.0;63.166.147.255;35.3853;-99.402
63.166.148.0;63.166.148.255;32.0911;-98.5382
63.166.149.0;63.166.149.255;41.0487;-74.0068
63.166.150.0;63.166.150.255;39.3919;-74.5616
63.166.151.0;63.166.151.255;39.0969;-94.5681
63.166.152.0;63.166.152.255;36.894;-89.5915
63.166.153.0;63.166.155.79;41.4993;-81.6944
63.166.155.80;63.166.155.255;27.9517;-82.4588
63.166.156.0;63.166.156.255;37.3906;-121.935
63.166.157.0;63.166.158.255;41.4993;-81.6944
63.166.159.0;63.166.159.255;41.5508;-81.458
63.166.160.0;63.166.160.255;36.0656;-115.144
63.166.161.0;63.166.161.255;29.4509;-98.4915
63.166.162.0;63.166.162.255;40.2591;-111.676
63.166.163.0;63.166.163.255;41.8741;-103.668
63.166.164.0;63.166.165.255;38.4134;-120.659
63.166.166.0;63.166.166.255;30.1822;-95.483
63.166.167.0;63.166.167.255;41.6208;-80.21
63.166.168.0;63.166.171.255;41.1273;-78.7408
63.166.172.0;63.166.173.255;41.4993;-81.6944
63.166.174.0;63.166.175.255;36.0296;-95.9136
63.166.176.0;63.166.176.255;38.9853;-77.4736
63.166.177.0;63.166.177.255;41.4993;-81.6944
63.166.178.0;63.166.178.255;26.3717;-80.0751
63.166.179.0;63.166.179.255;39.8628;-77.0593
63.166.180.0;63.166.180.255;41.4993;-81.6944
63.166.181.0;63.166.181.255;47.658;-117.424
63.166.182.0;63.166.182.255;41.6567;-81.3717
63.166.183.0;63.166.183.255;32.5252;-93.7502
63.166.184.0;63.166.185.255;36.0981;-95.8399
63.166.186.0;63.166.186.255;30.5782;-98.2729
63.166.187.0;63.166.188.255;41.4993;-81.6944
63.166.189.0;63.166.189.255;36.0981;-95.8399
63.166.190.0;63.166.190.255;36.0316;-79.8662
63.166.191.0;63.166.191.255;41.4993;-81.6944
63.166.192.0;63.166.192.255;39.0594;-77.1507
63.166.193.0;63.166.196.127;41.4993;-81.6944
63.166.196.128;63.166.196.255;38.6405;-90.507
63.166.197.0;63.166.197.255;41.4993;-81.6944
63.166.198.0;63.166.198.255;36.3611;-104.595
63.166.199.0;63.166.201.255;41.4993;-81.6944
63.166.202.0;63.166.202.255;42.1375;-88.0008
63.166.203.0;63.166.203.255;42.5565;-114.473
63.166.204.0;63.166.204.255;41.4993;-81.6944
63.166.205.0;63.166.205.255;29.9437;-95.3308
63.166.206.0;63.166.207.255;37.0237;-94.7355
63.166.208.0;63.166.208.255;38.8017;-90.7259
63.166.209.0;63.166.209.255;44.7583;-69.7135
63.166.210.0;63.166.211.159;41.4993;-81.6944
63.166.211.160;63.166.211.255;27.9517;-82.4588
63.166.212.0;63.166.215.255;32.8998;-97.0403
63.166.216.0;63.166.216.255;36.0726;-79.792
63.166.217.0;63.166.217.255;41.4993;-81.6944
63.166.218.0;63.166.218.255;33.6235;-111.925
63.166.219.0;63.166.219.255;41.4993;-81.6944
63.166.220.0;63.166.220.255;38.8658;-77.3652
63.166.221.0;63.166.221.255;29.7339;-95.0909
63.166.222.0;63.166.223.255;35.9412;-95.8833
63.166.224.0;63.166.224.255;41.4993;-81.6944
63.166.225.0;63.166.225.255;36.0981;-95.8399
63.166.226.0;63.166.226.255;34.2859;-118.785
63.166.227.0;63.166.227.255;45.4215;-122.739
63.166.228.0;63.166.228.255;41.4993;-81.6944
63.166.229.0;63.166.229.255;39.9881;-83.1174
63.166.230.0;63.166.230.255;41.4993;-81.6944
63.166.231.0;63.166.231.255;39.8313;-75.1912
63.166.232.0;63.166.232.255;38.8993;-77.0425
63.166.233.0;63.166.233.255;40.2591;-111.676
63.166.234.0;63.166.234.255;41.4993;-81.6944
63.166.235.0;63.166.235.127;33.877;-118.024
63.166.235.128;63.166.236.255;41.4993;-81.6944
63.166.237.0;63.166.237.255;44.8325;-93.298
63.166.238.0;63.166.238.255;26.9666;-82.3327
63.166.239.0;63.166.239.255;41.4993;-81.6944
63.166.240.0;63.166.240.255;41.4137;-75.6627
63.166.241.0;63.166.241.191;41.383;-83.6054
63.166.241.192;63.166.242.255;41.4993;-81.6944
63.166.243.0;63.166.243.255;39.0969;-94.5681
63.166.244.0;63.166.244.255;29.2908;-81.1178
63.166.245.0;63.166.245.255;41.4993;-81.6944
63.166.246.0;63.166.246.255;37.9955;-121.308
63.166.247.0;63.166.247.255;32.9222;-96.8181
63.166.248.0;63.166.248.255;41.4993;-81.6944
63.166.249.0;63.166.249.255;37.5389;-77.434
63.166.250.0;63.166.252.255;41.4993;-81.6944
63.166.253.0;63.166.253.255;30.5387;-89.6716
63.166.254.0;63.166.254.255;38.6374;-83.7887
63.166.255.0;63.167.0.31;41.4993;-81.6944
63.167.0.32;63.167.0.255;37.5407;-77.4361
63.167.1.0;63.167.1.255;37.4794;-121.942
63.167.2.0;63.167.2.255;41.4993;-81.6944
63.167.3.0;63.167.3.255;42.6327;-83.291
63.167.4.0;63.167.4.255;41.4993;-81.6944
63.167.5.0;63.167.5.255;40.2732;-76.8867
63.167.6.0;63.167.7.255;41.4993;-81.6944
63.167.8.0;63.167.9.255;40.6237;-76.1757
63.167.10.0;63.167.10.255;40.7435;-73.9855
63.167.11.0;63.167.11.255;41.4993;-81.6944
63.167.12.0;63.167.13.255;33.906;-84.4602
63.167.14.0;63.167.15.255;41.0022;-89.1338
63.167.16.0;63.167.16.255;41.4993;-81.6944
63.167.17.0;63.167.18.255;41.8781;-87.6298
63.167.19.0;63.167.19.255;35.1982;-83.3607
63.167.20.0;63.167.20.255;41.7943;-110.539
63.167.21.0;63.167.21.255;41.4993;-81.6944
63.167.22.0;63.167.22.255;37.547;-121.982
63.167.23.0;63.167.23.255;45.5243;-122.835
63.167.24.0;63.167.24.255;32.9663;-102.829
63.167.25.0;63.167.25.255;41.8781;-87.6298
63.167.26.0;63.167.26.255;41.4993;-81.6944
63.167.27.0;63.167.27.255;34.0339;-81.1049
63.167.28.0;63.167.28.255;41.4993;-81.6944
63.167.29.0;63.167.29.255;33.6616;-95.5418
63.167.30.0;63.167.30.255;41.4993;-81.6944
63.167.31.0;63.167.31.255;40.8437;-81.764
63.167.32.0;63.167.32.255;21.3358;-157.912
63.167.33.0;63.167.36.255;41.4993;-81.6944
63.167.37.0;63.167.37.255;39.0834;-94.5803
63.167.38.0;63.167.38.255;41.4993;-81.6944
63.167.39.0;63.167.39.255;33.3725;-111.836
63.167.40.0;63.167.40.255;38.9413;-77.3619
63.167.41.0;63.167.41.255;41.4993;-81.6944
63.167.42.0;63.167.42.255;30.5048;-90.4592
63.167.43.0;63.167.43.255;32.7183;-117.164
63.167.44.0;63.167.45.255;33.677;-117.838
63.167.46.0;63.167.47.255;37.9724;-89.2335
63.167.48.0;63.167.51.255;38.9306;-77.0707
63.167.52.0;63.167.52.255;33.69;-117.84
63.167.53.0;63.167.55.255;41.4993;-81.6944
63.167.56.0;63.167.56.255;39.144;-77.2016
63.167.57.0;63.167.57.255;42.239;-83.73
63.167.58.0;63.167.58.255;41.4993;-81.6944
63.167.59.0;63.167.59.255;39.1175;-84.4973
63.167.60.0;63.167.63.255;36.3407;-81.5324
63.167.64.0;63.167.64.255;43.5736;-89.7762
63.167.65.0;63.167.65.255;41.4993;-81.6944
63.167.66.0;63.167.66.255;41.8375;-71.1186
63.167.67.0;63.167.67.255;42.7841;-71.509
63.167.68.0;63.167.68.255;37.4214;-122.099
63.167.69.0;63.167.75.255;41.4993;-81.6944
63.167.76.0;63.167.79.255;36.3729;-94.2088
63.167.80.0;63.167.80.255;41.4993;-81.6944
63.167.81.0;63.167.81.255;40.2294;-75.2191
63.167.82.0;63.167.82.255;38.7585;-77.4361
63.167.83.0;63.167.83.255;28.4996;-81.4293
63.167.84.0;63.167.84.255;39.9361;-91.4043
63.167.85.0;63.167.85.255;21.3347;-158.08
63.167.86.0;63.167.86.255;43.0389;-87.9065
63.167.87.0;63.167.87.255;41.4993;-81.6944
63.167.88.0;63.167.88.255;38.0187;-84.5514
63.167.89.0;63.167.89.255;42.2012;-85.58
63.167.90.0;63.167.90.255;41.4993;-81.6944
63.167.91.0;63.167.91.255;21.3316;-157.928
63.167.92.0;63.167.92.255;40.3725;-80.1007
63.167.93.0;63.167.95.255;41.4993;-81.6944
63.167.96.0;63.167.99.255;44.9875;-93.2588
63.167.100.0;63.167.100.255;41.4993;-81.6944
63.167.101.0;63.167.101.255;41.5909;-93.7185
63.167.102.0;63.167.102.255;32.814;-96.9489
63.167.103.0;63.167.103.255;38.8576;-77.3589
63.167.104.0;63.167.104.255;28.6306;-81.4006
63.167.105.0;63.167.105.255;40.5748;-76.9891
63.167.106.0;63.167.106.255;41.4993;-81.6944
63.167.107.0;63.167.107.255;41.3242;-96.3693
63.167.108.0;63.167.108.255;21.3005;-157.862
63.167.109.0;63.167.109.255;35.6213;-82.5775
63.167.110.0;63.167.111.255;39.4751;-118.778
63.167.112.0;63.167.112.255;26.35;-80.0902
63.167.113.0;63.167.113.255;30.4129;-87.2188
63.167.114.0;63.167.114.255;41.4993;-81.6944
63.167.115.0;63.167.115.255;36.0109;-79.8325
63.167.116.0;63.167.116.255;41.4993;-81.6944
63.167.117.0;63.167.117.255;37.0159;-81.9691
63.167.118.0;63.167.119.255;41.4993;-81.6944
63.167.120.0;63.167.120.255;33.8454;-111.968
63.167.121.0;63.167.121.255;40.4818;-89.0261
63.167.122.0;63.167.122.255;35.7868;-80.921
63.167.123.0;63.167.124.255;41.4993;-81.6944
63.167.125.0;63.167.125.255;32.9714;-96.8226
63.167.126.0;63.167.127.255;34.2859;-118.785
63.167.128.0;63.167.128.255;42.2404;-89.0291
63.167.129.0;63.167.129.255;37.2854;-82.0682
63.167.130.0;63.167.131.255;41.4993;-81.6944
63.167.132.0;63.167.132.255;44.2931;-92.669
63.167.133.0;63.167.133.255;37.5333;-95.8283
63.167.134.0;63.167.134.255;41.4993;-81.6944
63.167.135.0;63.167.135.255;38.9743;-94.7231
63.167.136.0;63.167.138.255;41.4993;-81.6944
63.167.139.0;63.167.139.255;37.7905;-122.399
63.167.140.0;63.167.140.255;42.091;-80.1207
63.167.141.0;63.167.141.255;41.4993;-81.6944
63.167.142.0;63.167.142.255;40.819;-73.0686
63.167.143.0;63.167.143.255;41.4993;-81.6944
63.167.144.0;63.167.144.255;39.7093;-104.223
63.167.145.0;63.167.145.255;36.9777;-112.974
63.167.146.0;63.167.146.255;40.6994;-111.882
63.167.147.0;63.167.147.255;41.6212;-86.2933
63.167.148.0;63.167.149.255;41.4993;-81.6944
63.167.150.0;63.167.150.255;26.3483;-80.1712
63.167.151.0;63.167.151.255;47.6465;-122.142
63.167.152.0;63.167.153.255;40.2268;-76.7646
63.167.154.0;63.167.155.255;41.4993;-81.6944
63.167.156.0;63.167.156.255;40.6643;-74.4147
63.167.157.0;63.167.157.255;40.7626;-73.9778
63.167.158.0;63.167.161.31;41.4993;-81.6944
63.167.161.32;63.167.161.63;30.3956;-84.2341
63.167.161.64;63.167.162.255;41.4993;-81.6944
63.167.163.0;63.167.163.255;41.0987;-81.0319
63.167.164.0;63.167.164.255;37.3968;-79.1704
63.167.165.0;63.167.165.255;41.5042;-81.6909
63.167.166.0;63.167.167.135;41.4993;-81.6944
63.167.167.136;63.167.167.255;32.7767;-96.797
63.167.168.0;63.167.168.255;40.5567;-79.822
63.167.169.0;63.167.169.255;42.0076;-87.9111
63.167.170.0;63.167.170.255;35.7868;-80.921
63.167.171.0;63.167.171.255;41.8781;-87.6298
63.167.172.0;63.167.172.255;38.6428;-90.5081
63.167.173.0;63.167.173.255;33.0973;-117.283
63.167.174.0;63.167.174.255;41.0351;-73.5946
63.167.175.0;63.167.175.255;41.4993;-81.6944
63.167.176.0;63.167.176.255;42.1331;-87.7894
63.167.177.0;63.167.179.127;41.4993;-81.6944
63.167.179.128;63.167.179.255;38.6428;-90.5081
63.167.180.0;63.167.180.255;34.3808;-89.5324
63.167.181.0;63.167.181.255;29.7771;-95.6194
63.167.182.0;63.167.183.255;33.7769;-117.835
63.167.184.0;63.167.184.255;35.6087;-97.5047
63.167.185.0;63.167.185.255;35.0624;-90.0156
63.167.186.0;63.167.186.255;41.4993;-81.6944
63.167.187.0;63.167.187.255;42.3504;-71.05
63.167.188.0;63.167.192.255;41.4993;-81.6944
63.167.193.0;63.167.193.255;47.4535;-122.252
63.167.194.0;63.167.194.255;41.8072;-78.2788
63.167.195.0;63.167.195.255;38.9276;-94.6844
63.167.196.0;63.167.196.255;32.8998;-96.9601
63.167.197.0;63.167.197.255;38.6841;-89.5543
63.167.198.0;63.167.198.255;40.8064;-73.1241
63.167.199.0;63.167.199.255;40.7705;-73.9903
63.167.200.0;63.167.200.255;41.4993;-81.6944
63.167.201.0;63.167.201.255;43.6482;-70.325
63.167.202.0;63.167.202.255;26.273;-80.2607
63.167.203.0;63.167.203.255;36.1627;-86.7816
63.167.204.0;63.167.207.255;26.5776;-80.126
63.167.208.0;63.167.215.255;32.2951;-64.7842
63.167.216.0;63.167.216.255;19.2869;-81.3674
63.167.217.0;63.167.223.255;32.2951;-64.7842
63.167.224.0;63.167.224.255;41.2585;-95.957
63.167.225.0;63.167.225.255;30.2672;-97.7431
63.167.226.0;63.167.226.255;41.4993;-81.6944
63.167.227.0;63.167.227.255;30.4222;-90.0831
63.167.228.0;63.167.228.255;40.7128;-74.006
63.167.229.0;63.167.230.255;41.4993;-81.6944
63.167.231.0;63.167.231.255;30.2672;-97.7431
63.167.232.0;63.167.234.255;41.4993;-81.6944
63.167.235.0;63.167.235.255;39.4996;-87.3601
63.167.236.0;63.167.237.255;41.4993;-81.6944
63.167.238.0;63.167.238.255;39.3679;-84.4883
63.167.239.0;63.167.239.255;33.4045;-112.007
63.167.240.0;63.167.240.255;41.0424;-82.7243
63.167.241.0;63.167.241.255;41.4993;-81.6944
63.167.242.0;63.167.242.255;37.271;-79.9414
63.167.243.0;63.167.243.255;41.4993;-81.6944
63.167.244.0;63.167.244.255;44.9669;-93.3557
63.167.245.0;63.167.246.255;41.4993;-81.6944
63.167.247.0;63.167.247.255;45.5793;-122.571
63.167.248.0;63.167.248.255;37.5383;-122.258
63.167.249.0;63.167.250.255;41.4993;-81.6944
63.167.251.0;63.167.251.255;42.4821;-71.1955
63.167.252.0;63.167.252.255;41.4993;-81.6944
63.167.253.0;63.167.253.255;40.2962;-74.051
63.167.254.0;63.167.254.255;41.2363;-96.0958
63.167.255.0;63.167.255.255;38.8934;-77.0316
63.168.0.0;63.168.0.255;29.1731;-81.0022
63.168.1.0;63.168.2.255;41.4993;-81.6944
63.168.3.0;63.168.3.255;39.1486;-77.0658
63.168.4.0;63.168.4.255;42.3657;-71.0927
63.168.5.0;63.168.5.255;38.2761;-85.5045
63.168.6.0;63.168.6.255;41.4993;-81.6944
63.168.7.0;63.168.7.255;33.8008;-84.3927
63.168.8.0;63.168.8.255;42.4593;-71.3547
63.168.9.0;63.168.9.255;32.5352;-84.9786
63.168.10.0;63.168.10.255;38.1395;-96.1363
63.168.11.0;63.168.11.255;44.2022;-88.4465
63.168.12.0;63.168.12.255;32.814;-96.9489
63.168.13.0;63.168.14.255;41.4993;-81.6944
63.168.15.0;63.168.15.255;37.3844;-122.005
63.168.16.0;63.168.16.255;18.4617;-66.1013
63.168.17.0;63.168.17.255;41.8781;-87.6298
63.168.18.0;63.168.18.255;46.8514;-114.012
63.168.19.0;63.168.19.255;37.925;-84.6116
63.168.20.0;63.168.21.255;44.0521;-123.087
63.168.22.0;63.168.22.255;37.925;-84.6116
63.168.23.0;63.168.23.255;40.8551;-76.7864
63.168.24.0;63.168.24.255;41.4993;-81.6944
63.168.25.0;63.168.25.255;42.1711;-87.8445
63.168.26.0;63.168.26.255;34.0095;-84.4958
63.168.27.0;63.168.27.255;44.4759;-73.2121
63.168.28.0;63.168.31.255;42.8847;-85.6173
63.168.32.0;63.168.32.255;40.1683;-104.369
63.168.33.0;63.168.33.255;42.5991;-76.1809
63.168.34.0;63.168.34.255;35.6614;-81.2236
63.168.35.0;63.168.35.31;41.8835;-87.6366
63.168.35.32;63.168.36.255;41.4993;-81.6944
63.168.37.0;63.168.37.255;38.2527;-85.7585
63.168.38.0;63.168.38.255;38.9917;-77.4206
63.168.39.0;63.168.39.255;30.8837;-102.88
63.168.40.0;63.168.40.255;41.4993;-81.6944
63.168.41.0;63.168.41.255;33.9044;-84.4551
63.168.42.0;63.168.42.255;41.4993;-81.6944
63.168.43.0;63.168.43.255;38.8854;-77.0056
63.168.44.0;63.168.45.131;41.4993;-81.6944
63.168.45.132;63.168.45.255;32.7555;-97.3308
63.168.46.0;63.168.46.255;39.4139;-81.456
63.168.47.0;63.168.47.255;41.4993;-81.6944
63.168.48.0;63.168.48.255;38.6838;-90.4036
63.168.49.0;63.168.49.255;37.9775;-122.057
63.168.50.0;63.168.50.255;41.4993;-81.6944
63.168.51.0;63.168.51.255;30.5048;-90.4592
63.168.52.0;63.168.55.255;39.5349;-119.753
63.168.56.0;63.168.56.255;37.9775;-122.057
63.168.57.0;63.168.57.255;-0.188004;-78.4919
63.168.58.0;63.168.58.255;40.7128;-74.006
63.168.59.0;63.168.59.255;42.5918;-71.319
63.168.60.0;63.168.60.255;41.4993;-81.6944
63.168.61.0;63.168.61.255;42.3654;-71.0879
63.168.62.0;63.168.62.255;41.4993;-81.6944
63.168.63.0;63.168.63.255;48.1701;-116.756
63.168.64.0;63.168.71.255;38.9528;-77.4026
63.168.72.0;63.168.72.255;41.4993;-81.6944
63.168.73.0;63.168.73.255;41.8781;-87.6298
63.168.74.0;63.168.75.255;31.7234;-98.9794
63.168.76.0;63.168.76.255;33.9044;-84.4551
63.168.77.0;63.168.77.255;35.1982;-83.3607
63.168.78.0;63.168.79.255;41.4993;-81.6944
63.168.80.0;63.168.80.255;39.9275;-105.119
63.168.81.0;63.168.81.255;40.123;-75.3986
63.168.82.0;63.168.82.255;39.7642;-84.1883
63.168.83.0;63.168.83.255;35.1982;-83.3607
63.168.84.0;63.168.84.255;41.754;-86.2159
63.168.85.0;63.168.85.255;25.762;-80.1923
63.168.86.0;63.168.87.255;41.8781;-87.6298
63.168.88.0;63.168.90.255;41.4993;-81.6944
63.168.91.0;63.168.91.255;41.8781;-87.6298
63.168.92.0;63.168.92.255;41.4993;-81.6944
63.168.93.0;63.168.93.255;4.62982;-74.0875
63.168.94.0;63.168.94.255;41.4993;-81.6944
63.168.95.0;63.168.95.255;41.5867;-93.6245
63.168.96.0;63.168.97.255;41.4993;-81.6944
63.168.98.0;63.168.99.7;32.814;-96.9489
63.168.99.8;63.168.99.255;21.3099;-157.858
63.168.100.0;63.168.100.255;41.0973;-73.5617
63.168.101.0;63.168.101.255;27.3723;-82.5327
63.168.102.0;63.168.102.255;41.4993;-81.6944
63.168.103.0;63.168.103.255;32.8007;-96.8192
63.168.104.0;63.168.104.255;32.8998;-96.9601
63.168.105.0;63.168.105.255;33.4301;-94.0431
63.168.106.0;63.168.106.255;32.3006;-95.3248
63.168.107.0;63.168.107.255;38.5394;-90.4634
63.168.108.0;63.168.108.255;34.0571;-84.293
63.168.109.0;63.168.111.255;41.4993;-81.6944
63.168.112.0;63.168.112.191;42.5259;-70.9272
63.168.112.192;63.168.113.255;41.4993;-81.6944
63.168.114.0;63.168.114.255;26.273;-80.2607
63.168.115.0;63.168.115.255;41.4993;-81.6944
63.168.116.0;63.168.116.255;41.8781;-87.6298
63.168.117.0;63.168.117.255;48.4365;-122.326
63.168.118.0;63.168.119.255;34.7239;-76.7439
63.168.120.0;63.168.120.255;41.5249;-90.4147
63.168.121.0;63.168.121.255;39.3988;-76.5708
63.168.122.0;63.168.122.255;41.4993;-81.6944
63.168.123.0;63.168.123.255;43.0999;-77.5875
63.168.124.0;63.168.124.255;41.4993;-81.6944
63.168.125.0;63.168.125.255;38.0187;-84.5514
63.168.126.0;63.168.126.255;38.4739;-77.4214
63.168.127.0;63.168.127.255;40.4123;-105.004
63.168.128.0;63.168.128.255;35.1982;-83.3607
63.168.129.0;63.168.129.255;39.6043;-104.903
63.168.130.0;63.168.130.255;41.4993;-81.6944
63.168.131.0;63.168.131.255;40.7129;-74.0093
63.168.132.0;63.168.132.255;38.9836;-94.6738
63.168.133.0;63.168.133.255;40.7506;-73.9851
63.168.134.0;63.168.134.255;41.4993;-81.6944
63.168.135.0;63.168.135.255;31.8071;-85.9712
63.168.136.0;63.168.136.255;41.8928;-87.6211
63.168.137.0;63.168.137.255;41.4993;-81.6944
63.168.138.0;63.168.138.255;39.154;-84.4024
63.168.139.0;63.168.139.255;41.2734;-82.0565
63.168.140.0;63.168.140.255;40.9231;-72.6692
63.168.141.0;63.168.143.255;41.4993;-81.6944
63.168.144.0;63.168.144.255;33.886;-118.396
63.168.145.0;63.168.146.255;41.4993;-81.6944
63.168.147.0;63.168.147.255;31.4289;-100.449
63.168.148.0;63.168.148.255;40.756;-73.9741
63.168.149.0;63.168.149.255;41.4993;-81.6944
63.168.150.0;63.168.150.255;32.9121;-96.9553
63.168.151.0;63.168.151.255;41.4993;-81.6944
63.168.152.0;63.168.152.255;33.9671;-84.2258
63.168.153.0;63.168.153.255;40.7128;-74.006
63.168.154.0;63.168.154.255;42.137;-72.7408
63.168.155.0;63.168.155.255;41.18;-73.2487
63.168.156.0;63.168.156.255;41.4993;-81.6944
63.168.157.0;63.168.157.255;43.2135;-75.3986
63.168.158.0;63.168.158.255;41.4993;-81.6944
63.168.159.0;63.168.159.255;29.7767;-95.6194
63.168.160.0;63.168.161.255;39.6421;-77.7237
63.168.162.0;63.168.162.255;42.3394;-71.5907
63.168.163.0;63.168.164.255;41.4993;-81.6944
63.168.165.0;63.168.165.255;34.4142;-119.693
63.168.166.0;63.168.166.255;41.4993;-81.6944
63.168.167.0;63.168.167.255;21.3069;-157.858
63.168.168.0;63.168.168.255;15.3694;44.191
63.168.169.0;63.168.169.255;38.9072;-77.0369
63.168.170.0;63.168.170.255;35.3229;-77.6065
63.168.171.0;63.168.171.255;35.4668;-97.3879
63.168.172.0;63.168.172.255;37.3802;-122.119
63.168.173.0;63.168.173.255;41.4993;-81.6944
63.168.174.0;63.168.174.255;30.2806;-97.8238
63.168.175.0;63.168.175.255;39.7076;-105.086
63.168.176.0;63.168.191.255;35.9624;-83.9161
63.168.192.0;63.168.192.255;41.4993;-81.6944
63.168.193.0;63.168.193.255;35.1074;-89.8663
63.168.194.0;63.168.194.255;33.4034;-111.991
63.168.195.0;63.168.195.255;34.3161;-89.9533
63.168.196.0;63.168.196.255;35.4191;-81.0137
63.168.197.0;63.168.199.255;41.4993;-81.6944
63.168.200.0;63.168.200.255;38.9577;-77.4479
63.168.201.0;63.168.201.255;41.4993;-81.6944
63.168.202.0;63.168.203.255;38.8993;-77.0425
63.168.204.0;63.168.204.255;36.3162;-86.6441
63.168.205.0;63.168.205.255;36.881;-76.2194
63.168.206.0;63.168.208.255;41.4993;-81.6944
63.168.209.0;63.168.209.255;33.663;-117.76
63.168.210.0;63.168.211.255;38.0194;-84.5535
63.168.212.0;63.168.212.255;43.0564;-76.9897
63.168.213.0;63.168.213.255;33.6606;-117.749
63.168.214.0;63.168.215.255;36.1336;-80.6641
63.168.216.0;63.168.216.255;41.4993;-81.6944
63.168.217.0;63.168.217.255;39.2852;-84.457
63.168.218.0;63.168.219.255;41.4993;-81.6944
63.168.220.0;63.168.223.255;41.1576;-81.2421
63.168.224.0;63.168.239.255;41.8781;-87.6298
63.168.240.0;63.168.240.255;41.4993;-81.6944
63.168.241.0;63.168.241.255;34.0521;-118.258
63.168.242.0;63.168.243.255;36.7692;-76.104
63.168.244.0;63.168.245.255;40.6345;-111.803
63.168.246.0;63.168.246.255;34.0475;-118.257
63.168.247.0;63.168.247.255;33.6376;-117.722
63.168.248.0;63.168.255.255;41.4993;-81.6944
63.169.0.0;63.169.0.255;38.6491;-90.3353
63.169.1.0;63.169.1.255;40.7496;-73.9866
63.169.2.0;63.169.2.255;38.6447;-121.175
63.169.3.0;63.169.3.255;46.7846;-92.1038
63.169.4.0;63.169.4.255;37.2944;-121.93
63.169.5.0;63.169.6.255;41.4993;-81.6944
63.169.7.0;63.169.7.255;30.8837;-102.88
63.169.8.0;63.169.8.255;42.08;-87.9142
63.169.9.0;63.169.9.255;33.9112;-98.4912
63.169.10.0;63.169.10.255;26.2753;-80.1505
63.169.11.0;63.169.11.255;36.0709;-115.149
63.169.12.0;63.169.12.255;37.861;-78.2637
63.169.13.0;63.169.13.255;34.0973;-118.369
63.169.14.0;63.169.14.31;41.2307;-73.064
63.169.14.32;63.169.16.191;41.4993;-81.6944
63.169.16.192;63.169.16.207;44.8547;-93.4708
63.169.16.208;63.169.17.255;41.4993;-81.6944
63.169.18.0;63.169.18.255;42.0156;-87.9576
63.169.19.0;63.169.19.255;41.4993;-81.6944
63.169.20.0;63.169.20.255;37.7934;-81.1178
63.169.21.0;63.169.21.255;41.4993;-81.6944
63.169.22.0;63.169.22.255;38.8044;-77.0923
63.169.23.0;63.169.23.255;36.9998;-76.422
63.169.24.0;63.169.24.255;46.815;-95.8382
63.169.25.0;63.169.25.255;47.6465;-122.142
63.169.26.0;63.169.26.255;37.6581;-121.901
63.169.27.0;63.169.27.255;32.9967;-96.7533
63.169.28.0;63.169.29.255;44.0506;-123.115
63.169.30.0;63.169.31.255;37.0322;-97.607
63.169.32.0;63.169.32.255;34.757;-87.9728
63.169.33.0;63.169.33.255;37.925;-84.6116
63.169.34.0;63.169.34.255;33.9009;-84.4589
63.169.35.0;63.169.38.255;41.4993;-81.6944
63.169.39.0;63.169.39.255;39.2881;-84.318
63.169.40.0;63.169.40.255;41.4993;-81.6944
63.169.41.0;63.169.41.255;33.5858;-86.288
63.169.42.0;63.169.43.255;41.4993;-81.6944
63.169.44.0;63.169.44.255;32.7835;-96.7984
63.169.45.0;63.169.45.255;31.5392;-91.43
63.169.46.0;63.169.46.255;41.4993;-81.6944
63.169.47.0;63.169.47.255;37.9418;-87.91
63.169.48.0;63.169.48.255;33.9798;-118.419
63.169.49.0;63.169.49.255;41.4993;-81.6944
63.169.50.0;63.169.50.255;40.083;-82.9002
63.169.51.0;63.169.51.255;41.6637;-86.0972
63.169.52.0;63.169.52.255;41.4993;-81.6944
63.169.53.0;63.169.53.255;39.7855;-104.808
63.169.54.0;63.169.54.255;41.8781;-87.6298
63.169.55.0;63.169.56.255;41.4993;-81.6944
63.169.57.0;63.169.59.255;32.8998;-96.9601
63.169.60.0;63.169.60.255;40.8635;-74.4232
63.169.61.0;63.169.61.255;33.9581;-118.19
63.169.62.0;63.169.62.255;41.2251;-86.4047
63.169.63.0;63.169.65.167;41.4993;-81.6944
63.169.65.168;63.169.65.255;40.3471;-74.0643
63.169.66.0;63.169.66.255;40.03;-75.6023
63.169.67.0;63.169.67.255;33.3033;-111.968
63.169.68.0;63.169.68.255;39.6839;-75.6611
63.169.69.0;63.169.69.255;28.8143;-81.2834
63.169.70.0;63.169.70.255;39.4783;-76.6634
63.169.71.0;63.169.71.255;39.9926;-76.6603
63.169.72.0;63.169.72.255;42.2166;-88.0173
63.169.73.0;63.169.73.255;41.4993;-81.6944
63.169.74.0;63.169.74.255;41.8983;-87.7751
63.169.75.0;63.169.75.255;41.4993;-81.6944
63.169.76.0;63.169.76.255;34.0502;-118.257
63.169.77.0;63.169.77.163;30.5083;-97.6789
63.169.77.164;63.169.78.255;41.4993;-81.6944
63.169.79.0;63.169.79.255;28.3186;-81.5394
63.169.80.0;63.169.83.255;44.176;-93.9439
63.169.84.0;63.169.84.255;39.7551;-75.6263
63.169.85.0;63.169.85.255;35.9079;-78.8893
63.169.86.0;63.169.86.255;35.1332;-90.0623
63.169.87.0;63.169.87.255;41.8781;-87.6298
63.169.88.0;63.169.89.255;41.4993;-81.6944
63.169.90.0;63.169.90.255;36.1334;-96.3545
63.169.91.0;63.169.91.255;28.3186;-81.5394
63.169.92.0;63.169.92.255;40.0451;-75.4994
63.169.93.0;63.169.93.255;41.4993;-81.6944
63.169.94.0;63.169.94.255;41.3826;-88.8235
63.169.95.0;63.169.96.255;41.4993;-81.6944
63.169.97.0;63.169.97.255;38.9528;-77.4026
63.169.98.0;63.169.99.255;36.9998;-76.422
63.169.100.0;63.169.103.255;41.8781;-87.6298
63.169.104.0;63.169.104.255;41.4993;-81.6944
63.169.105.0;63.169.105.255;42.241;-87.8988
63.169.106.0;63.169.106.255;21.3133;-158.096
63.169.107.0;63.169.107.255;35.362;-86.2094
63.169.108.0;63.169.108.255;41.883;-87.6392
63.169.109.0;63.169.109.255;41.4993;-81.6944
63.169.110.0;63.169.110.255;42.4881;-72.608
63.169.111.0;63.169.111.255;41.4993;-81.6944
63.169.112.0;63.169.112.255;39.5789;-104.882
63.169.113.0;63.169.113.255;41.4993;-81.6944
63.169.114.0;63.169.114.255;42.3493;-71.05
63.169.115.0;63.169.115.255;41.4993;-81.6944
63.169.116.0;63.169.116.255;40.7895;-74.0565
63.169.117.0;63.169.117.255;41.8781;-87.6298
63.169.118.0;63.169.118.255;39.7024;-121.821
63.169.119.0;63.169.119.255;41.4993;-81.6944
63.169.120.0;63.169.121.159;48.4365;-122.326
63.169.121.160;63.169.121.167;40.7828;-89.6233
63.169.121.168;63.169.123.255;48.4365;-122.326
63.169.124.0;63.169.124.159;48.5126;-122.613
63.169.124.160;63.169.127.255;48.4365;-122.326
63.169.128.0;63.169.128.255;44.2515;-91.5081
63.169.129.0;63.169.129.255;41.4993;-81.6944
63.169.130.0;63.169.130.255;40.8691;-73.9587
63.169.131.0;63.169.131.255;41.4993;-81.6944
63.169.132.0;63.169.132.255;47.6565;-122.384
63.169.133.0;63.169.133.255;41.4993;-81.6944
63.169.134.0;63.169.134.255;33.989;-118.445
63.169.135.0;63.169.135.255;31.2225;-81.5101
63.169.136.0;63.169.137.255;41.4993;-81.6944
63.169.138.0;63.169.138.255;38.7548;-90.4667
63.169.139.0;63.169.139.255;40.774;-73.751
63.169.140.0;63.169.140.255;32.8973;-117.189
63.169.141.0;63.169.145.191;41.4993;-81.6944
63.169.145.192;63.169.145.255;25.7503;-80.2582
63.169.146.0;63.169.146.255;40.7128;-74.006
63.169.147.0;63.169.147.255;41.4993;-81.6944
63.169.148.0;63.169.148.255;45.518;-122.679
63.169.149.0;63.169.149.255;41.4993;-81.6944
63.169.150.0;63.169.150.255;42.6348;-71.2445
63.169.151.0;63.169.151.255;40.2743;-80.9991
63.169.152.0;63.169.152.255;41.4993;-81.6944
63.169.153.0;63.169.153.255;39.9841;-83.028
63.169.154.0;63.169.156.255;41.4993;-81.6944
63.169.157.0;63.169.157.255;39.125;-77.1826
63.169.158.0;63.169.158.255;41.4993;-81.6944
63.169.159.0;63.169.159.255;44.2616;-88.4978
63.169.160.0;63.169.160.255;36.1693;-80.2786
63.169.161.0;63.169.162.255;41.4993;-81.6944
63.169.163.0;63.169.163.255;35.2876;-81.5369
63.169.164.0;63.169.164.255;41.4993;-81.6944
63.169.165.0;63.169.165.255;42.0071;-87.9128
63.169.166.0;63.169.167.255;41.4993;-81.6944
63.169.168.0;63.169.168.255;38.8991;-77.0085
63.169.169.0;63.169.169.255;17.9629;-66.1713
63.169.170.0;63.169.170.255;41.4993;-81.6944
63.169.171.0;63.169.171.255;30.2852;-87.6726
63.169.172.0;63.169.172.255;35.1843;-80.7632
63.169.173.0;63.169.173.255;39.2479;-119.961
63.169.174.0;63.169.174.255;36.1022;-115.17
63.169.175.0;63.169.175.255;39.4888;-76.6599
63.169.176.0;63.169.182.255;33.9804;-118.44
63.169.183.0;63.169.184.255;41.4993;-81.6944
63.169.185.0;63.169.185.255;38.977;-76.2921
63.169.186.0;63.169.186.255;40.1113;-74.9965
63.169.187.0;63.169.187.255;32.7816;-96.7968
63.169.188.0;63.169.189.255;41.4993;-81.6944
63.169.190.0;63.169.190.255;41.2914;-96.1216
63.169.191.0;63.169.191.255;41.4993;-81.6944
63.169.192.0;63.169.195.255;37.5251;-122.262
63.169.196.0;63.169.196.255;41.8781;-87.6298
63.169.197.0;63.169.197.255;38.2744;-85.7427
63.169.198.0;63.169.198.255;41.4993;-81.6944
63.169.199.0;63.169.199.255;38.6374;-83.7887
63.169.200.0;63.169.200.255;28.8052;-81.3186
63.169.201.0;63.169.201.255;38.8633;-77.3809
63.169.202.0;63.169.202.255;41.4993;-81.6944
63.169.203.0;63.169.203.255;45.8791;-90.4206
63.169.204.0;63.169.204.255;41.4993;-81.6944
63.169.205.0;63.169.205.255;33.7442;-117.841
63.169.206.0;63.169.206.255;41.4993;-81.6944
63.169.207.0;63.169.207.255;41.8781;-87.6298
63.169.208.0;63.169.208.255;41.1962;-73.4303
63.169.209.0;63.169.209.255;35.8534;-78.8302
63.169.210.0;63.169.210.255;38.0016;-98.7617
63.169.211.0;63.169.211.255;33.9671;-84.2258
63.169.212.0;63.169.215.255;41.4993;-81.6944
63.169.216.0;63.169.218.255;39.8306;-77.2352
63.169.219.0;63.169.224.255;41.4993;-81.6944
63.169.225.0;63.169.225.255;36.5962;-78.1382
63.169.226.0;63.170.1.255;41.4993;-81.6944
63.170.2.0;63.170.3.255;38.5924;-121.272
63.170.4.0;63.170.4.255;39.9876;-75.5761
63.170.5.0;63.170.5.255;39.0524;-95.6725
63.170.6.0;63.170.6.255;39.0459;-94.5874
63.170.7.0;63.170.10.255;41.4993;-81.6944
63.170.11.0;63.170.11.255;26.6406;-81.8723
63.170.12.0;63.170.12.255;37.3078;-121.986
63.170.13.0;63.170.13.255;40.9019;-73.9988
63.170.14.0;63.170.14.255;33.7137;-117.836
63.170.15.0;63.170.15.255;41.4993;-81.6944
63.170.16.0;63.170.16.255;41.8781;-87.6298
63.170.17.0;63.170.17.255;41.4993;-81.6944
63.170.18.0;63.170.18.255;38.1567;-85.6564
63.170.19.0;63.170.19.255;42.3636;-87.8448
63.170.20.0;63.170.20.255;41.4993;-81.6944
63.170.21.0;63.170.21.255;41.4091;-75.6682
63.170.22.0;63.170.22.255;41.6567;-81.3717
63.170.23.0;63.170.23.255;33.7748;-84.2963
63.170.24.0;63.170.25.255;31.352;-109.524
63.170.26.0;63.170.26.255;39.8306;-77.2352
63.170.27.0;63.170.27.255;41.4993;-81.6944
63.170.28.0;63.170.28.255;29.9437;-95.3308
63.170.29.0;63.170.29.255;40.9262;-75.094
63.170.30.0;63.170.30.255;39.7341;-86.2633
63.170.31.0;63.170.31.255;40.6972;-74.4073
63.170.32.0;63.170.32.255;30.4311;-97.7519
63.170.33.0;63.170.33.255;37.0322;-97.607
63.170.34.0;63.170.34.255;41.4993;-81.6944
63.170.35.0;63.170.35.255;35.5671;-97.6667
63.170.36.0;63.170.36.255;41.4993;-81.6944
63.170.37.0;63.170.37.255;32.7555;-97.3308
63.170.38.0;63.170.38.255;39.2804;-89.8811
63.170.39.0;63.170.40.255;41.4993;-81.6944
63.170.41.0;63.170.41.255;39.7229;-90.2457
63.170.42.0;63.170.42.255;32.866;-81.1108
63.170.43.0;63.170.43.255;40.5881;-111.889
63.170.44.0;63.170.44.255;41.4993;-81.6944
63.170.45.0;63.170.45.255;41.8287;-88.0349
63.170.46.0;63.170.46.255;39.9497;-86.1599
63.170.47.0;63.170.47.255;43.6971;-114.352
63.170.48.0;63.170.49.255;41.4993;-81.6944
63.170.50.0;63.170.50.255;38.2744;-85.7427
63.170.51.0;63.170.51.255;40.4697;-80.2135
63.170.52.0;63.170.55.255;41.4993;-81.6944
63.170.56.0;63.170.56.255;45.5019;-73.5674
63.170.57.0;63.170.57.255;41.4993;-81.6944
63.170.58.0;63.170.59.255;44.0452;-121.332
63.170.60.0;63.170.61.255;41.4993;-81.6944
63.170.62.0;63.170.62.255;40.8328;-74.0624
63.170.63.0;63.170.63.255;38.6571;-90.5635
63.170.64.0;63.170.64.255;34.011;-84.181
63.170.65.0;63.170.65.255;39.0438;-77.4874
63.170.66.0;63.170.67.255;41.4993;-81.6944
63.170.68.0;63.170.69.255;45.21;-93.665
63.170.70.0;63.170.72.255;41.4993;-81.6944
63.170.73.0;63.170.73.255;40.8761;-74.4279
63.170.74.0;63.170.74.255;33.9671;-84.2258
63.170.75.0;63.170.75.255;41.4993;-81.6944
63.170.76.0;63.170.76.255;40.7798;-97.8123
63.170.77.0;63.170.77.255;32.8998;-96.9601
63.170.78.0;63.170.78.255;39.9297;-86.1494
63.170.79.0;63.170.79.255;40.756;-73.9741
63.170.80.0;63.170.80.255;42.1563;-71.1208
63.170.81.0;63.170.81.255;32.202;-111.087
63.170.82.0;63.170.82.255;37.8524;-122.292
63.170.83.0;63.170.83.255;41.4993;-81.6944
63.170.84.0;63.170.84.255;33.5858;-86.288
63.170.85.0;63.170.85.255;41.4993;-81.6944
63.170.86.0;63.170.87.255;41.4635;-122.893
63.170.88.0;63.170.88.255;41.4993;-81.6944
63.170.89.0;63.170.89.255;40.7608;-82.6166
63.170.90.0;63.170.90.255;40.8665;-98.0034
63.170.91.0;63.170.91.255;44.887;-93.4056
63.170.92.0;63.170.92.255;39.3635;-101.377
63.170.93.0;63.170.94.255;41.4993;-81.6944
63.170.95.0;63.170.95.255;40.5919;-111.906
63.170.96.0;63.170.96.255;30.2507;-81.5876
63.170.97.0;63.170.97.255;41.4993;-81.6944
63.170.98.0;63.170.98.255;40.1951;-86.9784
63.170.99.0;63.170.99.255;41.3965;-81.6139
63.170.100.0;63.170.100.255;39.3635;-101.377
63.170.101.0;63.170.101.255;41.4993;-81.6944
63.170.102.0;63.170.102.255;34.2715;-118.783
63.170.103.0;63.170.103.255;41.4993;-81.6944
63.170.104.0;63.170.104.255;33.4621;-94.077
63.170.105.0;63.170.105.255;46.5565;-122.276
63.170.106.0;63.170.106.255;38.8051;-77.0488
63.170.107.0;63.170.107.255;39.5734;-104.81
63.170.108.0;63.170.108.255;41.4993;-81.6944
63.170.109.0;63.170.109.255;41.051;-73.6903
63.170.110.0;63.170.111.255;47.5289;-114.102
63.170.112.0;63.170.112.255;38.6561;-96.1697
63.170.113.0;63.170.113.255;42.7943;-71.502
63.170.114.0;63.170.114.255;41.4993;-81.6944
63.170.115.0;63.170.115.255;39.0969;-94.5681
63.170.116.0;63.170.116.255;41.4993;-81.6944
63.170.117.0;63.170.117.255;28.8109;-81.9127
63.170.118.0;63.170.118.255;38.4134;-120.659
63.170.119.0;63.170.119.255;38.4522;-120.529
63.170.120.0;63.170.121.255;39.2494;-121.029
63.170.122.0;63.170.122.255;41.57;-91.2638
63.170.123.0;63.170.123.255;40.7621;-73.9846
63.170.124.0;63.170.124.255;41.4993;-81.6944
63.170.125.0;63.170.125.255;39.75;-104.999
63.170.126.0;63.170.126.255;38.9072;-77.0369
63.170.127.0;63.170.127.255;41.2605;-96.0447
63.170.128.0;63.170.135.255;37.9993;-84.526
63.170.136.0;63.170.136.255;42.0464;-73.9809
63.170.137.0;63.170.137.255;33.2276;-97.1745
63.170.138.0;63.170.141.255;41.4993;-81.6944
63.170.142.0;63.170.142.255;40.0908;-83.1255
63.170.143.0;63.170.143.255;40.7589;-73.9751
63.170.144.0;63.170.144.255;41.4993;-81.6944
63.170.145.0;63.170.147.255;42.2202;-72.5511
63.170.148.0;63.170.148.255;38.8407;-77.4391
63.170.149.0;63.170.149.255;41.2782;-73.1364
63.170.150.0;63.170.150.255;42.7875;-86.1089
63.170.151.0;63.170.151.255;25.7802;-80.2204
63.170.152.0;63.170.152.255;38.8629;-77.3354
63.170.153.0;63.170.153.255;41.4993;-81.6944
63.170.154.0;63.170.154.255;42.1158;-87.8272
63.170.155.0;63.170.155.255;33.6272;-117.718
63.170.156.0;63.170.156.255;42.5878;-72.5978
63.170.157.0;63.170.157.255;42.3808;-83.4831
63.170.158.0;63.170.158.255;41.4993;-81.6944
63.170.159.0;63.170.159.255;37.4592;-89.2497
63.170.160.0;63.170.160.255;26.5771;-81.9436
63.170.161.0;63.170.161.255;36.1438;-115.129
63.170.162.0;63.170.162.255;28.348;-81.6239
63.170.163.0;63.170.166.31;41.4993;-81.6944
63.170.166.32;63.170.166.255;41.88;-88.0078
63.170.167.0;63.170.167.255;33.8454;-111.968
63.170.168.0;63.170.169.255;30.2802;-97.8234
63.170.170.0;63.170.171.255;41.4993;-81.6944
63.170.172.0;63.170.173.255;39.7916;-84.0658
63.170.174.0;63.170.175.255;40.4183;-86.4682
63.170.176.0;63.170.183.255;42.1563;-71.1208
63.170.184.0;63.170.184.255;41.4993;-81.6944
63.170.185.0;63.170.185.255;40.4818;-89.0261
63.170.186.0;63.170.186.255;41.4993;-81.6944
63.170.187.0;63.170.187.255;41.8803;-87.6375
63.170.188.0;63.170.188.255;33.7485;-117.867
63.170.189.0;63.170.192.255;41.4993;-81.6944
63.170.193.0;63.170.193.255;21.3358;-157.912
63.170.194.0;63.170.194.255;41.4241;-97.2746
63.170.195.0;63.170.195.255;41.4993;-81.6944
63.170.196.0;63.170.196.255;26.1861;-81.8003
63.170.197.0;63.170.197.255;39.0997;-94.5838
63.170.198.0;63.170.201.255;41.4993;-81.6944
63.170.202.0;63.170.202.255;40.901;-74.6381
63.170.203.0;63.170.203.255;38.9072;-77.0369
63.170.204.0;63.170.205.255;41.4993;-81.6944
63.170.206.0;63.170.206.255;32.9121;-96.9553
63.170.207.0;63.170.207.255;47.3968;-122.266
63.170.208.0;63.170.211.255;34.1427;-87.9914
63.170.212.0;63.170.212.255;37.2664;-79.9396
63.170.213.0;63.170.213.255;45.5114;-122.66
63.170.214.0;63.170.214.255;41.4993;-81.6944
63.170.215.0;63.170.215.255;45.5206;-122.68
63.170.216.0;63.170.216.255;41.4993;-81.6944
63.170.217.0;63.170.217.255;39.0422;-94.599
63.170.218.0;63.170.218.255;41.4993;-81.6944
63.170.219.0;63.170.219.255;41.8781;-87.6298
63.170.220.0;63.170.220.255;41.4993;-81.6944
63.170.221.0;63.170.221.255;38.9557;-77.4134
63.170.222.0;63.170.223.255;36.5433;-91.6295
63.170.224.0;63.170.225.255;38.7881;-104.821
63.170.226.0;63.170.226.255;41.4748;-84.5525
63.170.227.0;63.170.227.255;39.7093;-104.223
63.170.228.0;63.170.228.255;32.9291;-96.8423
63.170.229.0;63.170.229.255;41.4993;-81.6944
63.170.230.0;63.170.230.255;35.7302;-81.3452
63.170.231.0;63.170.231.255;47.6583;-117.42
63.170.232.0;63.170.232.255;42.2703;-71.0247
63.170.233.0;63.170.233.255;41.4993;-81.6944
63.170.234.0;63.170.235.255;39.7207;-105.014
63.170.236.0;63.170.236.255;45.3984;-87.5838
63.170.237.0;63.170.237.255;36.9749;-122.026
63.170.238.0;63.170.239.255;36.2157;-115.154
63.170.240.0;63.170.240.255;41.1688;-73.4156
63.170.241.0;63.170.241.255;41.4993;-81.6944
63.170.242.0;63.170.242.255;41.5582;-73.0515
63.170.243.0;63.170.243.255;32.0012;-102.079
63.170.244.0;63.170.244.255;39.2479;-119.961
63.170.245.0;63.170.245.255;34.011;-84.181
63.170.246.0;63.170.246.255;41.4993;-81.6944
63.170.247.0;63.170.247.159;37.4167;-121.923
63.170.247.160;63.170.248.255;41.4993;-81.6944
63.170.249.0;63.170.249.223;38.9072;-77.0369
63.170.249.224;63.170.250.255;41.4993;-81.6944
63.170.251.0;63.170.251.255;39.2479;-119.961
63.170.252.0;63.170.252.255;41.4993;-81.6944
63.170.253.0;63.170.253.255;39.0997;-94.5786
63.170.254.0;63.170.254.255;30.4416;-90.0874
63.170.255.0;63.170.255.255;30.4755;-90.1009
63.171.0.0;63.171.2.23;41.4993;-81.6944
63.171.2.24;63.171.2.255;32.7555;-97.3308
63.171.3.0;63.171.3.255;33.9165;-84.357
63.171.4.0;63.171.7.255;33.9274;-84.5
63.171.8.0;63.171.11.255;41.8781;-87.6298
63.171.12.0;63.171.12.255;32.814;-96.9489
63.171.13.0;63.171.13.255;32.8423;-96.7744
63.171.14.0;63.171.14.255;27.8927;-82.6765
63.171.15.0;63.171.15.255;41.8886;-87.6275
63.171.16.0;63.171.16.255;40.7895;-74.0565
63.171.17.0;63.171.17.255;41.522;-84.3218
63.171.18.0;63.171.19.255;15.3694;44.191
63.171.20.0;63.171.23.255;39.024;-94.3404
63.171.24.0;63.171.24.255;36.9967;-121.985
63.171.25.0;63.171.25.255;41.7842;-88.1043
63.171.26.0;63.171.28.255;42.2359;-88.8594
63.171.29.0;63.171.29.255;41.4993;-81.6944
63.171.30.0;63.171.30.255;37.4119;-121.982
63.171.31.0;63.171.31.255;39.6366;-106.525
63.171.32.0;63.171.32.255;30.4755;-90.1009
63.171.33.0;63.171.33.255;40.7418;-88.5086
63.171.34.0;63.171.35.255;34.9625;-77.9641
63.171.36.0;63.171.39.255;41.974;-87.6603
63.171.40.0;63.171.41.255;41.4993;-81.6944
63.171.42.0;63.171.42.255;25.7731;-80.1883
63.171.43.0;63.171.43.255;41.4993;-81.6944
63.171.44.0;63.171.47.255;41.7032;-86.1891
63.171.48.0;63.171.63.255;41.4993;-81.6944
63.171.64.0;63.171.64.255;38.9019;-77.0413
63.171.65.0;63.171.65.255;41.4993;-81.6944
63.171.66.0;63.171.66.255;40.7895;-74.0565
63.171.67.0;63.171.67.255;37.4515;-122.123
63.171.68.0;63.171.68.255;42.7677;-86.0967
63.171.69.0;63.171.69.255;41.4993;-81.6944
63.171.70.0;63.171.71.255;41.8781;-87.6298
63.171.72.0;63.171.72.255;41.4993;-81.6944
63.171.73.0;63.171.73.255;35.5518;-76.6244
63.171.74.0;63.171.74.255;41.5139;-82.9212
63.171.75.0;63.171.75.255;26.2125;-80.1674
63.171.76.0;63.171.79.255;38.9395;-94.5765
63.171.80.0;63.171.80.255;40.3354;-74.0568
63.171.81.0;63.171.81.255;41.4993;-81.6944
63.171.82.0;63.171.82.255;43.6809;-114.365
63.171.83.0;63.171.83.255;42.4227;-88.0228
63.171.84.0;63.171.84.255;39.9789;-105.131
63.171.85.0;63.171.85.255;41.2142;-73.2539
63.171.86.0;63.171.86.255;41.4993;-81.6944
63.171.87.0;63.171.87.255;39.1708;-76.7064
63.171.88.0;63.171.88.255;34.0182;-84.6136
63.171.89.0;63.171.93.255;41.4993;-81.6944
63.171.94.0;63.171.94.255;42.3148;-75.3916
63.171.95.0;63.171.95.255;42.3653;-88.1386
63.171.96.0;63.171.96.255;35.1385;-106.588
63.171.97.0;63.171.97.255;41.4993;-81.6944
63.171.98.0;63.171.99.255;38.2152;-85.5369
63.171.100.0;63.171.100.255;41.4993;-81.6944
63.171.101.0;63.171.101.255;41.341;-86.3102
63.171.102.0;63.171.102.255;41.4993;-81.6944
63.171.103.0;63.171.103.255;39.6937;-104.948
63.171.104.0;63.171.104.255;43.6532;-79.3832
63.171.105.0;63.171.105.255;41.4993;-81.6944
63.171.106.0;63.171.106.127;37.5368;-77.4372
63.171.106.128;63.171.107.255;41.4993;-81.6944
63.171.108.0;63.171.108.255;32.3332;-86.2315
63.171.109.0;63.171.109.255;38.0664;-78.4902
63.171.110.0;63.171.110.255;41.4993;-81.6944
63.171.111.0;63.171.111.255;36.2202;-81.6922
63.171.112.0;63.171.115.255;41.8781;-87.6298
63.171.116.0;63.171.119.255;45.3147;-73.8785
63.171.120.0;63.171.123.255;41.8781;-87.6298
63.171.124.0;63.171.127.255;45.3147;-73.8785
63.171.128.0;63.171.128.255;36.015;-86.5561
63.171.129.0;63.171.129.255;41.4993;-81.6944
63.171.130.0;63.171.130.255;39.1574;-89.4935
63.171.131.0;63.171.131.255;34.5089;-117.327
63.171.132.0;63.171.132.255;40.9041;-90.6526
63.171.133.0;63.171.133.255;34.0622;-118.328
63.171.134.0;63.171.134.255;38.6713;-90.6349
63.171.135.0;63.171.135.255;32.8869;-96.9587
63.171.136.0;63.171.138.255;41.4993;-81.6944
63.171.139.0;63.171.139.255;42.3655;-71.1714
63.171.140.0;63.171.140.255;41.4993;-81.6944
63.171.141.0;63.171.141.255;41.8781;-87.6298
63.171.142.0;63.171.142.255;36.4992;-80.6066
63.171.143.0;63.171.143.255;41.4993;-81.6944
63.171.144.0;63.171.144.255;34.4235;-119.706
63.171.145.0;63.171.145.255;32.3137;-106.738
63.171.146.0;63.171.146.255;38.8436;-77.2901
63.171.147.0;63.171.147.255;41.4993;-81.6944
63.171.148.0;63.171.159.255;34.0475;-118.257
63.171.160.0;63.171.160.255;38.8622;-77.7745
63.171.161.0;63.171.161.255;38.766;-78.101
63.171.162.0;63.171.162.255;36.6865;-79.8671
63.171.163.0;63.171.163.255;41.4993;-81.6944
63.171.164.0;63.171.165.255;34.011;-84.181
63.171.166.0;63.171.166.255;41.4993;-81.6944
63.171.167.0;63.171.167.255;34.0536;-118.468
63.171.168.0;63.171.175.255;36.0829;-95.9752
63.171.176.0;63.171.176.255;41.4993;-81.6944
63.171.177.0;63.171.177.255;37.2149;-93.2949
63.171.178.0;63.171.178.255;33.7971;-84.3805
63.171.179.0;63.171.179.255;35.2705;-114.031
63.171.180.0;63.171.181.255;41.4993;-81.6944
63.171.182.0;63.171.182.255;39.4903;-76.6552
63.171.183.0;63.171.183.255;41.4096;-75.6667
63.171.184.0;63.171.185.255;41.4993;-81.6944
63.171.186.0;63.171.186.255;40.2815;-74.0414
63.171.187.0;63.171.187.255;35.6255;-97.4926
63.171.188.0;63.171.188.255;41.2803;-73.868
63.171.189.0;63.171.189.255;39.5497;-104.997
63.171.190.0;63.171.190.255;35.1717;-103.725
63.171.191.0;63.171.191.255;39.7176;-82.5776
63.171.192.0;63.171.192.255;31.4454;-106.088
63.171.193.0;63.171.195.255;41.4993;-81.6944
63.171.196.0;63.171.196.255;41.0665;-74.1706
63.171.197.0;63.171.199.127;41.4993;-81.6944
63.171.199.128;63.171.199.255;40.8106;-74.1224
63.171.200.0;63.171.207.255;41.4993;-81.6944
63.171.208.0;63.171.208.255;47.0632;-109.429
63.171.209.0;63.171.209.255;42.6808;-73.7637
63.171.210.0;63.171.211.255;41.4993;-81.6944
63.171.212.0;63.171.215.255;35.9652;-86.8013
63.171.216.0;63.171.217.255;42.8401;-78.7824
63.171.218.0;63.171.219.255;40.1171;-88.2439
63.171.220.0;63.171.220.255;41.4993;-81.6944
63.171.221.0;63.171.221.255;35.3796;-80.7789
63.171.222.0;63.171.222.255;42.2721;-71.5681
63.171.223.0;63.171.223.255;37.8269;-84.7068
63.171.224.0;63.171.224.255;30.3905;-97.7054
63.171.225.0;63.171.225.255;39.9612;-82.9988
63.171.226.0;63.171.227.255;41.4993;-81.6944
63.171.228.0;63.171.231.255;39.9581;-90.2057
63.171.232.0;63.171.232.255;4.62982;-74.0875
63.171.233.0;63.171.233.255;25.9095;-80.3306
63.171.234.0;63.171.234.255;32.8704;-96.9396
63.171.235.0;63.171.235.255;41.4993;-81.6944
63.171.236.0;63.171.236.255;38.8993;-77.0425
63.171.237.0;63.171.237.255;41.4993;-81.6944
63.171.238.0;63.171.238.255;32.7767;-96.797
63.171.239.0;63.171.239.255;31.4638;-100.437
63.171.240.0;63.171.240.255;34.2019;-119.008
63.171.241.0;63.171.241.255;42.3573;-71.0607
63.171.242.0;63.171.242.255;27.3723;-82.5327
63.171.243.0;63.171.243.255;34.1501;-118.449
63.171.244.0;63.171.245.255;31.1435;-93.261
63.171.246.0;63.171.246.255;39.3053;-94.7159
63.171.247.0;63.171.247.255;41.4993;-81.6944
63.171.248.0;63.171.248.255;47.6465;-122.142
63.171.249.0;63.171.249.255;40.6588;-74.0042
63.171.250.0;63.171.250.255;41.4993;-81.6944
63.171.251.0;63.171.251.255;37.0469;-80.7802
63.171.252.0;63.171.252.255;41.2754;-81.3997
63.171.253.0;63.171.253.255;28.3186;-81.5394
63.171.254.0;63.171.254.255;41.4993;-81.6944
63.171.255.0;63.171.255.255;40.8168;-73.2505
63.172.0.0;63.172.0.255;42.1954;-87.9442
63.172.1.0;63.172.1.255;41.4993;-81.6944
63.172.2.0;63.172.2.255;39.9297;-86.1494
63.172.3.0;63.172.3.255;44.1415;-84.0727
63.172.4.0;63.172.7.255;37.5851;-79.0514
63.172.8.0;63.172.8.255;41.4993;-81.6944
63.172.9.0;63.172.9.255;31.48;-100.431
63.172.10.0;63.172.10.255;37.5363;-122.063
63.172.11.0;63.172.11.255;37.9549;-122.497
63.172.12.0;63.172.12.255;41.4993;-81.6944
63.172.13.0;63.172.13.255;38.3061;-77.4606
63.172.14.0;63.172.14.255;38.5166;-121.407
63.172.15.0;63.172.15.255;39.6643;-75.6018
63.172.16.0;63.172.16.255;38.7881;-104.821
63.172.17.0;63.172.17.255;33.7589;-117.855
63.172.18.0;63.172.18.255;41.4993;-81.6944
63.172.19.0;63.172.19.255;39.1175;-84.4973
63.172.20.0;63.172.20.255;41.4993;-81.6944
63.172.21.0;63.172.21.255;34.0763;-117.715
63.172.22.0;63.172.24.255;41.4993;-81.6944
63.172.25.0;63.172.25.255;42.3654;-71.0879
63.172.26.0;63.172.26.255;38.0221;-78.0022
63.172.27.0;63.172.27.255;40.3613;-74.5993
63.172.28.0;63.172.31.255;40.774;-80.323
63.172.32.0;63.172.33.255;41.4993;-81.6944
63.172.34.0;63.172.34.255;35.9617;-86.8215
63.172.35.0;63.172.35.255;39.1708;-76.7064
63.172.36.0;63.172.36.255;35.9412;-95.8833
63.172.37.0;63.172.37.255;41.4993;-81.6944
63.172.38.0;63.172.38.255;39.7258;-105.206
63.172.39.0;63.172.39.255;39.3722;-104.856
63.172.40.0;63.172.41.255;31.4499;-98.5709
63.172.42.0;63.172.44.255;31.4207;-100.468
63.172.45.0;63.172.47.255;33.6497;-97.3742
63.172.48.0;63.172.48.255;41.4993;-81.6944
63.172.49.0;63.172.49.255;39.5789;-104.882
63.172.50.0;63.172.51.255;37.3732;-121.948
63.172.52.0;63.172.53.255;32.8677;-96.9401
63.172.54.0;63.172.54.255;38.9405;-104.802
63.172.55.0;63.172.55.255;41.4993;-81.6944
63.172.56.0;63.172.56.255;38.9528;-77.4026
63.172.57.0;63.172.57.255;38.7939;-77.1675
63.172.58.0;63.172.58.255;37.0322;-97.607
63.172.59.0;63.172.61.255;41.4993;-81.6944
63.172.62.0;63.172.62.31;40.7671;-73.995
63.172.62.32;63.172.63.255;41.4993;-81.6944
63.172.64.0;63.172.64.255;33.4239;-111.971
63.172.65.0;63.172.65.255;42.1672;-72.6132
63.172.66.0;63.172.66.255;26.3075;-80.2386
63.172.67.0;63.172.67.255;42.4963;-96.3961
63.172.68.0;63.172.68.255;34.0612;-118.302
63.172.69.0;63.172.69.255;41.4993;-81.6944
63.172.70.0;63.172.70.255;44.9554;-92.74
63.172.71.0;63.172.71.255;41.8781;-87.6298
63.172.72.0;63.172.72.255;38.2509;-85.7529
63.172.73.0;63.172.73.255;41.4993;-81.6944
63.172.74.0;63.172.74.255;40.5768;-122.358
63.172.75.0;63.172.75.255;37.8313;-122.288
63.172.76.0;63.172.76.255;41.4993;-81.6944
63.172.77.0;63.172.77.255;39.8787;-86.0738
63.172.78.0;63.172.78.255;41.4993;-81.6944
63.172.79.0;63.172.79.255;29.712;-95.2711
63.172.80.0;63.172.83.255;38.3061;-77.4606
63.172.84.0;63.172.85.255;33.9286;-83.349
63.172.86.0;63.172.87.255;41.4993;-81.6944
63.172.88.0;63.172.91.255;45.7833;-108.501
63.172.92.0;63.172.92.255;39.1808;-77.2563
63.172.93.0;63.172.93.255;41.7377;-71.4554
63.172.94.0;63.172.96.255;41.4993;-81.6944
63.172.97.0;63.172.97.255;39.9789;-105.131
63.172.98.0;63.172.98.255;42.8828;-85.5494
63.172.99.0;63.172.99.255;39.0707;-94.583
63.172.100.0;63.172.103.255;32.4427;-92.0881
63.172.104.0;63.172.111.255;40.774;-80.323
63.172.112.0;63.172.115.255;41.4993;-81.6944
63.172.116.0;63.172.116.255;47.0632;-109.429
63.172.117.0;63.172.117.255;35.5948;-82.5506
63.172.118.0;63.172.119.255;44.9708;-89.6395
63.172.120.0;63.172.121.255;41.4993;-81.6944
63.172.122.0;63.172.122.255;33.6974;-117.843
63.172.123.0;63.172.123.255;34.011;-84.181
63.172.124.0;63.172.127.255;41.4993;-81.6944
63.172.128.0;63.172.143.255;42.3846;-71.0677
63.172.144.0;63.172.151.255;42.4967;-83.3712
63.172.152.0;63.172.155.255;38.8814;-99.317
63.172.156.0;63.172.156.255;41.4993;-81.6944
63.172.157.0;63.172.157.255;38.4754;-78.869
63.172.158.0;63.172.158.255;43.0564;-76.9897
63.172.159.0;63.172.160.255;41.4993;-81.6944
63.172.161.0;63.172.161.255;38.4837;-107.87
63.172.162.0;63.172.162.255;41.4993;-81.6944
63.172.163.0;63.172.163.255;36.3934;-94.2205
63.172.164.0;63.172.164.255;41.4993;-81.6944
63.172.165.0;63.172.165.143;40.0992;-83.1141
63.172.165.144;63.172.166.255;41.4993;-81.6944
63.172.167.0;63.172.167.255;48.1159;-122.755
63.172.168.0;63.172.175.255;41.3787;-79.7039
63.172.176.0;63.172.176.255;41.8936;-87.6236
63.172.177.0;63.172.177.255;38.947;-94.3673
63.172.178.0;63.172.180.255;41.4993;-81.6944
63.172.181.0;63.172.181.255;33.6253;-111.913
63.172.182.0;63.172.183.255;39.0969;-94.5681
63.172.184.0;63.172.184.255;41.4993;-81.6944
63.172.185.0;63.172.185.255;33.4056;-112.047
63.172.186.0;63.172.186.255;38.9297;-77.2471
63.172.187.0;63.172.188.255;41.4993;-81.6944
63.172.189.0;63.172.189.255;33.7115;-117.953
63.172.190.0;63.172.190.255;36.1016;-79.4454
63.172.191.0;63.172.191.255;41.4993;-81.6944
63.172.192.0;63.172.192.255;38.8987;-77.031
63.172.193.0;63.172.193.255;41.4993;-81.6944
63.172.194.0;63.172.194.255;34.0536;-118.468
63.172.195.0;63.172.195.255;41.4993;-81.6944
63.172.196.0;63.172.196.255;38.9538;-77.4031
63.172.197.0;63.172.197.255;40.6703;-75.3749
63.172.198.0;63.172.201.231;41.4993;-81.6944
63.172.201.232;63.172.201.255;30.0545;-95.248
63.172.202.0;63.172.202.255;40.7589;-73.9751
63.172.203.0;63.172.203.255;34.2859;-118.785
63.172.204.0;63.172.204.255;40.093;-83.1327
63.172.205.0;63.172.205.255;37.5197;-120.851
63.172.206.0;63.172.206.255;42.3314;-83.0458
63.172.207.0;63.172.207.255;45.0868;-93.4191
63.172.208.0;63.172.208.255;42.6626;-77.0544
63.172.209.0;63.172.209.255;41.4993;-81.6944
63.172.210.0;63.172.211.255;40.1954;-86.9806
63.172.212.0;63.172.212.255;41.4993;-81.6944
63.172.213.0;63.172.213.255;40.8721;-74.4366
63.172.214.0;63.172.214.255;41.4993;-81.6944
63.172.215.0;63.172.215.255;38.9108;-104.828
63.172.216.0;63.172.216.255;41.4993;-81.6944
63.172.217.0;63.172.217.255;38.8056;-90.647
63.172.218.0;63.172.218.255;34.6443;-112.416
63.172.219.0;63.172.219.255;40.7675;-79.521
63.172.220.0;63.172.220.255;41.4993;-81.6944
63.172.221.0;63.172.221.111;33.8446;-118.359
63.172.221.112;63.172.224.255;41.4993;-81.6944
63.172.225.0;63.172.225.255;39.171;-84.4193
63.172.226.0;63.172.226.255;52.3676;4.90414
63.172.227.0;63.172.228.79;41.4993;-81.6944
63.172.228.80;63.172.228.255;37.6872;-97.3301
63.172.229.0;63.172.229.255;42.4803;-71.2038
63.172.230.0;63.172.230.255;38.9072;-77.0369
63.172.231.0;63.172.231.255;42.0078;-87.8332
63.172.232.0;63.172.239.255;34.1535;-118.801
63.172.240.0;63.172.240.255;41.681;-86.246
63.172.241.0;63.172.241.255;41.4993;-81.6944
63.172.242.0;63.172.242.255;42.0471;-87.6807
63.172.243.0;63.172.243.255;36.852;-76.2842
63.172.244.0;63.172.244.255;41.4993;-81.6944
63.172.245.0;63.172.245.255;37.8035;-122.272
63.172.246.0;63.172.251.255;41.4993;-81.6944
63.172.252.0;63.172.255.255;42.3217;-103.073
63.173.0.0;63.173.0.255;42.5216;-71.5151
63.173.1.0;63.173.1.255;41.4993;-81.6944
63.173.2.0;63.173.3.255;35.5487;-100.972
63.173.4.0;63.173.7.255;27.3723;-82.5327
63.173.8.0;63.173.8.255;39.7703;-89.6906
63.173.9.0;63.173.9.255;41.8781;-87.6298
63.173.10.0;63.173.10.255;40.7391;-114.073
63.173.11.0;63.173.11.255;41.4993;-81.6944
63.173.12.0;63.173.12.255;42.7363;-84.5528
63.173.13.0;63.173.13.255;41.5429;-93.6262
63.173.14.0;63.173.14.255;40.2292;-76.9614
63.173.15.0;63.173.15.255;38.6374;-83.7887
63.173.16.0;63.173.18.255;41.4993;-81.6944
63.173.19.0;63.173.19.255;29.7604;-95.3698
63.173.20.0;63.173.20.255;30.3259;-81.6615
63.173.21.0;63.173.21.255;41.5429;-93.6262
63.173.22.0;63.173.22.255;33.6715;-117.763
63.173.23.0;63.173.23.255;34.5593;-112.481
63.173.24.0;63.173.28.255;38.9395;-94.5765
63.173.29.0;63.173.29.255;41.4993;-81.6944
63.173.30.0;63.173.31.255;41.4157;-81.65
63.173.32.0;63.173.32.255;41.4993;-81.6944
63.173.33.0;63.173.33.255;33.3062;-111.841
63.173.34.0;63.173.34.255;41.6208;-80.21
63.173.35.0;63.173.35.255;39.9017;-75.5649
63.173.36.0;63.173.39.255;37.266;-97.3989
63.173.40.0;63.173.43.255;41.4993;-81.6944
63.173.44.0;63.173.44.255;42.2703;-71.0247
63.173.45.0;63.173.45.255;44.2515;-91.5081
63.173.46.0;63.173.47.255;41.4993;-81.6944
63.173.48.0;63.173.51.255;36.1222;-79.7989
63.173.52.0;63.173.55.255;39.0573;-94.5962
63.173.56.0;63.173.63.255;38.9528;-77.4026
63.173.64.0;63.173.65.255;41.4993;-81.6944
63.173.66.0;63.173.66.255;33.6798;-112.1
63.173.67.0;63.173.67.255;39.7472;-104.991
63.173.68.0;63.173.68.255;33.9217;-84.3804
63.173.69.0;63.173.69.255;41.9855;-83.675
63.173.70.0;63.173.70.255;42.3654;-71.0879
63.173.71.0;63.173.71.255;42.2888;-85.6482
63.173.72.0;63.173.72.255;42.5167;-71.2491
63.173.73.0;63.173.73.255;33.8362;-84.3312
63.173.74.0;63.173.74.255;42.4468;-83.137
63.173.75.0;63.173.75.255;33.5858;-86.288
63.173.76.0;63.173.77.255;37.4065;-121.903
63.173.78.0;63.173.78.255;40.7693;-73.9857
63.173.79.0;63.173.79.255;41.4993;-81.6944
63.173.80.0;63.173.80.255;32.9351;-96.8307
63.173.81.0;63.173.81.255;39.2893;-84.4192
63.173.82.0;63.173.82.255;41.4993;-81.6944
63.173.83.0;63.173.83.255;30.4222;-90.0831
63.173.84.0;63.173.84.255;40.819;-73.0686
63.173.85.0;63.173.85.255;41.4993;-81.6944
63.173.86.0;63.173.86.255;33.9864;-117.609
63.173.87.0;63.173.87.255;41.4262;-73.1086
63.173.88.0;63.173.88.255;38.904;-77.043
63.173.89.0;63.173.89.255;33.9645;-84.2513
63.173.90.0;63.173.90.255;32.7767;-96.797
63.173.91.0;63.173.91.255;33.5961;-83.5148
63.173.92.0;63.173.92.255;41.4993;-81.6944
63.173.93.0;63.173.93.255;42.5351;-71.2819
63.173.94.0;63.173.94.255;40.8869;-73.9851
63.173.95.0;63.173.95.255;40.7879;-74.3882
63.173.96.0;63.173.96.255;-0.188004;-78.4919
63.173.97.0;63.173.97.255;33.7807;-118.103
63.173.98.0;63.173.98.255;34.0754;-84.2941
63.173.99.0;63.173.103.255;44.0252;-116.917
63.173.104.0;63.173.104.255;41.5235;-90.5787
63.173.105.0;63.173.105.255;34.6871;-82.8098
63.173.106.0;63.173.106.255;35.1687;-89.8379
63.173.107.0;63.173.108.255;41.4993;-81.6944
63.173.109.0;63.173.109.255;36.164;-86.7818
63.173.110.0;63.173.110.255;35.5518;-76.6244
63.173.111.0;63.173.112.127;41.4993;-81.6944
63.173.112.128;63.173.112.255;32.7157;-117.161
63.173.113.0;63.173.113.255;38.6777;-90.4006
63.173.114.0;63.173.114.63;27.9517;-82.4588
63.173.114.64;63.173.115.255;41.4993;-81.6944
63.173.116.0;63.173.116.255;21.3316;-157.928
63.173.117.0;63.173.117.255;34.0363;-118.444
63.173.118.0;63.173.119.255;26.5629;-81.9495
63.173.120.0;63.173.121.255;41.4993;-81.6944
63.173.122.0;63.173.123.255;26.5629;-81.9495
63.173.124.0;63.173.124.255;41.4993;-81.6944
63.173.125.0;63.173.125.255;32.814;-96.9489
63.173.126.0;63.173.127.255;41.2476;-96.0254
63.173.128.0;63.173.129.255;41.4993;-81.6944
63.173.130.0;63.173.130.255;33.7078;-78.8715
63.173.131.0;63.173.131.255;37.7927;-122.402
63.173.132.0;63.173.135.255;38.3156;-88.9037
63.173.136.0;63.173.136.255;41.4993;-81.6944
63.173.137.0;63.173.137.255;40.7418;-88.5086
63.173.138.0;63.173.138.255;43.2038;-71.5365
63.173.139.0;63.173.139.255;33.1576;-99.7337
63.173.140.0;63.173.140.255;41.4993;-81.6944
63.173.141.0;63.173.141.255;41.8781;-87.6298
63.173.142.0;63.173.143.255;40.7251;-74.0049
63.173.144.0;63.173.145.255;34.7447;-92.2719
63.173.146.0;63.173.146.255;39.9073;-75.2595
63.173.147.0;63.173.147.255;32.956;-96.8433
63.173.148.0;63.173.148.255;34.0363;-118.444
63.173.149.0;63.173.149.255;41.4993;-81.6944
63.173.150.0;63.173.151.255;31.1191;-97.9197
63.173.152.0;63.173.155.255;40.341;-74.5
63.173.156.0;63.173.159.255;37.3303;-119.651
63.173.160.0;63.173.161.255;41.2874;-96.0976
63.173.162.0;63.173.162.255;34.2859;-118.785
63.173.163.0;63.173.163.255;33.5186;-86.8104
63.173.164.0;63.173.164.255;41.2874;-96.0976
63.173.165.0;63.173.165.255;38.9072;-77.0369
63.173.166.0;63.173.166.255;37.4857;-94.278
63.173.167.0;63.173.167.255;40.6588;-74.0042
63.173.168.0;63.173.169.255;30.0043;-98.1011
63.173.170.0;63.173.171.255;31.1415;-93.261
63.173.172.0;63.173.173.255;15.3694;44.191
63.173.174.0;63.173.175.255;38.8726;-77.3063
63.173.176.0;63.173.176.255;39.0627;-94.3015
63.173.177.0;63.173.177.255;35.1013;-89.8611
63.173.178.0;63.173.178.255;33.8725;-98.4845
63.173.179.0;63.173.179.255;40.5267;-105.044
63.173.180.0;63.173.183.255;36.7791;-119.695
63.173.184.0;63.173.184.255;41.4993;-81.6944
63.173.185.0;63.173.185.255;38.2761;-85.5045
63.173.186.0;63.173.186.255;41.4993;-81.6944
63.173.187.0;63.173.187.255;32.9545;-96.7684
63.173.188.0;63.173.188.255;41.4993;-81.6944
63.173.189.0;63.173.189.255;40.0168;-105.281
63.173.190.0;63.173.192.255;41.4993;-81.6944
63.173.193.0;63.173.193.255;40.7496;-73.9866
63.173.194.0;63.173.195.255;41.4008;-82.1124
63.173.196.0;63.173.197.159;41.4993;-81.6944
63.173.197.160;63.173.197.255;33.8358;-118.341
63.173.198.0;63.173.199.255;37.0497;-122.014
63.173.200.0;63.173.207.255;40.767;-82.61
63.173.208.0;63.173.208.255;30.2682;-97.7424
63.173.209.0;63.173.209.255;29.9076;-95.5544
63.173.210.0;63.173.211.255;33.8022;-118.035
63.173.212.0;63.173.215.255;41.14;-104.82
63.173.216.0;63.173.223.255;41.4196;-79.6935
63.173.224.0;63.173.224.255;41.4993;-81.6944
63.173.225.0;63.173.225.255;38.9482;-76.8334
63.173.226.0;63.173.227.255;28.111;-80.6987
63.173.228.0;63.173.231.255;40.5953;-77.5786
63.173.232.0;63.173.232.255;41.4993;-81.6944
63.173.233.0;63.173.233.255;40.0017;-75.6893
63.173.234.0;63.173.234.255;41.4993;-81.6944
63.173.235.0;63.173.235.255;34.8199;-118.946
63.173.236.0;63.173.237.255;41.4993;-81.6944
63.173.238.0;63.173.238.255;37.3787;-121.97
63.173.239.0;63.173.239.255;41.4993;-81.6944
63.173.240.0;63.173.241.255;35.1754;-79.3948
63.173.242.0;63.173.242.255;42.3529;-71.0606
63.173.243.0;63.173.243.255;41.8583;-87.9546
63.173.244.0;63.173.247.255;26.2034;-98.2258
63.173.248.0;63.173.249.255;38.3679;-97.6673
63.173.250.0;63.173.250.255;32.8711;-96.9435
63.173.251.0;63.173.251.255;39.0523;-95.6725
63.173.252.0;63.173.253.255;38.3679;-97.6673
63.173.254.0;63.173.254.255;38.883;-77.0191
63.173.255.0;63.173.255.255;45.9172;-89.2443
63.174.0.0;63.174.0.255;41.4993;-81.6944
63.174.1.0;63.174.1.255;39.1499;-94.5458
63.174.2.0;63.174.2.255;41.4993;-81.6944
63.174.3.0;63.174.3.255;40.7017;-89.5387
63.174.4.0;63.174.4.255;32.7369;-97.143
63.174.5.0;63.174.5.255;25.7277;-80.2414
63.174.6.0;63.174.6.255;41.4993;-81.6944
63.174.7.0;63.174.7.255;43.1133;-87.9192
63.174.8.0;63.174.8.255;47.7028;-122.925
63.174.9.0;63.174.9.255;47.7388;-122.635
63.174.10.0;63.174.10.255;38.9301;-94.648
63.174.11.0;63.174.11.255;47.7079;-122.601
63.174.12.0;63.174.15.255;38.9301;-94.648
63.174.16.0;63.174.31.255;40.4406;-79.9959
63.174.32.0;63.174.32.255;38.925;-77.2306
63.174.33.0;63.174.33.255;38.9528;-77.4025
63.174.34.0;63.174.34.255;37.9692;-120.313
63.174.35.0;63.174.35.255;40.8685;-82.3148
63.174.36.0;63.174.37.95;41.4993;-81.6944
63.174.37.96;63.174.37.255;29.5113;-98.5512
63.174.38.0;63.174.39.255;38.7314;-83.002
63.174.40.0;63.174.41.255;41.4635;-122.893
63.174.42.0;63.174.45.255;41.4993;-81.6944
63.174.46.0;63.174.46.255;44.0452;-121.332
63.174.47.0;63.174.48.255;41.4993;-81.6944
63.174.49.0;63.174.49.255;32.8677;-96.9401
63.174.50.0;63.174.51.255;41.4993;-81.6944
63.174.52.0;63.174.55.255;40.0095;-75.2185
63.174.56.0;63.174.63.255;47.7092;-117.428
63.174.64.0;63.174.64.255;33.8908;-118.043
63.174.65.0;63.174.65.255;39.9529;-75.171
63.174.66.0;63.174.66.255;40.5502;-74.4096
63.174.67.0;63.174.67.255;40.119;-83.0144
63.174.68.0;63.174.68.255;33.8362;-84.3305
63.174.69.0;63.174.69.255;41.4993;-81.6944
63.174.70.0;63.174.70.255;36.1545;-86.7964
63.174.71.0;63.174.71.255;34.0279;-117.825
63.174.72.0;63.174.72.255;41.4993;-81.6944
63.174.73.0;63.174.73.255;34.7269;-81.6412
63.174.74.0;63.174.74.255;34.1786;-118.603
63.174.75.0;63.174.76.255;41.4993;-81.6944
63.174.77.0;63.174.77.255;37.3955;-122.103
63.174.78.0;63.174.79.255;34.0475;-118.257
63.174.80.0;63.174.80.255;26.0905;-80.2284
63.174.81.0;63.174.81.255;33.4686;-86.8326
63.174.82.0;63.174.84.255;41.4993;-81.6944
63.174.85.0;63.174.85.255;30.4609;-97.8176
63.174.86.0;63.174.90.255;41.4993;-81.6944
63.174.91.0;63.174.91.255;44.9778;-93.265
63.174.92.0;63.174.92.255;41.4993;-81.6944
63.174.93.0;63.174.93.255;41.4963;-112.015
63.174.94.0;63.174.94.255;42.3472;-71.0931
63.174.95.0;63.174.95.255;39.1031;-94.5827
63.174.96.0;63.174.96.255;38.9538;-77.4031
63.174.97.0;63.174.97.255;41.4714;-81.6186
63.174.98.0;63.174.98.255;26.7101;-80.0539
63.174.99.0;63.174.99.255;38.8493;-77.3107
63.174.100.0;63.174.100.255;40.4818;-89.0261
63.174.101.0;63.174.101.255;38.8995;-77.0404
63.174.102.0;63.174.102.255;41.8781;-87.6298
63.174.103.0;63.174.103.255;33.5437;-112.189
63.174.104.0;63.174.104.255;41.4993;-81.6944
63.174.105.0;63.174.105.255;39.9841;-83.028
63.174.106.0;63.174.106.255;41.4993;-81.6944
63.174.107.0;63.174.107.255;39.9789;-105.131
63.174.108.0;63.174.109.255;41.4993;-81.6944
63.174.110.0;63.174.110.255;38.016;-122.003
63.174.111.0;63.174.111.255;34.0608;-118.368
63.174.112.0;63.174.112.255;41.4993;-81.6944
63.174.113.0;63.174.113.255;33.7971;-84.3805
63.174.114.0;63.174.114.255;41.4993;-81.6944
63.174.115.0;63.174.115.255;33.9804;-118.44
63.174.116.0;63.174.116.255;33.9864;-117.609
63.174.117.0;63.174.119.255;41.4993;-81.6944
63.174.120.0;63.174.127.255;43.5464;-96.7641
63.174.128.0;63.174.131.255;30.365;-103.663
63.174.132.0;63.174.132.255;41.4993;-81.6944
63.174.133.0;63.174.133.255;32.1172;-94.8306
63.174.134.0;63.174.135.255;30.0078;-100.205
63.174.136.0;63.174.139.255;29.4252;-98.4946
63.174.140.0;63.174.143.255;38.9072;-77.0369
63.174.144.0;63.174.147.255;29.4252;-98.4946
63.174.148.0;63.174.151.255;38.9072;-77.0369
63.174.152.0;63.174.153.255;30.365;-103.663
63.174.154.0;63.174.154.255;32.1172;-94.8306
63.174.155.0;63.174.155.255;33.886;-118.396
63.174.156.0;63.174.159.255;30.365;-103.663
63.174.160.0;63.174.161.255;41.4993;-81.6944
63.174.162.0;63.174.162.255;41.8732;-87.8658
63.174.163.0;63.174.163.255;39.4484;-119.753
63.174.164.0;63.174.167.255;41.4993;-81.6944
63.174.168.0;63.174.168.255;33.9565;-84.1044
63.174.169.0;63.174.169.255;41.4993;-81.6944
63.174.170.0;63.174.170.255;40.4138;-120.645
63.174.171.0;63.174.171.255;39.8596;-75.7008
63.174.172.0;63.174.172.255;40.7188;-111.927
63.174.173.0;63.174.173.255;41.4993;-81.6944
63.174.174.0;63.174.174.255;40.7128;-74.006
63.174.175.0;63.174.175.255;38.7509;-77.4753
63.174.176.0;63.174.176.255;39.7538;-104.751
63.174.177.0;63.174.177.255;41.4993;-81.6944
63.174.178.0;63.174.178.255;39.5705;-104.856
63.174.179.0;63.174.179.255;41.4993;-81.6944
63.174.180.0;63.174.180.255;46.2367;-119.222
63.174.181.0;63.174.182.255;39.1708;-76.7064
63.174.183.0;63.174.183.255;21.279;-157.828
63.174.184.0;63.174.184.255;37.1448;-80.4057
63.174.185.0;63.174.185.255;41.8781;-87.6298
63.174.186.0;63.174.187.255;37.1833;-93.2517
63.174.188.0;63.174.188.255;38.8928;-77.4391
63.174.189.0;63.174.189.255;41.0006;-73.8543
63.174.190.0;63.174.190.255;32.8972;-117.219
63.174.191.0;63.174.191.255;41.4993;-81.6944
63.174.192.0;63.174.192.255;37.5333;-95.8283
63.174.193.0;63.174.193.255;41.8781;-87.6298
63.174.194.0;63.174.194.255;41.4993;-81.6944
63.174.195.0;63.174.195.255;39.5909;-104.837
63.174.196.0;63.174.199.255;36.6;-121.896
63.174.200.0;63.174.207.255;4.71099;-74.0721
63.174.208.0;63.174.208.255;41.4993;-81.6944
63.174.209.0;63.174.209.255;33.4192;-84.1867
63.174.210.0;63.174.211.255;41.4993;-81.6944
63.174.212.0;63.174.212.255;40.8753;-74.4363
63.174.213.0;63.174.217.255;41.4993;-81.6944
63.174.218.0;63.174.218.255;38.9696;-77.3861
63.174.219.0;63.174.219.255;38.2974;-83.1814
63.174.220.0;63.174.220.255;40.8691;-73.9587
63.174.221.0;63.174.221.255;41.4993;-81.6944
63.174.222.0;63.174.222.255;42.1954;-87.9442
63.174.223.0;63.174.223.255;38.9887;-77.7853
63.174.224.0;63.174.224.255;32.2761;-111.016
63.174.225.0;63.174.225.255;41.2609;-96.0796
63.174.226.0;63.174.226.255;41.2224;-96.1203
63.174.227.0;63.174.227.255;-2.18836;-79.88
63.174.228.0;63.174.229.255;41.4993;-81.6944
63.174.230.0;63.174.230.255;34.032;-118.459
63.174.231.0;63.174.231.255;41.4993;-81.6944
63.174.232.0;63.174.232.255;39.0415;-95.7278
63.174.233.0;63.174.233.255;30.4925;-91.5185
63.174.234.0;63.174.234.255;33.8095;-118.038
63.174.235.0;63.174.235.255;40.347;-74.5951
63.174.236.0;63.174.236.255;41.4993;-81.6944
63.174.237.0;63.174.237.255;41.2458;-76.8941
63.174.238.0;63.174.239.255;41.4993;-81.6944
63.174.240.0;63.174.240.255;37.7814;-122.269
63.174.241.0;63.174.241.255;37.6614;-121.765
63.174.242.0;63.174.242.255;32.9032;-117.176
63.174.243.0;63.174.243.255;37.8533;-122.293
63.174.244.0;63.174.244.255;41.2592;-76.9505
63.174.245.0;63.174.245.255;41.4993;-81.6944
63.174.246.0;63.174.246.255;43.7307;-70.5443
63.174.247.0;63.174.247.255;37.0637;-122
63.174.248.0;63.174.248.255;37.8592;-122.291
63.174.249.0;63.174.249.255;21.2779;-157.825
63.174.250.0;63.174.255.255;41.6483;-83.5357
63.175.0.0;63.175.1.255;41.4993;-81.6944
63.175.2.0;63.175.3.255;32.7767;-96.797
63.175.4.0;63.175.4.255;33.3714;-98.7555
63.175.5.0;63.175.5.255;33.1668;-101.794
63.175.6.0;63.175.6.255;31.4207;-100.468
63.175.7.0;63.175.7.255;32.4707;-100.013
63.175.8.0;63.175.8.255;40.042;-86.8981
63.175.9.0;63.175.9.255;41.6341;-88.6814
63.175.10.0;63.175.10.255;37.5446;-122.321
63.175.11.0;63.175.11.255;35.1065;-77.0386
63.175.12.0;63.175.13.255;35.049;-85.3124
63.175.14.0;63.175.14.255;30.4119;-91.0989
63.175.15.0;63.175.15.255;41.4993;-81.6944
63.175.16.0;63.175.16.127;42.5836;-83.2455
63.175.16.128;63.175.18.255;41.4993;-81.6944
63.175.19.0;63.175.19.255;42.7875;-86.1089
63.175.20.0;63.175.21.255;38.9019;-77.0413
63.175.22.0;63.175.22.255;39.1175;-84.4973
63.175.23.0;63.175.23.255;33.4525;-112.069
63.175.24.0;63.175.24.255;41.4993;-81.6944
63.175.25.0;63.175.25.255;41.3748;-83.6513
63.175.26.0;63.175.26.255;34.2811;-118.869
63.175.27.0;63.175.27.255;38.5815;-121.499
63.175.28.0;63.175.28.255;41.4993;-81.6944
63.175.29.0;63.175.29.255;44.478;-73.2131
63.175.30.0;63.175.30.255;32.814;-96.9489
63.175.31.0;63.175.31.255;34.6708;-118.13
63.175.32.0;63.175.35.255;37.7863;-122.401
63.175.36.0;63.175.37.255;38.9528;-77.4026
63.175.38.0;63.175.39.255;41.4993;-81.6944
63.175.40.0;63.175.41.255;39.441;-119.764
63.175.42.0;63.175.42.255;36.9967;-121.985
63.175.43.0;63.175.43.255;40.7446;-73.9857
63.175.44.0;63.175.48.255;41.4993;-81.6944
63.175.49.0;63.175.49.255;45.8206;-88.0543
63.175.50.0;63.175.50.255;40.7704;-73.8366
63.175.51.0;63.175.54.255;41.4993;-81.6944
63.175.55.0;63.175.55.255;44.7973;-93.3696
63.175.56.0;63.175.56.255;41.4993;-81.6944
63.175.57.0;63.175.57.255;41.1462;-73.4264
63.175.58.0;63.175.58.255;40.632;-80.5474
63.175.59.0;63.175.59.255;41.4993;-81.6944
63.175.60.0;63.175.61.255;40.4152;-120.654
63.175.62.0;63.175.63.255;34.7499;-77.3881
63.175.64.0;63.175.64.255;33.907;-118.382
63.175.65.0;63.175.66.255;41.4993;-81.6944
63.175.67.0;63.175.67.255;21.3098;-157.859
63.175.68.0;63.175.68.255;41.4993;-81.6944
63.175.69.0;63.175.69.255;34.0536;-117.37
63.175.70.0;63.175.71.255;28.6664;-81.4018
63.175.72.0;63.175.72.255;41.4993;-81.6944
63.175.73.0;63.175.73.255;38.977;-76.2921
63.175.74.0;63.175.74.255;40.5253;-78.3982
63.175.75.0;63.175.75.255;29.7771;-95.6194
63.175.76.0;63.175.76.255;41.4993;-81.6944
63.175.77.0;63.175.77.255;41.8041;-88.1491
63.175.78.0;63.175.78.255;41.4993;-81.6944
63.175.79.0;63.175.79.255;21.3099;-157.858
63.175.80.0;63.175.87.255;36.1334;-96.3545
63.175.88.0;63.175.89.255;38.893;-77.0477
63.175.90.0;63.175.92.175;41.4993;-81.6944
63.175.92.176;63.175.92.191;38.9011;-77.0233
63.175.92.192;63.175.93.255;41.4993;-81.6944
63.175.94.0;63.175.94.255;42.4511;-83.0138
63.175.95.0;63.175.95.255;27.9617;-82.4359
63.175.96.0;63.175.96.255;29.5075;-98.5854
63.175.97.0;63.175.97.255;34.6126;-83.5249
63.175.98.0;63.175.98.255;41.4993;-81.6944
63.175.99.0;63.175.99.255;40.762;-73.9798
63.175.100.0;63.175.100.255;33.9217;-84.3804
63.175.101.0;63.175.101.255;34.1535;-118.801
63.175.102.0;63.175.103.255;41.4993;-81.6944
63.175.104.0;63.175.105.255;42.3334;-71.5768
63.175.106.0;63.175.106.255;37.8592;-122.291
63.175.107.0;63.175.107.255;41.4993;-81.6944
63.175.108.0;63.175.108.255;39.0969;-94.5681
63.175.109.0;63.175.109.255;39.0217;-94.6572
63.175.110.0;63.175.110.255;41.4993;-81.6944
63.175.111.0;63.175.111.255;37.3688;-122.036
63.175.112.0;63.175.112.255;18.4642;-66.1124
63.175.113.0;63.175.113.255;41.8781;-87.6298
63.175.114.0;63.175.115.255;41.4993;-81.6944
63.175.116.0;63.175.117.255;42.091;-80.1207
63.175.118.0;63.175.118.255;34.0336;-117.053
63.175.119.0;63.175.119.255;34.0549;-118.243
63.175.120.0;63.175.120.255;29.9508;-90.0768
63.175.121.0;63.175.121.255;41.8849;-87.6307
63.175.122.0;63.175.122.255;40.8502;-74.0123
63.175.123.0;63.175.123.255;39.75;-104.999
63.175.124.0;63.175.125.255;30.6381;-96.3705
63.175.126.0;63.175.126.255;40.7732;-73.4113
63.175.127.0;63.175.127.255;38.6374;-83.7887
63.175.128.0;63.175.129.255;47.127;-88.5818
63.175.130.0;63.175.130.255;38.7996;-77.1822
63.175.131.0;63.175.131.255;41.4993;-81.6944
63.175.132.0;63.175.132.255;42.7037;-71.143
63.175.133.0;63.175.134.255;41.4993;-81.6944
63.175.135.0;63.175.135.255;41.6038;-83.6715
63.175.136.0;63.175.136.255;39.1139;-77.1828
63.175.137.0;63.175.137.255;41.4993;-81.6944
63.175.138.0;63.175.139.255;39.1628;-94.6151
63.175.140.0;63.175.141.255;38.9072;-77.0369
63.175.142.0;63.175.143.255;40.1386;-74.9822
63.175.144.0;63.175.146.255;41.4993;-81.6944
63.175.147.0;63.175.147.255;40.7292;-99.0693
63.175.148.0;63.175.151.255;42.2359;-88.8594
63.175.152.0;63.175.152.255;38.5569;-121.451
63.175.153.0;63.175.153.255;37.9793;-77.2447
63.175.154.0;63.175.155.255;39.607;-90.8044
63.175.156.0;63.175.159.255;25.7617;-80.1918
63.175.160.0;63.175.160.255;35.1074;-89.8663
63.175.161.0;63.175.161.255;41.4993;-81.6944
63.175.162.0;63.175.163.255;42.331;-122.863
63.175.164.0;63.175.167.255;41.9974;-93.6096
63.175.168.0;63.175.169.255;41.6491;-83.5349
63.175.170.0;63.175.171.255;41.6483;-83.5357
63.175.172.0;63.175.172.255;35.0886;-84.0347
63.175.173.0;63.175.173.255;38.1542;-84.6501
63.175.174.0;63.175.175.255;33.7615;-84.3914
63.175.176.0;63.175.176.255;41.4993;-81.6944
63.175.177.0;63.175.177.255;26.325;-80.1142
63.175.178.0;63.175.178.255;41.9781;-87.8632
63.175.179.0;63.175.179.255;41.4993;-81.6944
63.175.180.0;63.175.180.255;40.8659;-96.6703
63.175.181.0;63.175.181.255;30.1422;-95.4705
63.175.182.0;63.175.182.63;35.8179;-78.6909
63.175.182.64;63.175.185.255;41.4993;-81.6944
63.175.186.0;63.175.187.255;18.3958;-66.0672
63.175.188.0;63.175.191.255;44.488;-103.858
63.175.192.0;63.175.193.255;41.4993;-81.6944
63.175.194.0;63.175.196.255;29.7771;-95.6194
63.175.197.0;63.175.203.255;41.4993;-81.6944
63.175.204.0;63.175.204.255;39.6421;-77.7237
63.175.205.0;63.175.205.255;44.4759;-73.2121
63.175.206.0;63.175.207.255;25.7752;-80.28
63.175.208.0;63.175.208.255;34.4326;-118.565
63.175.209.0;63.175.209.255;21.2776;-157.83
63.175.210.0;63.175.211.255;39.3988;-76.5708
63.175.212.0;63.175.213.255;45.5579;-94.1632
63.175.214.0;63.175.215.255;41.4993;-81.6944
63.175.216.0;63.175.217.255;41.8781;-87.6298
63.175.218.0;63.175.218.255;40.4591;-90.6855
63.175.219.0;63.175.219.255;35.3755;-119.022
63.175.220.0;63.175.220.255;39.1286;-79.4652
63.175.221.0;63.175.221.255;45.099;-87.6336
63.175.222.0;63.175.222.255;40.5253;-78.3982
63.175.223.0;63.175.223.255;36.1334;-96.3545
63.175.224.0;63.175.224.255;40.1246;-74.9789
63.175.225.0;63.175.225.255;38.6369;-90.3906
63.175.226.0;63.175.226.255;41.8781;-87.6298
63.175.227.0;63.175.227.255;32.221;-110.881
63.175.228.0;63.175.231.255;39.7482;-104.994
63.175.232.0;63.175.233.255;42.5584;-70.8801
63.175.234.0;63.175.234.255;35.7208;-81.7484
63.175.235.0;63.175.235.255;37.5788;-77.4995
63.175.236.0;63.175.236.255;28.6306;-81.4006
63.175.237.0;63.175.237.255;40.1773;-75.7303
63.175.238.0;63.175.239.255;38.3679;-97.6673
63.175.240.0;63.175.240.255;41.8902;-87.6316
63.175.241.0;63.175.241.255;40.1773;-75.7303
63.175.242.0;63.175.242.255;33.7646;-84.5417
63.175.243.0;63.175.243.255;40.2049;-74.664
63.175.244.0;63.175.244.255;38.6959;-90.4263
63.175.245.0;63.175.245.255;37.2402;-90.9674
63.175.246.0;63.175.246.255;41.0365;-73.666
63.175.247.0;63.175.247.255;41.4993;-81.6944
63.175.248.0;63.175.255.255;41.0081;-91.9715
63.176.0.0;63.176.138.255;50.1109;8.68213
63.176.139.0;63.176.139.255;50.8568;11.7268
63.176.140.0;63.176.161.255;50.1109;8.68213
63.176.162.0;63.176.162.255;50.9015;7.06129
63.176.163.0;63.177.88.255;50.1109;8.68213
63.177.89.0;63.177.89.255;47.811;11.1324
63.177.90.0;63.177.252.255;50.1109;8.68213
63.177.253.0;63.177.253.255;50.8708;6.86761
63.177.254.0;63.178.62.255;50.1109;8.68213
63.178.63.0;63.178.63.255;49.7175;11.0588
63.178.64.0;63.191.255.255;50.1109;8.68213
63.192.0.0;63.192.1.255;37.7857;-122.396
63.192.2.0;63.192.2.255;37.6614;-122.397
63.192.3.0;63.192.3.255;37.5573;-121.98
63.192.4.0;63.192.5.255;39.0438;-77.4874
63.192.6.0;63.192.7.255;37.7857;-122.396
63.192.8.0;63.192.8.255;37.7853;-122.396
63.192.9.0;63.192.9.255;37.7857;-122.396
63.192.10.0;63.192.10.255;38.5101;-122.968
63.192.11.0;63.192.11.255;39.0438;-77.4874
63.192.12.0;63.192.13.31;37.7857;-122.396
63.192.13.32;63.192.13.255;37.7857;-122.396
63.192.14.0;63.192.14.255;37.7857;-122.396
63.192.15.0;63.192.15.255;37.7857;-122.396
63.192.16.0;63.192.16.255;34.0778;-117.455
63.192.17.0;63.192.17.255;37.7857;-122.396
63.192.18.0;63.192.19.255;39.0438;-77.4874
63.192.20.0;63.192.20.255;40.7128;-74.006
63.192.21.0;63.192.21.255;42.6526;-73.7562
63.192.22.0;63.192.22.255;33.7966;-117.892
63.192.23.0;63.192.23.255;34.0549;-118.243
63.192.24.0;63.192.24.255;37.7912;-122.402
63.192.25.0;63.192.25.255;37.7857;-122.396
63.192.26.0;63.192.27.255;39.0438;-77.4874
63.192.28.0;63.192.28.255;40.7128;-74.006
63.192.29.0;63.192.29.255;39.0438;-77.4874
63.192.30.0;63.192.30.255;33.808;-117.893
63.192.31.0;63.192.31.255;39.0438;-77.4874
63.192.32.0;63.192.33.15;37.7857;-122.396
63.192.33.16;63.192.34.31;37.7857;-122.396
63.192.34.32;63.192.34.255;39.0438;-77.4874
63.192.35.0;63.192.36.55;37.7857;-122.396
63.192.36.56;63.192.36.255;37.7857;-122.396
63.192.37.0;63.192.37.255;37.7857;-122.396
63.192.38.0;63.192.38.255;39.0438;-77.4874
63.192.39.0;63.192.40.47;37.7857;-122.396
63.192.40.48;63.192.40.255;37.5842;-122.335
63.192.41.0;63.192.42.7;37.7857;-122.396
63.192.42.8;63.192.42.255;37.7749;-122.419
63.192.43.0;63.192.44.63;37.7857;-122.396
63.192.44.64;63.192.44.255;37.7749;-122.419
63.192.45.0;63.192.45.255;37.7857;-122.396
63.192.46.0;63.192.46.255;37.7857;-122.396
63.192.47.0;63.192.47.255;37.7857;-122.396
63.192.48.0;63.192.48.255;40.7128;-74.006
63.192.49.0;63.192.49.255;37.7857;-122.396
63.192.50.0;63.192.50.255;37.7912;-122.402
63.192.51.0;63.192.51.255;37.7857;-122.396
63.192.52.0;63.192.53.127;37.7912;-122.402
63.192.53.128;63.192.53.255;37.8092;-122.267
63.192.54.0;63.192.55.255;39.0438;-77.4874
63.192.56.0;63.192.56.255;40.7128;-74.006
63.192.57.0;63.192.57.255;42.6526;-73.7562
63.192.58.0;63.192.58.255;40.7128;-74.006
63.192.59.0;63.192.62.255;39.0438;-77.4874
63.192.63.0;63.192.63.255;40.7128;-74.006
63.192.64.0;63.192.64.255;37.7857;-122.396
63.192.65.0;63.192.65.255;34.1365;-118.039
63.192.66.0;63.192.66.255;33.8767;-117.882
63.192.67.0;63.192.67.255;39.0438;-77.4874
63.192.68.0;63.192.70.255;33.6225;-117.719
63.192.71.0;63.192.71.255;37.7857;-122.396
63.192.72.0;63.192.73.255;34.0549;-118.243
63.192.74.0;63.192.74.255;39.0438;-77.4874
63.192.75.0;63.192.75.255;34.1114;-118.336
63.192.76.0;63.192.77.255;33.0197;-96.746
63.192.78.0;63.192.78.255;33.0198;-96.6989
63.192.79.0;63.192.79.255;39.0438;-77.4874
63.192.80.0;63.192.80.255;34.1308;-117.972
63.192.81.0;63.192.81.255;37.7857;-122.396
63.192.82.0;63.192.82.255;33.9467;-118.37
63.192.83.0;63.192.83.255;34.2836;-118.869
63.192.84.0;63.192.84.255;34.0549;-118.243
63.192.85.0;63.192.85.255;33.0198;-96.6989
63.192.86.0;63.192.87.255;34.2054;-118.466
63.192.88.0;63.192.89.255;34.0007;-81.0348
63.192.90.0;63.192.90.255;40.1393;-74.8146
63.192.91.0;63.192.91.255;34.0007;-81.0348
63.192.92.0;63.192.92.247;40.7128;-74.006
63.192.92.248;63.192.93.255;39.0438;-77.4874
63.192.94.0;63.192.95.255;34.0549;-118.243
63.192.96.0;63.192.96.255;39.6663;-120.44
63.192.97.0;63.192.98.255;37.7857;-122.396
63.192.99.0;63.192.99.255;37.7912;-122.402
63.192.100.0;63.192.100.255;40.7128;-74.006
63.192.101.0;63.192.101.255;39.0438;-77.4874
63.192.102.0;63.192.103.255;41.8995;-87.9403
63.192.104.0;63.192.105.255;42.737;-84.4839
63.192.106.0;63.192.107.255;42.7325;-84.5555
63.192.108.0;63.192.108.255;32.0809;-81.0912
63.192.109.0;63.192.110.127;39.9526;-75.1652
63.192.110.128;63.192.111.255;25.9861;-80.3036
63.192.112.0;63.192.112.255;37.7857;-122.396
63.192.113.0;63.192.114.7;39.0438;-77.4874
63.192.114.8;63.192.115.255;37.7749;-122.419
63.192.116.0;63.192.119.255;34.0007;-81.0348
63.192.120.0;63.192.121.31;37.7912;-122.402
63.192.121.32;63.192.122.95;39.0438;-77.4874
63.192.122.96;63.192.122.255;36.6002;-121.895
63.192.123.0;63.192.124.255;37.7672;-121.958
63.192.125.0;63.192.125.255;39.0438;-77.4874
63.192.126.0;63.192.127.23;37.7912;-122.402
63.192.127.24;63.192.127.255;39.0438;-77.4874
63.192.128.0;63.192.128.255;37.7857;-122.396
63.192.129.0;63.192.129.255;37.7272;-122.232
63.192.130.0;63.192.135.255;37.7857;-122.396
63.192.136.0;63.192.136.255;38.4197;-122.386
63.192.137.0;63.192.137.255;37.7857;-122.396
63.192.138.0;63.192.139.255;39.0438;-77.4874
63.192.140.0;63.192.140.255;37.7672;-121.958
63.192.141.0;63.192.143.255;39.0438;-77.4874
63.192.144.0;63.192.145.255;37.7857;-122.396
63.192.146.0;63.192.146.255;33.0198;-96.7461
63.192.147.0;63.192.148.255;37.7857;-122.396
63.192.149.0;63.192.149.255;33.0197;-96.746
63.192.150.0;63.192.150.255;37.7857;-122.396
63.192.151.0;63.192.155.255;37.7857;-122.396
63.192.156.0;63.192.156.255;38.4236;-122.414
63.192.157.0;63.192.157.255;37.7857;-122.396
63.192.158.0;63.192.158.255;38.2876;-122.436
63.192.159.0;63.192.159.255;39.0438;-77.4874
63.192.160.0;63.192.160.255;37.7857;-122.396
63.192.161.0;63.192.161.255;38.6111;-121.516
63.192.162.0;63.192.162.255;39.0438;-77.4874
63.192.163.0;63.192.163.255;38.5958;-121.461
63.192.164.0;63.192.164.255;39.0438;-77.4874
63.192.165.0;63.192.165.255;38.6915;-122.019
63.192.166.0;63.192.169.127;37.7857;-122.396
63.192.169.128;63.192.171.15;39.0438;-77.4874
63.192.171.16;63.192.171.255;32.9918;-96.7108
63.192.172.0;63.192.173.127;38.5816;-121.494
63.192.173.128;63.192.173.255;37.7857;-122.396
63.192.174.0;63.192.175.255;38.5816;-121.494
63.192.176.0;63.192.176.255;39.0438;-77.4874
63.192.177.0;63.192.177.255;36.8218;-119.844
63.192.178.0;63.192.178.255;37.7912;-122.402
63.192.179.0;63.192.181.255;37.7857;-122.396
63.192.182.0;63.192.183.159;39.0438;-77.4874
63.192.183.160;63.192.183.255;36.7785;-119.781
63.192.184.0;63.192.185.55;36.7378;-119.787
63.192.185.56;63.192.185.255;39.0438;-77.4874
63.192.186.0;63.192.186.255;36.7939;-119.777
63.192.187.0;63.192.187.255;36.3304;-119.299
63.192.188.0;63.192.188.127;36.8466;-119.809
63.192.188.128;63.192.189.255;40.7128;-74.006
63.192.190.0;63.192.190.255;39.0438;-77.4874
63.192.191.0;63.192.191.255;37.7857;-122.396
63.192.192.0;63.192.192.255;37.7912;-122.402
63.192.193.0;63.192.193.255;37.7857;-122.396
63.192.194.0;63.192.195.31;37.7857;-122.396
63.192.195.32;63.192.195.255;37.7912;-122.402
63.192.196.0;63.192.197.47;37.7857;-122.396
63.192.197.48;63.192.197.255;37.7857;-122.396
63.192.198.0;63.192.199.31;37.7857;-122.396
63.192.199.32;63.192.199.255;37.7912;-122.402
63.192.200.0;63.192.202.31;37.7857;-122.396
63.192.202.32;63.192.202.255;37.7857;-122.396
63.192.203.0;63.192.203.255;37.7912;-122.402
63.192.204.0;63.192.204.255;39.0438;-77.4874
63.192.205.0;63.192.206.31;37.7857;-122.396
63.192.206.32;63.192.206.255;37.7857;-122.396
63.192.207.0;63.192.219.255;37.7857;-122.396
63.192.220.0;63.192.221.23;39.0438;-77.4874
63.192.221.24;63.192.221.255;37.7857;-122.396
63.192.222.0;63.192.223.31;39.0438;-77.4874
63.192.223.32;63.192.223.255;37.7857;-122.396
63.192.224.0;63.192.226.255;39.0438;-77.4874
63.192.227.0;63.192.227.255;33.9185;-117.914
63.192.228.0;63.192.229.255;37.7857;-122.396
63.192.230.0;63.192.231.23;34.0549;-118.243
63.192.231.24;63.192.231.255;37.7857;-122.396
63.192.232.0;63.192.233.15;34.0549;-118.243
63.192.233.16;63.192.233.255;39.0438;-77.4874
63.192.234.0;63.192.234.255;37.7857;-122.396
63.192.235.0;63.192.235.255;33.7555;-84.3915
63.192.236.0;63.192.237.31;39.0438;-77.4874
63.192.237.32;63.192.237.255;34.0549;-118.243
63.192.238.0;63.192.239.39;39.0438;-77.4874
63.192.239.40;63.192.239.255;40.7128;-74.006
63.192.240.0;63.192.240.255;40.1393;-74.8146
63.192.241.0;63.192.243.255;34.0007;-81.0348
63.192.244.0;63.192.244.255;34.0549;-118.243
63.192.245.0;63.192.245.255;37.7912;-122.402
63.192.246.0;63.192.246.255;37.7857;-122.396
63.192.247.0;63.192.247.255;39.0438;-77.4874
63.192.248.0;63.192.251.255;34.0007;-81.0348
63.192.252.0;63.192.252.255;35.5951;-82.5515
63.192.253.0;63.192.253.255;34.0549;-118.243
63.192.254.0;63.192.255.127;37.7857;-122.396
63.192.255.128;63.192.255.255;40.7128;-74.006
63.193.0.0;63.193.0.255;37.7749;-122.419
63.193.1.0;63.193.1.255;37.7857;-122.396
63.193.2.0;63.193.3.255;39.0438;-77.4874
63.193.4.0;63.193.5.7;37.7857;-122.396
63.193.5.8;63.193.6.7;37.7857;-122.396
63.193.6.8;63.193.7.7;37.7857;-122.396
63.193.7.8;63.193.7.255;37.7857;-122.396
63.193.8.0;63.193.8.47;40.7128;-74.006
63.193.8.48;63.193.10.199;39.0438;-77.4874
63.193.10.200;63.193.10.255;33.0198;-96.6989
63.193.11.0;63.193.11.255;37.7857;-122.396
63.193.12.0;63.193.15.255;37.7784;-122.391
63.193.16.0;63.193.16.255;40.1393;-74.8146
63.193.17.0;63.193.19.255;34.0007;-81.0348
63.193.20.0;63.193.20.255;37.7857;-122.396
63.193.21.0;63.193.21.255;39.0438;-77.4874
63.193.22.0;63.193.24.31;37.7857;-122.396
63.193.24.32;63.193.24.255;39.0438;-77.4874
63.193.25.0;63.193.25.255;37.7857;-122.396
63.193.26.0;63.193.26.255;37.7912;-122.402
63.193.27.0;63.193.27.255;37.7857;-122.396
63.193.28.0;63.193.28.255;37.5784;-122.323
63.193.29.0;63.193.29.255;37.7857;-122.396
63.193.30.0;63.193.32.31;39.0438;-77.4874
63.193.32.32;63.193.32.215;32.7157;-117.161
63.193.32.216;63.193.33.255;39.0438;-77.4874
63.193.34.0;63.193.34.255;37.7912;-122.402
63.193.35.0;63.193.35.255;32.6612;-117.111
63.193.36.0;63.193.36.255;39.0438;-77.4874
63.193.37.0;63.193.37.255;40.7128;-74.006
63.193.38.0;63.193.38.255;37.7857;-122.396
63.193.39.0;63.193.39.255;40.7128;-74.006
63.193.40.0;63.193.41.7;32.7157;-117.161
63.193.41.8;63.193.41.255;39.0438;-77.4874
63.193.42.0;63.193.43.111;32.7157;-117.161
63.193.43.112;63.193.43.255;39.0438;-77.4874
63.193.44.0;63.193.45.135;37.7857;-122.396
63.193.45.136;63.193.45.255;32.7536;-117.208
63.193.46.0;63.193.47.255;37.7857;-122.396
63.193.48.0;63.193.48.255;32.8559;-117.185
63.193.49.0;63.193.49.255;39.0438;-77.4874
63.193.50.0;63.193.50.223;33.1595;-117.22
63.193.50.224;63.193.51.255;39.0438;-77.4874
63.193.52.0;63.193.53.47;32.7157;-117.161
63.193.53.48;63.193.53.255;37.7857;-122.396
63.193.54.0;63.193.54.255;32.7157;-117.161
63.193.55.0;63.193.55.255;37.7857;-122.396
63.193.56.0;63.193.57.47;32.7157;-117.161
63.193.57.48;63.193.57.255;37.7912;-122.402
63.193.58.0;63.193.59.15;32.7157;-117.161
63.193.59.16;63.193.59.255;37.7857;-122.396
63.193.60.0;63.193.60.255;40.1393;-74.8146
63.193.61.0;63.193.63.255;34.0007;-81.0348
63.193.64.0;63.193.64.255;37.7857;-122.396
63.193.65.0;63.193.65.255;37.7749;-122.419
63.193.66.0;63.193.67.255;39.0438;-77.4874
63.193.68.0;63.193.68.255;33.0198;-96.7461
63.193.69.0;63.193.69.255;37.7857;-122.396
63.193.70.0;63.193.70.255;34.284;-118.706
63.193.71.0;63.193.71.255;34.1509;-118.131
63.193.72.0;63.193.72.255;34.1901;-118.502
63.193.73.0;63.193.73.255;37.7857;-122.396
63.193.74.0;63.193.76.15;34.0549;-118.243
63.193.76.16;63.193.76.255;39.0438;-77.4874
63.193.77.0;63.193.77.255;40.7128;-74.006
63.193.78.0;63.193.79.15;34.0549;-118.243
63.193.79.16;63.193.79.255;39.0438;-77.4874
63.193.80.0;63.193.80.255;37.7857;-122.396
63.193.81.0;63.193.81.255;34.1569;-118.485
63.193.82.0;63.193.82.255;37.7857;-122.396
63.193.83.0;63.193.83.255;39.0438;-77.4874
63.193.84.0;63.193.87.255;37.7857;-122.396
63.193.88.0;63.193.88.255;34.1571;-118.257
63.193.89.0;63.193.89.255;37.7749;-122.419
63.193.90.0;63.193.91.255;37.7857;-122.396
63.193.92.0;63.193.95.255;34.0778;-117.455
63.193.96.0;63.193.97.7;37.7857;-122.396
63.193.97.8;63.193.97.255;37.7912;-122.402
63.193.98.0;63.193.99.31;37.7857;-122.396
63.193.99.32;63.193.99.255;39.0438;-77.4874
63.193.100.0;63.193.100.255;37.7857;-122.396
63.193.101.0;63.193.102.47;37.7857;-122.396
63.193.102.48;63.193.102.255;37.7912;-122.402
63.193.103.0;63.193.103.255;37.7749;-122.419
63.193.104.0;63.193.104.255;39.0438;-77.4874
63.193.105.0;63.193.105.255;47.6694;-122.122
63.193.106.0;63.193.106.255;39.0438;-77.4874
63.193.107.0;63.193.107.255;40.7128;-74.006
63.193.108.0;63.193.109.87;39.0438;-77.4874
63.193.109.88;63.193.109.255;40.7128;-74.006
63.193.110.0;63.193.111.7;39.0438;-77.4874
63.193.111.8;63.193.111.255;37.5144;-121.944
63.193.112.0;63.193.123.255;37.7857;-122.396
63.193.124.0;63.193.125.55;40.7128;-74.006
63.193.125.56;63.193.125.255;37.7857;-122.396
63.193.126.0;63.193.127.255;39.0438;-77.4874
63.193.128.0;63.193.129.63;34.0549;-118.243
63.193.129.64;63.193.129.255;39.0438;-77.4874
63.193.130.0;63.193.131.15;34.0549;-118.243
63.193.131.16;63.193.131.255;37.7857;-122.396
63.193.132.0;63.193.133.63;34.0549;-118.243
63.193.133.64;63.193.133.255;39.0438;-77.4874
63.193.134.0;63.193.135.63;34.0549;-118.243
63.193.135.64;63.193.135.255;40.7128;-74.006
63.193.136.0;63.193.136.255;37.7857;-122.396
63.193.137.0;63.193.138.167;34.0549;-118.243
63.193.138.168;63.193.138.255;37.7857;-122.396
63.193.139.0;63.193.140.23;34.0549;-118.243
63.193.140.24;63.193.140.255;37.7857;-122.396
63.193.141.0;63.193.142.7;34.0549;-118.243
63.193.142.8;63.193.142.255;40.7128;-74.006
63.193.143.0;63.193.143.255;34.0549;-118.243
63.193.144.0;63.193.146.255;39.0438;-77.4874
63.193.147.0;63.193.147.255;47.6694;-122.122
63.193.148.0;63.193.149.255;39.0438;-77.4874
63.193.150.0;63.193.151.255;40.7128;-74.006
63.193.152.0;63.193.157.7;39.0438;-77.4874
63.193.157.8;63.193.157.255;34.0549;-118.243
63.193.158.0;63.193.163.255;39.0438;-77.4874
63.193.164.0;63.193.164.255;36.6189;-121.916
63.193.165.0;63.193.165.255;36.5607;-121.911
63.193.166.0;63.193.166.255;36.539;-121.906
63.193.167.0;63.193.167.255;36.6657;-121.665
63.193.168.0;63.193.168.255;36.6002;-121.895
63.193.169.0;63.193.169.255;39.0438;-77.4874
63.193.170.0;63.193.170.255;36.8523;-121.405
63.193.171.0;63.193.171.255;36.8871;-121.414
63.193.172.0;63.193.172.255;36.6002;-121.895
63.193.173.0;63.193.173.255;30.1588;-85.6602
63.193.174.0;63.193.174.255;36.6002;-121.895
63.193.175.0;63.193.175.255;43.0722;-89.4007
63.193.176.0;63.193.176.255;35.3728;-119.018
63.193.177.0;63.193.177.255;37.7857;-122.396
63.193.178.0;63.193.178.255;35.3733;-119.019
63.193.179.0;63.193.179.255;43.0389;-87.9065
63.193.180.0;63.193.180.255;39.0438;-77.4874
63.193.181.0;63.193.181.255;37.7912;-122.402
63.193.182.0;63.193.183.255;39.0438;-77.4874
63.193.184.0;63.193.184.255;37.7857;-122.396
63.193.185.0;63.193.185.255;35.3737;-119.02
63.193.186.0;63.193.187.15;35.3733;-119.019
63.193.187.16;63.193.188.15;39.0438;-77.4874
63.193.188.16;63.193.188.127;35.3733;-119.019
63.193.188.128;63.193.190.255;39.0438;-77.4874
63.193.191.0;63.193.191.255;35.3705;-119.055
63.193.192.0;63.193.193.7;37.7857;-122.396
63.193.193.8;63.193.193.255;37.7749;-122.419
63.193.194.0;63.193.195.255;37.7857;-122.396
63.193.196.0;63.193.196.255;42.0324;-87.7416
63.193.197.0;63.193.198.47;37.7857;-122.396
63.193.198.48;63.193.199.15;39.0438;-77.4874
63.193.199.16;63.193.199.255;40.7128;-74.006
63.193.200.0;63.193.200.255;38.2492;-122.041
63.193.201.0;63.193.201.255;37.7857;-122.396
63.193.202.0;63.193.203.255;37.7857;-122.396
63.193.204.0;63.193.205.255;37.7857;-122.396
63.193.206.0;63.193.206.255;37.4029;-121.979
63.193.207.0;63.193.207.255;37.7857;-122.396
63.193.208.0;63.193.209.255;39.0438;-77.4874
63.193.210.0;63.193.212.255;37.7857;-122.396
63.193.213.0;63.193.213.255;37.7749;-122.419
63.193.214.0;63.193.214.255;39.0438;-77.4874
63.193.215.0;63.193.215.255;37.7857;-122.396
63.193.216.0;63.193.216.255;37.7857;-122.396
63.193.217.0;63.193.218.15;37.7857;-122.396
63.193.218.16;63.193.218.247;37.7672;-121.958
63.193.218.248;63.193.219.255;39.0438;-77.4874
63.193.220.0;63.193.221.7;37.7857;-122.396
63.193.221.8;63.193.222.255;39.0438;-77.4874
63.193.223.0;63.193.223.255;37.7857;-122.396
63.193.224.0;63.193.224.255;37.7857;-122.396
63.193.225.0;63.193.225.255;39.0438;-77.4874
63.193.226.0;63.193.227.7;37.7857;-122.396
63.193.227.8;63.193.228.23;37.7912;-122.402
63.193.228.24;63.193.228.255;37.7749;-122.419
63.193.229.0;63.193.230.7;37.7857;-122.396
63.193.230.8;63.193.230.255;37.7912;-122.402
63.193.231.0;63.193.231.255;37.7857;-122.396
63.193.232.0;63.193.232.255;37.7857;-122.396
63.193.233.0;63.193.233.255;37.7749;-122.419
63.193.234.0;63.193.235.63;37.7857;-122.396
63.193.235.64;63.193.235.255;37.7912;-122.402
63.193.236.0;63.193.237.7;37.7857;-122.396
63.193.237.8;63.193.237.255;37.7912;-122.402
63.193.238.0;63.193.239.7;37.7749;-122.419
63.193.239.8;63.193.239.255;37.7857;-122.396
63.193.240.0;63.193.247.255;33.0197;-96.7089
63.193.248.0;63.193.251.255;37.7857;-122.396
63.193.252.0;63.193.255.255;39.0438;-77.4874
63.194.0.0;63.194.0.255;34.0549;-118.243
63.194.1.0;63.194.1.255;37.7857;-122.396
63.194.2.0;63.194.3.31;34.0549;-118.243
63.194.3.32;63.194.3.255;39.0438;-77.4874
63.194.4.0;63.194.5.87;34.0549;-118.243
63.194.5.88;63.194.6.7;37.7857;-122.396
63.194.6.8;63.194.7.7;34.0549;-118.243
63.194.7.8;63.194.7.255;39.0438;-77.4874
63.194.8.0;63.194.9.7;34.0549;-118.243
63.194.9.8;63.194.10.15;39.0438;-77.4874
63.194.10.16;63.194.11.55;34.0549;-118.243
63.194.11.56;63.194.11.255;37.7857;-122.396
63.194.12.0;63.194.12.255;40.7128;-74.006
63.194.13.0;63.194.14.23;34.0549;-118.243
63.194.14.24;63.194.14.255;37.7857;-122.396
63.194.15.0;63.194.15.255;34.0549;-118.243
63.194.16.0;63.194.16.255;47.6694;-122.122
63.194.17.0;63.194.17.255;40.7128;-74.006
63.194.18.0;63.194.18.255;39.0438;-77.4874
63.194.19.0;63.194.19.255;40.7128;-74.006
63.194.20.0;63.194.28.223;39.0438;-77.4874
63.194.28.224;63.194.28.255;34.0549;-118.243
63.194.29.0;63.194.31.79;39.0438;-77.4874
63.194.31.80;63.194.31.255;34.0572;-118.417
63.194.32.0;63.194.33.39;34.0549;-118.243
63.194.33.40;63.194.33.255;39.0438;-77.4874
63.194.34.0;63.194.35.31;34.0549;-118.243
63.194.35.32;63.194.35.255;37.7912;-122.402
63.194.36.0;63.194.36.255;40.7128;-74.006
63.194.37.0;63.194.37.255;37.7857;-122.396
63.194.38.0;63.194.38.255;40.7128;-74.006
63.194.39.0;63.194.40.255;34.0549;-118.243
63.194.41.0;63.194.41.255;39.0438;-77.4874
63.194.42.0;63.194.42.255;34.0549;-118.243
63.194.43.0;63.194.43.255;47.6062;-122.332
63.194.44.0;63.194.44.255;34.0623;-118.274
63.194.45.0;63.194.45.255;33.6862;-117.826
63.194.46.0;63.194.46.255;40.7128;-74.006
63.194.47.0;63.194.47.255;33.8962;-117.483
63.194.48.0;63.194.48.255;33.8047;-117.907
63.194.49.0;63.194.49.255;37.7912;-122.402
63.194.50.0;63.194.51.255;37.7857;-122.396
63.194.52.0;63.194.52.255;34.1577;-118.288
63.194.53.0;63.194.53.255;33.9682;-118.358
63.194.54.0;63.194.55.255;39.0438;-77.4874
63.194.56.0;63.194.56.255;37.7857;-122.396
63.194.57.0;63.194.57.255;39.0438;-77.4874
63.194.58.0;63.194.59.255;37.7857;-122.396
63.194.60.0;63.194.60.255;39.0438;-77.4874
63.194.61.0;63.194.63.255;37.7857;-122.396
63.194.64.0;63.194.65.63;37.7857;-122.396
63.194.65.64;63.194.65.255;37.7912;-122.402
63.194.66.0;63.194.67.15;37.7857;-122.396
63.194.67.16;63.194.67.255;37.7857;-122.396
63.194.68.0;63.194.69.7;37.7857;-122.396
63.194.69.8;63.194.69.255;37.7749;-122.419
63.194.70.0;63.194.71.31;37.7857;-122.396
63.194.71.32;63.194.71.255;37.7857;-122.396
63.194.72.0;63.194.73.255;39.0438;-77.4874
63.194.74.0;63.194.74.255;37.6935;-122.111
63.194.75.0;63.194.75.255;38.0114;-122.536
63.194.76.0;63.194.76.255;36.9102;-121.757
63.194.77.0;63.194.78.7;37.7749;-122.419
63.194.78.8;63.194.79.63;37.7912;-122.402
63.194.79.64;63.194.79.255;39.0438;-77.4874
63.194.80.0;63.194.91.255;37.7857;-122.396
63.194.92.0;63.194.93.47;39.0438;-77.4874
63.194.93.48;63.194.93.143;30.3944;-97.7416
63.194.93.144;63.194.95.255;39.0438;-77.4874
63.194.96.0;63.194.96.255;35.2828;-120.66
63.194.97.0;63.194.97.255;35.2836;-120.663
63.194.98.0;63.194.99.7;35.2828;-120.66
63.194.99.8;63.194.99.255;37.7912;-122.402
63.194.100.0;63.194.101.15;35.2828;-120.66
63.194.101.16;63.194.102.7;39.0438;-77.4874
63.194.102.8;63.194.103.15;35.2828;-120.66
63.194.103.16;63.194.103.255;37.7912;-122.402
63.194.104.0;63.194.105.95;35.2828;-120.66
63.194.105.96;63.194.105.255;39.0438;-77.4874
63.194.106.0;63.194.107.47;35.2828;-120.66
63.194.107.48;63.194.107.255;39.0438;-77.4874
63.194.108.0;63.194.109.95;35.2828;-120.66
63.194.109.96;63.194.109.255;39.0438;-77.4874
63.194.110.0;63.194.111.23;35.2828;-120.66
63.194.111.24;63.194.119.255;39.0438;-77.4874
63.194.120.0;63.194.123.255;35.2828;-120.66
63.194.124.0;63.194.127.255;39.0438;-77.4874
63.194.128.0;63.194.128.255;37.7749;-122.419
63.194.129.0;63.194.129.255;37.7857;-122.396
63.194.130.0;63.194.130.255;37.7912;-122.402
63.194.131.0;63.194.132.23;37.7857;-122.396
63.194.132.24;63.194.132.255;37.7857;-122.396
63.194.133.0;63.194.133.255;37.7857;-122.396
63.194.134.0;63.194.134.255;37.7857;-122.396
63.194.135.0;63.194.135.255;37.7857;-122.396
63.194.136.0;63.194.136.255;36.9746;-122.029
63.194.137.0;63.194.137.255;37.4803;-122.184
63.194.138.0;63.194.138.255;38.8248;-123.573
63.194.139.0;63.194.139.255;38.2439;-122.122
63.194.140.0;63.194.140.255;42.6526;-73.7562
63.194.141.0;63.194.141.255;37.7749;-122.419
63.194.142.0;63.194.143.255;37.7857;-122.396
63.194.144.0;63.194.144.255;32.9918;-96.7108
63.194.145.0;63.194.145.255;37.7857;-122.396
63.194.146.0;63.194.148.255;39.0438;-77.4874
63.194.149.0;63.194.149.255;37.7857;-122.396
63.194.150.0;63.194.150.255;38.4657;-122.723
63.194.151.0;63.194.153.255;37.7857;-122.396
63.194.154.0;63.194.155.7;37.7857;-122.396
63.194.155.8;63.194.155.255;37.7857;-122.396
63.194.156.0;63.194.157.7;37.7857;-122.396
63.194.157.8;63.194.157.255;37.7912;-122.402
63.194.158.0;63.194.158.255;37.7857;-122.396
63.194.159.0;63.194.159.255;40.8614;-124.089
63.194.160.0;63.194.160.255;39.0438;-77.4874
63.194.161.0;63.194.161.255;40.7128;-74.006
63.194.162.0;63.194.163.15;37.9577;-121.291
63.194.163.16;63.194.164.255;39.0438;-77.4874
63.194.165.0;63.194.165.111;37.7912;-122.402
63.194.165.112;63.194.167.255;39.0438;-77.4874
63.194.168.0;63.194.168.255;37.7857;-122.396
63.194.169.0;63.194.169.255;38.3704;-120.805
63.194.170.0;63.194.170.255;39.0438;-77.4874
63.194.171.0;63.194.172.255;37.7857;-122.396
63.194.173.0;63.194.173.255;37.8109;-120.299
63.194.174.0;63.194.174.255;37.9874;-121.343
63.194.175.0;63.194.175.255;37.7857;-122.396
63.194.176.0;63.194.177.71;37.7857;-122.396
63.194.177.72;63.194.177.255;37.7857;-122.396
63.194.178.0;63.194.178.255;37.7912;-122.402
63.194.179.0;63.194.180.47;37.7857;-122.396
63.194.180.48;63.194.180.255;37.7912;-122.402
63.194.181.0;63.194.181.255;39.0438;-77.4874
63.194.182.0;63.194.182.255;37.7857;-122.396
63.194.183.0;63.194.183.255;37.7857;-122.396
63.194.184.0;63.194.184.255;31.7093;-98.9912
63.194.185.0;63.194.185.255;37.9808;-122.513
63.194.186.0;63.194.186.255;37.7857;-122.396
63.194.187.0;63.194.187.255;39.0438;-77.4874
63.194.188.0;63.194.189.255;37.7857;-122.396
63.194.190.0;63.194.191.63;37.7857;-122.396
63.194.191.64;63.194.192.7;37.7857;-122.396
63.194.192.8;63.194.192.255;37.7912;-122.402
63.194.193.0;63.194.194.47;37.7857;-122.396
63.194.194.48;63.194.194.255;39.0438;-77.4874
63.194.195.0;63.194.196.31;37.7857;-122.396
63.194.196.32;63.194.196.255;40.7128;-74.006
63.194.197.0;63.194.198.55;37.7857;-122.396
63.194.198.56;63.194.198.255;37.7749;-122.419
63.194.199.0;63.194.199.255;37.7857;-122.396
63.194.200.0;63.194.200.255;47.6694;-122.122
63.194.201.0;63.194.202.39;37.7857;-122.396
63.194.202.40;63.194.202.255;39.0438;-77.4874
63.194.203.0;63.194.203.255;37.7857;-122.396
63.194.204.0;63.194.204.255;37.7749;-122.419
63.194.205.0;63.194.205.255;39.0438;-77.4874
63.194.206.0;63.194.207.31;37.7857;-122.396
63.194.207.32;63.194.207.223;37.7912;-122.402
63.194.207.224;63.194.215.255;39.0438;-77.4874
63.194.216.0;63.194.217.255;40.7128;-74.006
63.194.218.0;63.194.221.55;39.0438;-77.4874
63.194.221.56;63.194.221.199;37.7857;-122.396
63.194.221.200;63.194.223.255;39.0438;-77.4874
63.194.224.0;63.194.225.15;34.0549;-118.243
63.194.225.16;63.194.225.255;39.0438;-77.4874
63.194.226.0;63.194.227.111;34.0549;-118.243
63.194.227.112;63.194.227.255;37.7857;-122.396
63.194.228.0;63.194.230.15;34.0549;-118.243
63.194.230.16;63.194.230.255;39.0438;-77.4874
63.194.231.0;63.194.231.255;34.0549;-118.243
63.194.232.0;63.194.235.71;39.0438;-77.4874
63.194.235.72;63.194.236.15;34.0549;-118.243
63.194.236.16;63.194.237.63;39.0438;-77.4874
63.194.237.64;63.194.237.255;34.0549;-118.243
63.194.238.0;63.194.239.95;39.0438;-77.4874
63.194.239.96;63.194.251.255;34.0549;-118.243
63.194.252.0;63.194.255.255;39.0438;-77.4874
63.195.0.0;63.195.0.255;37.7857;-122.396
63.195.1.0;63.195.1.255;40.5767;-122.37
63.195.2.0;63.195.2.255;39.7264;-121.816
63.195.3.0;63.195.3.255;39.7348;-121.821
63.195.4.0;63.195.4.255;40.5844;-122.386
63.195.5.0;63.195.5.255;39.0438;-77.4874
63.195.6.0;63.195.6.255;39.7283;-121.838
63.195.7.0;63.195.7.255;37.7912;-122.402
63.195.8.0;63.195.8.255;39.7283;-121.838
63.195.9.0;63.195.9.255;37.7672;-121.958
63.195.10.0;63.195.11.79;39.7283;-121.838
63.195.11.80;63.195.11.255;39.0438;-77.4874
63.195.12.0;63.195.12.247;37.7912;-122.402
63.195.12.248;63.195.14.79;39.7283;-121.838
63.195.14.80;63.195.14.255;39.7565;-121.626
63.195.15.0;63.195.19.255;39.7283;-121.838
63.195.20.0;63.195.23.255;39.0438;-77.4874
63.195.24.0;63.195.27.255;39.7283;-121.838
63.195.28.0;63.195.31.239;39.0438;-77.4874
63.195.31.240;63.195.31.255;39.7283;-121.838
63.195.32.0;63.195.33.39;37.7857;-122.396
63.195.33.40;63.195.33.255;37.7857;-122.396
63.195.34.0;63.195.34.255;39.0438;-77.4874
63.195.35.0;63.195.36.103;37.7857;-122.396
63.195.36.104;63.195.36.255;37.7857;-122.396
63.195.37.0;63.195.37.255;37.7912;-122.402
63.195.38.0;63.195.38.255;39.0438;-77.4874
63.195.39.0;63.195.40.7;37.7912;-122.402
63.195.40.8;63.195.41.7;37.7857;-122.396
63.195.41.8;63.195.41.255;39.0438;-77.4874
63.195.42.0;63.195.42.255;37.7857;-122.396
63.195.43.0;63.195.43.255;37.7749;-122.419
63.195.44.0;63.195.45.23;37.7857;-122.396
63.195.45.24;63.195.45.255;37.7912;-122.402
63.195.46.0;63.195.46.255;37.7749;-122.419
63.195.47.0;63.195.47.223;37.7857;-122.396
63.195.47.224;63.195.49.255;39.0438;-77.4874
63.195.50.0;63.195.51.255;40.7128;-74.006
63.195.52.0;63.195.55.255;39.0438;-77.4874
63.195.56.0;63.195.56.255;47.6694;-122.122
63.195.57.0;63.195.63.63;39.0438;-77.4874
63.195.63.64;63.195.63.255;37.7912;-122.402
63.195.64.0;63.195.64.255;37.7857;-122.396
63.195.65.0;63.195.65.255;39.0438;-77.4874
63.195.66.0;63.195.67.135;37.7857;-122.396
63.195.67.136;63.195.67.255;39.0438;-77.4874
63.195.68.0;63.195.68.255;37.7912;-122.402
63.195.69.0;63.195.69.255;37.7857;-122.396
63.195.70.0;63.195.70.255;39.0438;-77.4874
63.195.71.0;63.195.72.7;37.7857;-122.396
63.195.72.8;63.195.72.167;37.7912;-122.402
63.195.72.168;63.195.74.63;39.0438;-77.4874
63.195.74.64;63.195.74.255;37.7749;-122.419
63.195.75.0;63.195.75.255;37.4474;-122.144
63.195.76.0;63.195.76.255;37.7865;-122.405
63.195.77.0;63.195.77.255;38.1074;-122.57
63.195.78.0;63.195.78.255;40.7128;-74.006
63.195.79.0;63.195.79.255;37.7912;-122.402
63.195.80.0;63.195.87.255;37.7857;-122.396
63.195.88.0;63.195.95.255;39.0438;-77.4874
63.195.96.0;63.195.96.255;37.7857;-122.396
63.195.97.0;63.195.97.255;37.7749;-122.419
63.195.98.0;63.195.98.255;37.6954;-122.087
63.195.99.0;63.195.99.255;37.7749;-122.419
63.195.100.0;63.195.100.255;39.0438;-77.4874
63.195.101.0;63.195.101.255;34.1476;-118.784
63.195.102.0;63.195.102.255;38.4021;-122.824
63.195.103.0;63.195.103.255;37.3731;-122.101
63.195.104.0;63.195.104.255;39.0438;-77.4874
63.195.105.0;63.195.105.255;37.7749;-122.419
63.195.106.0;63.195.106.255;37.7912;-122.402
63.195.107.0;63.195.107.255;39.0438;-77.4874
63.195.108.0;63.195.108.255;37.5486;-122.363
63.195.109.0;63.195.109.255;39.0438;-77.4874
63.195.110.0;63.195.110.255;37.4097;-122.1
63.195.111.0;63.195.111.255;37.4573;-122.144
63.195.112.0;63.195.118.255;39.0438;-77.4874
63.195.119.0;63.195.119.255;47.6694;-122.122
63.195.120.0;63.195.129.111;39.0438;-77.4874
63.195.129.112;63.195.129.255;38.5816;-121.494
63.195.130.0;63.195.131.143;39.0438;-77.4874
63.195.131.144;63.195.131.215;38.5816;-121.494
63.195.131.216;63.195.133.55;39.0438;-77.4874
63.195.133.56;63.195.133.207;38.5816;-121.494
63.195.133.208;63.195.135.95;39.0438;-77.4874
63.195.135.96;63.195.135.255;38.5816;-121.494
63.195.136.0;63.195.136.255;37.7857;-122.396
63.195.137.0;63.195.137.255;38.5816;-121.494
63.195.138.0;63.195.138.255;38.6735;-121.209
63.195.139.0;63.195.151.255;39.0438;-77.4874
63.195.152.0;63.195.155.255;38.5816;-121.494
63.195.156.0;63.195.159.255;39.0438;-77.4874
63.195.160.0;63.195.160.127;35.4894;-120.671
63.195.160.128;63.195.162.255;33.4482;-112.078
63.195.163.0;63.195.163.255;40.7128;-74.006
63.195.164.0;63.195.164.255;30.1588;-85.6602
63.195.165.0;63.195.165.255;33.9519;-83.3576
63.195.166.0;63.195.166.255;43.0495;-88.0076
63.195.167.0;63.195.167.255;35.2828;-120.66
63.195.168.0;63.195.168.255;34.8526;-82.394
63.195.169.0;63.195.169.127;43.0389;-87.9065
63.195.169.128;63.195.170.255;34.2104;-77.8868
63.195.171.0;63.195.171.255;42.8858;-87.8631
63.195.172.0;63.195.173.255;30.4213;-87.2169
63.195.174.0;63.195.175.255;30.3322;-81.6556
63.195.176.0;63.195.176.255;39.0438;-77.4874
63.195.177.0;63.195.177.239;37.7857;-122.396
63.195.177.240;63.195.178.255;39.0438;-77.4874
63.195.179.0;63.195.179.255;37.7857;-122.396
63.195.180.0;63.195.180.255;40.7128;-74.006
63.195.181.0;63.195.182.87;37.7857;-122.396
63.195.182.88;63.195.182.255;37.7857;-122.396
63.195.183.0;63.195.183.255;37.7857;-122.396
63.195.184.0;63.195.184.255;35.2271;-80.8431
63.195.185.0;63.195.185.255;37.7967;-122.274
63.195.186.0;63.195.186.255;37.7857;-122.396
63.195.187.0;63.195.187.255;39.0438;-77.4874
63.195.188.0;63.195.188.255;37.7857;-122.396
63.195.189.0;63.195.189.255;39.0438;-77.4874
63.195.190.0;63.195.190.255;38.2876;-122.436
63.195.191.0;63.195.191.255;37.7857;-122.396
63.195.192.0;63.195.192.255;26.1224;-80.1373
63.195.193.0;63.195.193.255;25.4687;-80.4776
63.195.194.0;63.195.194.255;29.4252;-98.4946
63.195.195.0;63.195.196.255;33.8573;-84.0199
63.195.197.0;63.195.197.255;29.7858;-95.8245
63.195.198.0;63.195.198.255;25.7617;-80.1918
63.195.199.0;63.195.202.255;35.2271;-80.8431
63.195.203.0;63.195.203.255;26.7153;-80.0534
63.195.204.0;63.195.204.255;40.7128;-74.006
63.195.205.0;63.195.205.255;39.0438;-77.4874
63.195.206.0;63.195.206.255;26.7153;-80.0534
63.195.207.0;63.195.207.255;41.85;-87.65
63.195.208.0;63.195.209.23;34.0549;-118.243
63.195.209.24;63.195.209.255;40.7128;-74.006
63.195.210.0;63.195.211.95;34.0549;-118.243
63.195.211.96;63.195.211.255;37.7857;-122.396
63.195.212.0;63.195.212.255;39.0438;-77.4874
63.195.213.0;63.195.214.47;34.0549;-118.243
63.195.214.48;63.195.214.255;39.0438;-77.4874
63.195.215.0;63.195.216.255;37.7857;-122.396
63.195.217.0;63.195.218.15;34.0549;-118.243
63.195.218.16;63.195.218.255;39.0438;-77.4874
63.195.219.0;63.195.220.55;34.0549;-118.243
63.195.220.56;63.195.220.255;39.0438;-77.4874
63.195.221.0;63.195.223.207;34.0549;-118.243
63.195.223.208;63.195.223.255;39.0438;-77.4874
63.195.224.0;63.195.224.255;34.6993;-86.7483
63.195.225.0;63.195.226.127;25.9861;-80.3036
63.195.226.128;63.195.228.127;33.4482;-112.078
63.195.228.128;63.195.229.255;35.2271;-80.8431
63.195.230.0;63.195.230.255;34.0549;-118.243
63.195.231.0;63.195.231.255;37.8715;-122.273
63.195.232.0;63.195.233.255;37.8044;-122.271
63.195.234.0;63.195.235.255;32.7157;-117.161
63.195.236.0;63.195.237.255;41.034;-73.7629
63.195.238.0;63.195.238.255;25.5626;-80.3823
63.195.239.0;63.195.239.255;32.7362;-96.8869
63.195.240.0;63.195.240.255;37.7857;-122.396
63.195.241.0;63.195.241.255;32.7157;-117.161
63.195.242.0;63.195.243.255;39.0438;-77.4874
63.195.244.0;63.195.244.255;32.7157;-117.161
63.195.245.0;63.195.245.255;32.9454;-117.242
63.195.246.0;63.195.253.255;39.0438;-77.4874
63.195.254.0;63.195.254.255;40.7128;-74.006
63.195.255.0;63.195.255.255;39.0438;-77.4874
63.196.0.0;63.196.0.191;37.7749;-122.419
63.196.0.192;63.196.1.255;39.0438;-77.4874
63.196.2.0;63.196.2.255;38.6631;-90.5771
63.196.3.0;63.196.3.255;40.7128;-74.006
63.196.4.0;63.196.7.255;34.0007;-81.0348
63.196.8.0;63.196.8.255;37.7857;-122.396
63.196.9.0;63.196.9.255;37.7857;-122.396
63.196.10.0;63.196.10.255;40.7128;-74.006
63.196.11.0;63.196.11.255;37.5529;-122.023
63.196.12.0;63.196.13.39;37.7857;-122.396
63.196.13.40;63.196.13.255;39.0438;-77.4874
63.196.14.0;63.196.15.15;37.7857;-122.396
63.196.15.16;63.196.15.255;40.7128;-74.006
63.196.16.0;63.196.23.255;37.7857;-122.396
63.196.24.0;63.196.24.255;40.7128;-74.006
63.196.25.0;63.196.25.255;39.0438;-77.4874
63.196.26.0;63.196.26.255;37.7912;-122.402
63.196.27.0;63.196.27.255;37.7857;-122.396
63.196.28.0;63.196.28.255;33.0197;-96.746
63.196.29.0;63.196.30.255;39.0438;-77.4874
63.196.31.0;63.196.31.255;37.5575;-122.282
63.196.32.0;63.196.33.31;39.0438;-77.4874
63.196.33.32;63.196.33.255;34.5803;-118.115
63.196.34.0;63.196.34.255;33.9658;-118.361
63.196.35.0;63.196.36.63;34.0549;-118.243
63.196.36.64;63.196.36.255;37.7857;-122.396
63.196.37.0;63.196.37.255;34.0549;-118.243
63.196.38.0;63.196.38.255;39.0438;-77.4874
63.196.39.0;63.196.39.255;37.7857;-122.396
63.196.40.0;63.196.41.119;34.0549;-118.243
63.196.41.120;63.196.41.255;39.0438;-77.4874
63.196.42.0;63.196.42.255;34.0549;-118.243
63.196.43.0;63.196.43.255;34.1476;-118.453
63.196.44.0;63.196.45.255;39.0438;-77.4874
63.196.46.0;63.196.46.255;34.0675;-118.396
63.196.47.0;63.196.47.255;39.0438;-77.4874
63.196.48.0;63.196.50.255;40.0416;-75.3699
63.196.51.0;63.196.51.255;40.0098;-76.1286
63.196.52.0;63.196.55.255;40.0416;-75.3699
63.196.56.0;63.196.59.255;34.0007;-81.0348
63.196.60.0;63.196.60.255;39.0438;-77.4874
63.196.61.0;63.196.61.255;33.891;-117.604
63.196.62.0;63.196.63.255;39.0438;-77.4874
63.196.64.0;63.196.65.31;32.7157;-117.161
63.196.65.32;63.196.66.7;39.0438;-77.4874
63.196.66.8;63.196.67.31;32.7157;-117.161
63.196.67.32;63.196.67.255;32.8747;-117.207
63.196.68.0;63.196.68.255;32.8976;-117.127
63.196.69.0;63.196.69.255;33.1905;-117.237
63.196.70.0;63.196.70.255;32.8136;-117.152
63.196.71.0;63.196.71.255;32.7157;-117.161
63.196.72.0;63.196.72.255;33.0499;-117.071
63.196.73.0;63.196.73.255;33.1187;-117.089
63.196.74.0;63.196.74.255;39.0438;-77.4874
63.196.75.0;63.196.75.255;32.9369;-117.24
63.196.76.0;63.196.76.255;32.7157;-117.161
63.196.77.0;63.196.77.255;37.7911;-122.402
63.196.78.0;63.196.79.31;32.7157;-117.161
63.196.79.32;63.196.84.255;39.0438;-77.4874
63.196.85.0;63.196.86.255;40.7128;-74.006
63.196.87.0;63.196.94.255;39.0438;-77.4874
63.196.95.0;63.196.95.255;40.7128;-74.006
63.196.96.0;63.196.97.255;30.6325;-97.7251
63.196.98.0;63.196.98.255;31.7619;-106.485
63.196.99.0;63.196.99.255;25.5626;-80.3823
63.196.100.0;63.196.101.127;26.7153;-80.0534
63.196.101.128;63.196.102.255;40.7128;-74.006
63.196.103.0;63.196.103.255;25.7617;-80.1918
63.196.104.0;63.196.104.255;39.0438;-77.4874
63.196.105.0;63.196.105.255;38.5816;-121.494
63.196.106.0;63.196.106.255;38.6631;-90.5771
63.196.107.0;63.196.107.255;40.7128;-74.006
63.196.108.0;63.196.110.7;39.0438;-77.4874
63.196.110.8;63.196.111.255;40.7128;-74.006
63.196.112.0;63.196.115.255;39.0438;-77.4874
63.196.116.0;63.196.116.23;36.7378;-119.787
63.196.116.24;63.196.117.255;39.0438;-77.4874
63.196.118.0;63.196.118.255;36.7378;-119.787
63.196.119.0;63.196.119.255;40.7128;-74.006
63.196.120.0;63.196.120.255;36.8377;-119.817
63.196.121.0;63.196.121.255;36.7411;-119.798
63.196.122.0;63.196.122.255;37.7912;-122.402
63.196.123.0;63.196.123.255;37.7884;-122.423
63.196.124.0;63.196.131.255;40.0416;-75.3699
63.196.132.0;63.196.132.255;32.8975;-117.24
63.196.133.0;63.196.133.255;39.0438;-77.4874
63.196.134.0;63.196.134.255;32.8958;-117.202
63.196.135.0;63.196.135.255;39.0438;-77.4874
63.196.136.0;63.196.136.255;33.0317;-117.067
63.196.137.0;63.196.137.255;39.0438;-77.4874
63.196.138.0;63.196.138.255;33.0198;-96.7461
63.196.139.0;63.196.140.7;39.0438;-77.4874
63.196.140.8;63.196.140.255;32.7612;-117.173
63.196.141.0;63.196.141.255;37.7912;-122.402
63.196.142.0;63.196.143.7;32.7157;-117.161
63.196.143.8;63.196.143.255;39.0438;-77.4874
63.196.144.0;63.196.144.255;34.0549;-118.243
63.196.145.0;63.196.145.255;34.6036;-98.3959
63.196.146.0;63.196.146.255;39.0438;-77.4874
63.196.147.0;63.196.147.255;34.2728;-119.277
63.196.148.0;63.196.148.255;33.7978;-117.89
63.196.149.0;63.196.149.255;34.0898;-118.393
63.196.150.0;63.196.150.255;34.0549;-118.243
63.196.151.0;63.196.151.255;33.6235;-117.906
63.196.152.0;63.196.152.255;33.7099;-117.921
63.196.153.0;63.196.153.255;37.7912;-122.402
63.196.154.0;63.196.154.255;33.9238;-117.901
63.196.155.0;63.196.155.255;40.7128;-74.006
63.196.156.0;63.196.159.255;34.0549;-118.243
63.196.160.0;63.196.161.255;40.7128;-74.006
63.196.162.0;63.196.167.255;39.0438;-77.4874
63.196.168.0;63.196.168.255;40.7128;-74.006
63.196.169.0;63.196.175.255;39.0438;-77.4874
63.196.176.0;63.196.177.255;25.8217;-80.3341
63.196.178.0;63.196.178.127;25.7617;-80.1918
63.196.178.128;63.196.179.255;33.1507;-96.8236
63.196.180.0;63.196.180.255;29.4252;-98.4946
63.196.181.0;63.196.181.255;25.7617;-80.1918
63.196.182.0;63.196.183.255;32.814;-96.9489
63.196.184.0;63.196.184.255;38.0186;-121.32
63.196.185.0;63.196.185.255;39.0438;-77.4874
63.196.186.0;63.196.186.255;37.6379;-120.998
63.196.187.0;63.196.187.255;39.0438;-77.4874
63.196.188.0;63.196.191.255;40.0416;-75.3699
63.196.192.0;63.196.192.255;40.7128;-74.006
63.196.193.0;63.196.193.255;37.7672;-121.958
63.196.194.0;63.196.195.255;39.0438;-77.4874
63.196.196.0;63.196.196.255;37.7912;-122.402
63.196.197.0;63.196.197.255;26.7153;-80.0534
63.196.198.0;63.196.199.255;35.2828;-120.66
63.196.200.0;63.196.201.127;33.3246;-96.7844
63.196.201.128;63.196.202.255;40.7128;-74.006
63.196.203.0;63.196.203.255;28.8029;-81.2695
63.196.204.0;63.196.204.255;35.994;-78.8986
63.196.205.0;63.196.205.255;35.781;-78.3697
63.196.206.0;63.196.207.255;36.2562;-86.7143
63.196.208.0;63.196.208.255;37.7857;-122.396
63.196.209.0;63.196.209.255;39.0438;-77.4874
63.196.210.0;63.196.210.255;38.3856;-122.722
63.196.211.0;63.196.211.255;37.5156;-122.27
63.196.212.0;63.196.212.255;39.0438;-77.4874
63.196.213.0;63.196.213.255;37.4748;-122.233
63.196.214.0;63.196.214.255;37.8059;-122.268
63.196.215.0;63.196.215.255;37.7857;-122.396
63.196.216.0;63.196.216.255;42.0111;-87.8406
63.196.217.0;63.196.219.255;40.0416;-75.3699
63.196.220.0;63.196.220.255;39.0438;-77.4874
63.196.221.0;63.196.221.255;40.7128;-74.006
63.196.222.0;63.196.222.255;37.7749;-122.419
63.196.223.0;63.196.223.255;37.8893;-122.129
63.196.224.0;63.196.224.255;39.0438;-77.4874
63.196.225.0;63.196.225.255;40.7128;-74.006
63.196.226.0;63.196.226.255;37.7749;-122.419
63.196.227.0;63.196.227.191;25.8217;-80.3341
63.196.227.192;63.196.228.255;39.0438;-77.4874
63.196.229.0;63.196.229.255;25.7907;-80.13
63.196.230.0;63.196.230.255;39.0438;-77.4874
63.196.231.0;63.196.232.255;37.7912;-122.402
63.196.233.0;63.196.235.255;39.0438;-77.4874
63.196.236.0;63.196.236.255;28.5384;-81.3789
63.196.237.0;63.196.237.255;39.0438;-77.4874
63.196.238.0;63.196.238.255;38.7754;-123.537
63.196.239.0;63.196.239.255;39.0438;-77.4874
63.196.240.0;63.196.240.255;29.4252;-98.4946
63.196.241.0;63.196.241.255;25.7617;-80.1918
63.196.242.0;63.196.243.255;42.4651;-71.011
63.196.244.0;63.196.244.255;26.2379;-80.1248
63.196.245.0;63.196.245.255;30.2672;-97.7431
63.196.246.0;63.196.247.255;33.0806;-96.8928
63.196.248.0;63.196.248.255;34.0667;-118.398
63.196.249.0;63.196.249.255;40.7128;-74.006
63.196.250.0;63.196.250.255;39.0438;-77.4874
63.196.251.0;63.196.251.255;33.9565;-118.447
63.196.252.0;63.196.254.255;39.0438;-77.4874
63.196.255.0;63.196.255.255;47.6694;-122.122
63.197.0.0;63.197.0.255;39.0438;-77.4874
63.197.1.0;63.197.1.255;42.6526;-73.7562
63.197.2.0;63.197.2.255;40.7128;-74.006
63.197.3.0;63.197.5.255;39.0438;-77.4874
63.197.6.0;63.197.6.255;40.7128;-74.006
63.197.7.0;63.197.7.255;37.8065;-122.42
63.197.8.0;63.197.8.255;37.2383;-121.812
63.197.9.0;63.197.9.255;37.7912;-122.402
63.197.10.0;63.197.10.255;37.6977;-121.924
63.197.11.0;63.197.11.255;37.3814;-121.985
63.197.12.0;63.197.13.7;39.0438;-77.4874
63.197.13.8;63.197.13.255;37.8589;-122.485
63.197.14.0;63.197.14.255;40.7128;-74.006
63.197.15.0;63.197.15.255;39.0438;-77.4874
63.197.16.0;63.197.16.255;40.7128;-74.006
63.197.17.0;63.197.19.255;39.0438;-77.4874
63.197.20.0;63.197.20.255;37.8782;-122.535
63.197.21.0;63.197.21.255;37.8978;-122.065
63.197.22.0;63.197.22.255;37.7749;-122.419
63.197.23.0;63.197.23.255;37.784;-122.432
63.197.24.0;63.197.24.255;37.7976;-122.404
63.197.25.0;63.197.25.255;37.4536;-122.143
63.197.26.0;63.197.27.7;37.7749;-122.419
63.197.27.8;63.197.27.255;37.4428;-121.903
63.197.28.0;63.197.30.255;39.0438;-77.4874
63.197.31.0;63.197.31.255;40.7128;-74.006
63.197.32.0;63.197.32.255;34.0549;-118.243
63.197.33.0;63.197.33.255;34.0374;-118.317
63.197.34.0;63.197.35.255;34.0549;-118.243
63.197.36.0;63.197.37.7;39.0438;-77.4874
63.197.37.8;63.197.37.255;33.6975;-117.914
63.197.38.0;63.197.38.255;34.0622;-118.416
63.197.39.0;63.197.39.255;34.215;-118.583
63.197.40.0;63.197.41.7;39.0438;-77.4874
63.197.41.8;63.197.41.255;34.0963;-118.284
63.197.42.0;63.197.42.255;34.0138;-118.156
63.197.43.0;63.197.43.255;34.0605;-118.304
63.197.44.0;63.197.45.255;39.0438;-77.4874
63.197.46.0;63.197.47.255;34.0549;-118.243
63.197.48.0;63.197.48.255;34.1788;-118.6
63.197.49.0;63.197.49.255;34.0909;-118.348
63.197.50.0;63.197.50.255;33.8765;-117.566
63.197.51.0;63.197.51.255;39.0438;-77.4874
63.197.52.0;63.197.52.255;34.1718;-118.408
63.197.53.0;63.197.53.255;39.0438;-77.4874
63.197.54.0;63.197.54.255;34.0575;-118.303
63.197.55.0;63.197.58.255;39.0438;-77.4874
63.197.59.0;63.197.59.255;40.7128;-74.006
63.197.60.0;63.197.60.255;39.0438;-77.4874
63.197.61.0;63.197.61.255;33.089;-96.8864
63.197.62.0;63.197.62.151;40.7128;-74.006
63.197.62.152;63.197.63.255;39.0438;-77.4874
63.197.64.0;63.197.64.255;37.407;-121.887
63.197.65.0;63.197.65.255;39.0438;-77.4874
63.197.66.0;63.197.66.255;37.2841;-121.899
63.197.67.0;63.197.67.255;37.3059;-121.781
63.197.68.0;63.197.70.255;39.0438;-77.4874
63.197.71.0;63.197.71.255;40.7128;-74.006
63.197.72.0;63.197.72.255;37.7749;-122.419
63.197.73.0;63.197.74.7;37.7912;-122.402
63.197.74.8;63.197.75.7;39.0438;-77.4874
63.197.75.8;63.197.75.255;37.7628;-122.391
63.197.76.0;63.197.76.255;40.7128;-74.006
63.197.77.0;63.197.81.255;39.0438;-77.4874
63.197.82.0;63.197.82.255;37.5391;-122.257
63.197.83.0;63.197.83.255;38.2238;-122.268
63.197.84.0;63.197.87.255;35.2451;-81.3412
63.197.88.0;63.197.91.255;41.6764;-86.252
63.197.92.0;63.197.92.255;33.0462;-96.9942
63.197.93.0;63.197.93.255;33.0463;-96.9942
63.197.94.0;63.197.94.255;36.434;-81.4718
63.197.95.0;63.197.95.255;34.0549;-118.243
63.197.96.0;63.197.97.15;36.6002;-121.895
63.197.97.16;63.197.97.255;37.7911;-122.402
63.197.98.0;63.197.98.255;47.6694;-122.122
63.197.99.0;63.197.99.255;36.6002;-121.895
63.197.100.0;63.197.100.255;37.7912;-122.402
63.197.101.0;63.197.101.255;39.0438;-77.4874
63.197.102.0;63.197.102.255;26.7153;-80.0534
63.197.103.0;63.197.103.255;36.6002;-121.895
63.197.104.0;63.197.104.255;39.0438;-77.4874
63.197.105.0;63.197.105.255;36.9385;-121.855
63.197.106.0;63.197.107.255;39.0438;-77.4874
63.197.108.0;63.197.108.255;36.5998;-121.897
63.197.109.0;63.197.109.255;36.583;-121.842
63.197.110.0;63.197.110.255;36.5929;-121.898
63.197.111.0;63.197.111.255;36.6836;-121.8
63.197.112.0;63.197.113.255;39.0438;-77.4874
63.197.114.0;63.197.114.255;37.9549;-121.319
63.197.115.0;63.197.115.255;37.7912;-122.402
63.197.116.0;63.197.116.255;37.6413;-120.995
63.197.117.0;63.197.117.255;37.7912;-122.402
63.197.118.0;63.197.118.255;37.9504;-121.269
63.197.119.0;63.197.119.255;37.6403;-120.999
63.197.120.0;63.197.120.255;37.9577;-121.291
63.197.121.0;63.197.121.255;39.0438;-77.4874
63.197.122.0;63.197.123.255;37.9577;-121.291
63.197.124.0;63.197.125.255;37.3021;-120.483
63.197.126.0;63.197.126.255;38.338;-120.755
63.197.127.0;63.197.127.255;37.9636;-121.293
63.197.128.0;63.197.128.255;38.5751;-121.477
63.197.129.0;63.197.129.255;39.0438;-77.4874
63.197.130.0;63.197.131.255;38.66;-121.38
63.197.132.0;63.197.132.255;40.7128;-74.006
63.197.133.0;63.197.133.255;39.0438;-77.4874
63.197.134.0;63.197.134.215;40.7128;-74.006
63.197.134.216;63.197.136.7;39.0438;-77.4874
63.197.136.8;63.197.136.255;38.6778;-121.774
63.197.137.0;63.197.137.255;39.3181;-120.186
63.197.138.0;63.197.138.255;40.7128;-74.006
63.197.139.0;63.197.141.255;39.0438;-77.4874
63.197.142.0;63.197.143.255;40.7128;-74.006
63.197.144.0;63.197.144.255;37.3353;-121.892
63.197.145.0;63.197.145.255;37.739;-122.481
63.197.146.0;63.197.146.255;37.3487;-122.042
63.197.147.0;63.197.147.255;37.6305;-122.081
63.197.148.0;63.197.151.255;37.7857;-122.396
63.197.152.0;63.197.152.255;40.7128;-74.006
63.197.153.0;63.197.154.7;37.7912;-122.402
63.197.154.8;63.197.155.31;39.0438;-77.4874
63.197.155.32;63.197.155.255;37.7749;-122.419
63.197.156.0;63.197.156.255;37.2575;-121.991
63.197.157.0;63.197.157.255;37.525;-122.258
63.197.158.0;63.197.158.255;37.7912;-122.402
63.197.159.0;63.197.159.255;40.903;-124.082
63.197.160.0;63.197.160.255;33.6861;-117.847
63.197.161.0;63.197.161.255;34.0604;-118.416
63.197.162.0;63.197.162.255;34.0655;-118.372
63.197.163.0;63.197.163.255;34.0611;-118.293
63.197.164.0;63.197.164.255;39.0438;-77.4874
63.197.165.0;63.197.165.255;34.3978;-118.558
63.197.166.0;63.197.166.255;34.1183;-118.277
63.197.167.0;63.197.167.255;34.1494;-118.095
63.197.168.0;63.197.171.255;35.2451;-81.3412
63.197.172.0;63.197.174.15;34.0549;-118.243
63.197.174.16;63.197.174.255;33.6906;-117.823
63.197.175.0;63.197.175.255;39.0438;-77.4874
63.197.176.0;63.197.176.255;33.8175;-118.026
63.197.177.0;63.197.177.255;47.6694;-122.122
63.197.178.0;63.197.178.255;33.7815;-117.973
63.197.179.0;63.197.179.255;33.9098;-117.452
63.197.180.0;63.197.183.255;35.2451;-81.3412
63.197.184.0;63.197.185.255;34.0549;-118.243
63.197.186.0;63.197.186.255;34.2492;-118.604
63.197.187.0;63.197.187.255;39.0438;-77.4874
63.197.188.0;63.197.188.255;33.0332;-117.088
63.197.189.0;63.197.189.255;34.2661;-119.242
63.197.190.0;63.197.190.255;33.8729;-117.948
63.197.191.0;63.197.191.255;34.1161;-118.152
63.197.192.0;63.197.192.255;32.7157;-117.161
63.197.193.0;63.197.193.255;39.0438;-77.4874
63.197.194.0;63.197.194.255;32.7051;-117.145
63.197.195.0;63.197.195.255;39.0438;-77.4874
63.197.196.0;63.197.196.255;32.8295;-117.148
63.197.197.0;63.197.197.255;32.7157;-117.161
63.197.198.0;63.197.198.255;32.7506;-117.205
63.197.199.0;63.197.199.255;32.7823;-117.007
63.197.200.0;63.197.200.255;32.8283;-117.23
63.197.201.0;63.197.201.255;32.7157;-117.161
63.197.202.0;63.197.202.255;40.7128;-74.006
63.197.203.0;63.197.204.143;39.0438;-77.4874
63.197.204.144;63.197.204.151;32.8085;-117.118
63.197.204.152;63.197.214.255;39.0438;-77.4874
63.197.215.0;63.197.215.255;40.7128;-74.006
63.197.216.0;63.197.216.255;39.0438;-77.4874
63.197.217.0;63.197.217.255;32.8394;-117.279
63.197.218.0;63.197.219.255;39.0438;-77.4874
63.197.220.0;63.197.220.255;32.7157;-117.161
63.197.221.0;63.197.221.255;32.7936;-117.201
63.197.222.0;63.197.222.255;32.8318;-116.99
63.197.223.0;63.197.223.255;32.7157;-117.161
63.197.224.0;63.197.224.255;37.3993;-122.067
63.197.225.0;63.197.225.255;37.8674;-122.268
63.197.226.0;63.197.226.255;37.3663;-122.049
63.197.227.0;63.197.227.255;38.0135;-122.541
63.197.228.0;63.197.228.255;37.2642;-121.83
63.197.229.0;63.197.229.255;37.7621;-122.408
63.197.230.0;63.197.230.255;39.0438;-77.4874
63.197.231.0;63.197.231.255;37.7913;-122.402
63.197.232.0;63.197.235.255;37.7857;-122.396
63.197.236.0;63.197.236.255;37.7586;-122.452
63.197.237.0;63.197.237.255;37.4043;-122.105
63.197.238.0;63.197.238.255;37.4966;-122.231
63.197.239.0;63.197.239.255;37.5061;-122.279
63.197.240.0;63.197.241.255;37.4743;-121.942
63.197.242.0;63.197.242.255;37.9358;-122.345
63.197.243.0;63.197.243.255;37.7912;-122.402
63.197.244.0;63.197.244.255;37.0509;-122.029
63.197.245.0;63.197.245.255;40.7128;-74.006
63.197.246.0;63.197.246.255;37.3467;-121.899
63.197.247.0;63.197.247.255;39.0438;-77.4874
63.197.248.0;63.197.248.255;37.2575;-121.991
63.197.249.0;63.197.250.63;37.4365;-121.891
63.197.250.64;63.197.250.255;37.8018;-122.272
63.197.251.0;63.197.251.255;37.8039;-122.417
63.197.252.0;63.197.252.255;37.7749;-122.419
63.197.253.0;63.197.253.255;39.0438;-77.4874
63.197.254.0;63.197.254.255;37.4689;-122.228
63.197.255.0;63.198.0.255;39.0438;-77.4874
63.198.1.0;63.198.1.255;32.814;-96.9489
63.198.2.0;63.198.2.255;38.5816;-121.494
63.198.3.0;63.198.3.255;39.0438;-77.4874
63.198.4.0;63.198.4.239;38.5816;-121.494
63.198.4.240;63.198.5.255;39.0438;-77.4874
63.198.6.0;63.198.6.255;38.5816;-121.494
63.198.7.0;63.198.7.255;39.0438;-77.4874
63.198.8.0;63.198.8.255;39.3273;-120.169
63.198.9.0;63.198.9.255;38.5816;-121.494
63.198.10.0;63.198.10.255;38.5776;-121.45
63.198.11.0;63.198.11.255;37.8459;-122.123
63.198.12.0;63.198.12.255;38.5874;-121.487
63.198.13.0;63.198.13.255;37.7912;-122.402
63.198.14.0;63.198.14.127;39.0438;-77.4874
63.198.14.128;63.198.15.255;37.7912;-122.402
63.198.16.0;63.198.16.255;39.0438;-77.4874
63.198.17.0;63.198.19.255;39.7283;-121.838
63.198.20.0;63.198.20.255;39.7702;-121.843
63.198.21.0;63.198.21.255;39.8822;-122.202
63.198.22.0;63.198.22.255;39.7761;-121.84
63.198.23.0;63.198.23.255;39.4663;-121.522
63.198.24.0;63.198.24.255;33.0198;-96.6989
63.198.25.0;63.198.25.255;39.0438;-77.4874
63.198.26.0;63.198.26.255;40.7128;-74.006
63.198.27.0;63.198.27.255;40.446;-122.301
63.198.28.0;63.198.28.127;37.7749;-122.419
63.198.28.128;63.198.29.255;39.0438;-77.4874
63.198.30.0;63.198.30.255;37.7749;-122.419
63.198.31.0;63.198.31.255;39.5276;-121.574
63.198.32.0;63.198.32.255;38.0742;-122.56
63.198.33.0;63.198.33.255;37.8481;-122.481
63.198.34.0;63.198.34.255;37.8581;-122.289
63.198.35.0;63.198.35.247;37.9166;-122.059
63.198.35.248;63.198.36.255;39.0438;-77.4874
63.198.37.0;63.198.37.255;37.4743;-121.942
63.198.38.0;63.198.40.255;39.0438;-77.4874
63.198.41.0;63.198.41.255;37.6561;-122.396
63.198.42.0;63.198.42.255;37.9479;-122.367
63.198.43.0;63.198.43.255;37.7912;-122.402
63.198.44.0;63.198.46.255;39.0438;-77.4874
63.198.47.0;63.198.47.255;40.7128;-74.006
63.198.48.0;63.198.48.255;39.0438;-77.4874
63.198.49.0;63.198.49.255;40.7128;-74.006
63.198.50.0;63.198.50.255;37.5729;-122.375
63.198.51.0;63.198.51.255;37.3955;-121.939
63.198.52.0;63.198.53.255;39.0438;-77.4874
63.198.54.0;63.198.54.255;37.7267;-122.464
63.198.55.0;63.198.55.255;39.0438;-77.4874
63.198.56.0;63.198.56.255;37.7912;-122.402
63.198.57.0;63.198.57.255;39.0438;-77.4874
63.198.58.0;63.198.58.255;37.2888;-121.935
63.198.59.0;63.198.59.255;37.4044;-122.025
63.198.60.0;63.198.61.143;39.0438;-77.4874
63.198.61.144;63.198.61.151;37.5657;-122.327
63.198.61.152;63.198.63.255;39.0438;-77.4874
63.198.64.0;63.198.64.255;34.1697;-118.613
63.198.65.0;63.198.65.255;34.15;-118.146
63.198.66.0;63.198.66.255;40.7128;-74.006
63.198.67.0;63.198.67.255;34.0986;-118.334
63.198.68.0;63.198.69.7;39.0438;-77.4874
63.198.69.8;63.198.69.255;37.3081;-121.896
63.198.70.0;63.198.75.255;34.0549;-118.243
63.198.76.0;63.198.76.255;39.0438;-77.4874
63.198.77.0;63.198.77.255;33.7874;-117.854
63.198.78.0;63.198.78.255;39.0438;-77.4874
63.198.79.0;63.198.79.255;40.7128;-74.006
63.198.80.0;63.198.81.255;25.7617;-80.1918
63.198.82.0;63.198.82.255;37.3387;-121.885
63.198.83.0;63.198.83.255;25.7617;-80.1918
63.198.84.0;63.198.85.127;30.4213;-87.2169
63.198.85.128;63.198.87.255;39.0438;-77.4874
63.198.88.0;63.198.88.255;41.512;-87.9656
63.198.89.0;63.198.89.255;33.6832;-117.85
63.198.90.0;63.198.90.223;39.0438;-77.4874
63.198.90.224;63.198.91.255;34.0742;-118.554
63.198.92.0;63.198.92.143;34.1878;-118.596
63.198.92.144;63.198.93.255;39.0438;-77.4874
63.198.94.0;63.198.94.127;33.6415;-117.716
63.198.94.128;63.198.95.255;39.0438;-77.4874
63.198.96.0;63.198.96.255;37.7877;-122.404
63.198.97.0;63.198.97.255;40.7895;-74.0565
63.198.98.0;63.198.98.255;39.0438;-77.4874
63.198.99.0;63.198.99.255;37.7912;-122.402
63.198.100.0;63.198.100.255;39.0438;-77.4874
63.198.101.0;63.198.101.255;37.8037;-122.419
63.198.102.0;63.198.102.255;38.4455;-122.687
63.198.103.0;63.198.103.255;38.0114;-122.141
63.198.104.0;63.198.105.255;37.9358;-122.345
63.198.106.0;63.198.106.255;42.6526;-73.7562
63.198.107.0;63.198.107.255;39.0438;-77.4874
63.198.108.0;63.198.108.255;34.0039;-118.23
63.198.109.0;63.198.109.255;29.7345;-95.4239
63.198.110.0;63.198.110.255;38.2787;-122.288
63.198.111.0;63.198.111.255;37.7522;-122.431
63.198.112.0;63.198.115.255;39.0438;-77.4874
63.198.116.0;63.198.116.255;37.7795;-122.391
63.198.117.0;63.198.117.255;37.7971;-122.437
63.198.118.0;63.198.118.255;39.0438;-77.4874
63.198.119.0;63.198.119.255;37.7775;-121.959
63.198.120.0;63.198.120.255;37.3052;-121.894
63.198.121.0;63.198.121.255;37.4864;-122.209
63.198.122.0;63.198.123.7;37.7912;-122.402
63.198.123.8;63.198.123.255;37.7749;-122.419
63.198.124.0;63.198.127.255;35.2451;-81.3412
63.198.128.0;63.198.135.255;34.0549;-118.243
63.198.136.0;63.198.136.255;37.7912;-122.402
63.198.137.0;63.198.137.255;33.7885;-117.853
63.198.138.0;63.198.138.255;34.0549;-118.243
63.198.139.0;63.198.139.231;34.0387;-118.234
63.198.139.232;63.198.141.255;39.0438;-77.4874
63.198.142.0;63.198.143.255;37.7912;-122.402
63.198.144.0;63.198.144.255;34.0549;-118.243
63.198.145.0;63.198.145.255;39.0438;-77.4874
63.198.146.0;63.198.146.255;33.5605;-117.675
63.198.147.0;63.198.147.255;34.1058;-118.201
63.198.148.0;63.198.148.255;33.9198;-118.39
63.198.149.0;63.198.149.255;40.7128;-74.006
63.198.150.0;63.198.150.95;34.156;-118.397
63.198.150.96;63.198.152.255;39.0438;-77.4874
63.198.153.0;63.198.153.255;40.7128;-74.006
63.198.154.0;63.198.156.255;39.0438;-77.4874
63.198.157.0;63.198.157.255;33.8864;-118.013
63.198.158.0;63.198.158.255;34.1262;-118.052
63.198.159.0;63.198.159.255;34.0572;-118.416
63.198.160.0;63.198.160.255;40.7128;-74.006
63.198.161.0;63.198.161.255;33.6619;-117.895
63.198.162.0;63.198.162.255;32.9483;-96.7299
63.198.163.0;63.198.163.255;34.0549;-118.243
63.198.164.0;63.198.165.255;39.0438;-77.4874
63.198.166.0;63.198.166.255;34.0479;-118.262
63.198.167.0;63.198.168.255;39.0438;-77.4874
63.198.169.0;63.198.169.255;34.101;-118.348
63.198.170.0;63.198.170.255;34.089;-118.406
63.198.171.0;63.198.171.255;33.8762;-117.913
63.198.172.0;63.198.172.255;39.0438;-77.4874
63.198.173.0;63.198.173.255;34.0532;-118.291
63.198.174.0;63.198.174.255;34.0625;-118.338
63.198.175.0;63.198.175.255;37.7912;-122.402
63.198.176.0;63.198.180.255;39.0438;-77.4874
63.198.181.0;63.198.181.255;40.7128;-74.006
63.198.182.0;63.198.183.255;39.0438;-77.4874
63.198.184.0;63.198.184.255;37.7912;-122.402
63.198.185.0;63.198.185.255;38.0743;-122.538
63.198.186.0;63.198.186.255;38.3557;-122.707
63.198.187.0;63.198.187.255;37.6632;-121.9
63.198.188.0;63.198.188.255;40.7128;-74.006
63.198.189.0;63.198.190.255;39.0438;-77.4874
63.198.191.0;63.198.191.223;37.8312;-122.29
63.198.191.224;63.198.194.255;39.0438;-77.4874
63.198.195.0;63.198.195.255;40.7128;-74.006
63.198.196.0;63.198.199.255;39.0438;-77.4874
63.198.200.0;63.198.200.255;37.7912;-122.402
63.198.201.0;63.198.201.255;37.39;-122.093
63.198.202.0;63.198.202.255;37.7526;-122.389
63.198.203.0;63.198.203.255;37.61;-122.496
63.198.204.0;63.198.204.255;39.0438;-77.4874
63.198.205.0;63.198.205.255;37.7909;-122.405
63.198.206.0;63.198.206.255;40.7128;-74.006
63.198.207.0;63.198.207.255;39.0438;-77.4874
63.198.208.0;63.198.208.255;37.8812;-122.185
63.198.209.0;63.198.209.255;37.799;-122.429
63.198.210.0;63.198.210.255;37.5181;-122.266
63.198.211.0;63.198.211.247;37.3789;-121.914
63.198.211.248;63.198.212.255;39.0438;-77.4874
63.198.213.0;63.198.213.255;37.5289;-122.258
63.198.214.0;63.198.214.255;37.7753;-122.417
63.198.215.0;63.198.215.255;37.2706;-121.811
63.198.216.0;63.198.221.255;39.0438;-77.4874
63.198.222.0;63.198.222.255;36.9693;-122.026
63.198.223.0;63.198.223.255;40.8008;-124.149
63.198.224.0;63.198.231.255;39.0438;-77.4874
63.198.232.0;63.198.232.255;33.6807;-117.884
63.198.233.0;63.198.233.255;40.7128;-74.006
63.198.234.0;63.198.234.255;33.7598;-117.877
63.198.235.0;63.198.235.255;34.1032;-118.347
63.198.236.0;63.198.237.255;39.0438;-77.4874
63.198.238.0;63.198.239.255;37.7912;-122.402
63.198.240.0;63.198.240.255;40.7128;-74.006
63.198.241.0;63.198.241.255;32.992;-96.7126
63.198.242.0;63.198.242.255;37.3609;-118.327
63.198.243.0;63.198.243.255;34.1422;-118.268
63.198.244.0;63.198.244.255;33.9618;-118.37
63.198.245.0;63.198.245.255;34.0586;-118.413
63.198.246.0;63.198.246.255;34.0028;-117.339
63.198.247.0;63.198.247.255;33.946;-118.383
63.198.248.0;63.198.248.255;33.889;-118.199
63.198.249.0;63.198.249.255;34.0592;-118.398
63.198.250.0;63.198.254.255;39.0438;-77.4874
63.198.255.0;63.198.255.255;37.7912;-122.402
63.199.0.0;63.199.0.255;39.0438;-77.4874
63.199.1.0;63.199.1.255;37.3818;-121.895
63.199.2.0;63.199.2.255;37.7912;-122.402
63.199.3.0;63.199.8.15;39.0438;-77.4874
63.199.8.16;63.199.8.255;37.8516;-122.249
63.199.9.0;63.199.9.255;37.8078;-122.265
63.199.10.0;63.199.11.7;37.7749;-122.419
63.199.11.8;63.199.11.255;37.507;-121.956
63.199.12.0;63.199.12.255;37.9711;-122.044
63.199.13.0;63.199.13.255;37.9706;-122.045
63.199.14.0;63.199.14.255;37.3863;-121.918
63.199.15.0;63.199.15.255;37.5408;-122.027
63.199.16.0;63.199.18.255;39.0438;-77.4874
63.199.19.0;63.199.19.255;40.7128;-74.006
63.199.20.0;63.199.23.255;39.0438;-77.4874
63.199.24.0;63.199.24.255;37.9733;-122.531
63.199.25.0;63.199.25.255;37.4105;-122.007
63.199.26.0;63.199.26.255;37.2211;-121.865
63.199.27.0;63.199.27.255;37.7948;-122.441
63.199.28.0;63.199.28.255;39.0438;-77.4874
63.199.29.0;63.199.29.255;37.3722;-122.053
63.199.30.0;63.199.31.15;39.0438;-77.4874
63.199.31.16;63.199.31.255;40.7128;-74.006
63.199.32.0;63.199.32.255;38.2492;-122.041
63.199.33.0;63.199.33.255;38.1041;-122.257
63.199.34.0;63.199.36.255;38.3566;-121.988
63.199.37.0;63.199.37.255;38.0494;-122.159
63.199.38.0;63.199.38.255;38.4455;-121.823
63.199.39.0;63.199.41.255;38.2492;-122.041
63.199.42.0;63.199.42.255;38.1041;-122.257
63.199.43.0;63.199.44.255;38.2492;-122.041
63.199.45.0;63.199.47.255;34.078;-117.454
63.199.48.0;63.199.48.255;37.7912;-122.402
63.199.49.0;63.199.49.255;34.0669;-118.408
63.199.50.0;63.199.51.255;34.078;-117.454
63.199.52.0;63.199.52.255;34.1062;-118.332
63.199.53.0;63.199.53.255;34.1945;-118.303
63.199.54.0;63.199.55.23;34.0549;-118.243
63.199.55.24;63.199.55.255;39.0438;-77.4874
63.199.56.0;63.199.56.255;34.2102;-118.156
63.199.57.0;63.199.57.255;34.0626;-118.417
63.199.58.0;63.199.58.255;34.0529;-118.252
63.199.59.0;63.199.59.247;34.1781;-118.597
63.199.59.248;63.199.60.255;39.0438;-77.4874
63.199.61.0;63.199.61.255;33.8893;-118.185
63.199.62.0;63.199.62.255;39.0438;-77.4874
63.199.63.0;63.199.63.255;34.1527;-118.458
63.199.64.0;63.199.65.255;35.3883;-119.006
63.199.66.0;63.199.66.255;35.3978;-119.015
63.199.67.0;63.199.67.255;35.376;-119.02
63.199.68.0;63.199.69.255;35.3702;-119.052
63.199.70.0;63.199.70.255;39.0438;-77.4874
63.199.71.0;63.199.71.255;35.3702;-119.052
63.199.72.0;63.199.72.255;39.0438;-77.4874
63.199.73.0;63.199.73.255;40.7128;-74.006
63.199.74.0;63.199.74.255;35.3733;-119.019
63.199.75.0;63.199.75.255;39.0438;-77.4874
63.199.76.0;63.199.77.255;35.7774;-119.239
63.199.78.0;63.199.78.255;35.3553;-119.056
63.199.79.0;63.199.79.255;35.3765;-119.005
63.199.80.0;63.199.80.255;32.9918;-96.7108
63.199.81.0;63.199.81.255;37.7912;-122.402
63.199.82.0;63.199.83.255;39.0438;-77.4874
63.199.84.0;63.199.84.255;40.7128;-74.006
63.199.85.0;63.199.86.255;39.0438;-77.4874
63.199.87.0;63.199.88.7;37.7912;-122.402
63.199.88.8;63.199.88.255;37.7749;-122.419
63.199.89.0;63.199.89.255;37.7912;-122.402
63.199.90.0;63.199.91.255;37.785;-122.396
63.199.92.0;63.199.92.255;40.7128;-74.006
63.199.93.0;63.199.95.47;39.0438;-77.4874
63.199.95.48;63.199.95.191;37.7749;-122.419
63.199.95.192;63.199.96.255;39.0438;-77.4874
63.199.97.0;63.199.97.255;33.9462;-118.387
63.199.98.0;63.199.98.159;39.0438;-77.4874
63.199.98.160;63.199.99.255;37.7912;-122.402
63.199.100.0;63.199.100.255;33.889;-118.306
63.199.101.0;63.199.101.255;34.0636;-118.37
63.199.102.0;63.199.102.255;39.0438;-77.4874
63.199.103.0;63.199.107.255;34.0549;-118.243
63.199.108.0;63.199.108.255;33.9827;-118.388
63.199.109.0;63.199.109.255;34.0857;-118.077
63.199.110.0;63.199.110.255;40.7128;-74.006
63.199.111.0;63.199.112.151;39.0438;-77.4874
63.199.112.152;63.199.112.159;33.7739;-117.907
63.199.112.160;63.199.113.255;39.0438;-77.4874
63.199.114.0;63.199.114.255;40.7128;-74.006
63.199.115.0;63.199.115.255;33.8751;-118.237
63.199.116.0;63.199.116.255;34.0463;-118.254
63.199.117.0;63.199.117.255;33.894;-117.833
63.199.118.0;63.199.118.255;39.0438;-77.4874
63.199.119.0;63.199.119.255;34.0549;-118.243
63.199.120.0;63.199.121.15;33.8564;-118.291
63.199.121.16;63.199.121.255;39.0438;-77.4874
63.199.122.0;63.199.122.255;35.2271;-80.8431
63.199.123.0;63.199.123.255;37.7912;-122.402
63.199.124.0;63.199.124.255;32.7555;-97.3308
63.199.125.0;63.199.125.255;39.0438;-77.4874
63.199.126.0;63.199.126.255;33.8095;-118.038
63.199.127.0;63.199.127.255;33.7297;-117.768
63.199.128.0;63.199.130.255;35.2451;-81.3412
63.199.131.0;63.199.131.255;40.0098;-76.1286
63.199.132.0;63.199.132.255;35.994;-78.8986
63.199.133.0;63.199.134.255;39.0438;-77.4874
63.199.135.0;63.199.135.255;35.994;-78.8986
63.199.136.0;63.199.137.31;37.7912;-122.402
63.199.137.32;63.199.137.255;39.0438;-77.4874
63.199.138.0;63.199.138.255;37.8271;-122.013
63.199.139.0;63.199.139.255;39.0438;-77.4874
63.199.140.0;63.199.143.255;35.2451;-81.3412
63.199.144.0;63.199.144.255;37.5528;-122.293
63.199.145.0;63.199.145.255;37.7749;-122.419
63.199.146.0;63.199.146.255;39.0438;-77.4874
63.199.147.0;63.199.147.255;37.3144;-121.85
63.199.148.0;63.199.148.255;39.0438;-77.4874
63.199.149.0;63.199.149.255;28.8029;-81.2695
63.199.150.0;63.199.150.255;29.8922;-81.3139
63.199.151.0;63.199.151.255;39.0438;-77.4874
63.199.152.0;63.199.152.255;37.9201;-122.034
63.199.153.0;63.199.153.255;32.992;-96.7126
63.199.154.0;63.199.155.255;39.0438;-77.4874
63.199.156.0;63.199.156.255;37.3461;-121.95
63.199.157.0;63.199.157.255;39.0438;-77.4874
63.199.158.0;63.199.158.255;40.7128;-74.006
63.199.159.0;63.199.159.255;37.7852;-122.396
63.199.160.0;63.199.160.255;39.0438;-77.4874
63.199.161.0;63.199.161.255;37.7912;-122.402
63.199.162.0;63.199.162.255;37.785;-122.396
63.199.163.0;63.199.163.255;39.0438;-77.4874
63.199.164.0;63.199.164.255;37.3657;-121.852
63.199.165.0;63.199.165.255;37.7749;-122.419
63.199.166.0;63.199.166.255;37.7912;-122.402
63.199.167.0;63.199.167.255;39.0438;-77.4874
63.199.168.0;63.199.168.255;38.4025;-122.826
63.199.169.0;63.199.169.239;37.3553;-122.015
63.199.169.240;63.199.170.255;39.0438;-77.4874
63.199.171.0;63.199.171.255;37.7894;-122.402
63.199.172.0;63.199.175.255;37.7478;-122.481
63.199.176.0;63.199.176.255;37.3356;-121.918
63.199.177.0;63.199.177.255;40.7128;-74.006
63.199.178.0;63.199.178.255;36.9756;-121.884
63.199.179.0;63.199.179.255;37.7753;-122.448
63.199.180.0;63.199.180.255;40.7128;-74.006
63.199.181.0;63.199.181.255;39.0438;-77.4874
63.199.182.0;63.199.182.255;37.4243;-122.128
63.199.183.0;63.199.183.255;37.3622;-122.061
63.199.184.0;63.199.184.255;37.3287;-121.951
63.199.185.0;63.199.185.255;39.0438;-77.4874
63.199.186.0;63.199.186.255;37.7912;-122.402
63.199.187.0;63.199.187.255;38.281;-122.304
63.199.188.0;63.199.188.255;37.3483;-121.967
63.199.189.0;63.199.190.255;39.0438;-77.4874
63.199.191.0;63.199.191.255;37.785;-122.396
63.199.192.0;63.199.192.255;47.6694;-122.122
63.199.193.0;63.199.193.255;33.6264;-117.933
63.199.194.0;63.199.195.255;39.0438;-77.4874
63.199.196.0;63.199.196.255;33.8165;-117.855
63.199.197.0;63.199.197.255;34.1921;-118.485
63.199.198.0;63.199.199.7;34.0549;-118.243
63.199.199.8;63.199.199.255;39.0438;-77.4874
63.199.200.0;63.199.201.255;32.814;-96.9489
63.199.202.0;63.199.202.255;33.1507;-96.8236
63.199.203.0;63.199.203.255;39.7684;-86.1581
63.199.204.0;63.199.205.255;36.1627;-86.7816
63.199.206.0;63.199.206.255;25.7617;-80.1918
63.199.207.0;63.199.207.255;26.6359;-80.0962
63.199.208.0;63.199.209.63;34.0549;-118.243
63.199.209.64;63.199.209.255;39.0438;-77.4874
63.199.210.0;63.199.211.71;34.0549;-118.243
63.199.211.72;63.199.216.63;39.0438;-77.4874
63.199.216.64;63.199.216.255;37.7749;-122.419
63.199.217.0;63.199.218.255;42.3736;-71.1097
63.199.219.0;63.199.220.231;39.0438;-77.4874
63.199.220.232;63.199.220.255;37.7912;-122.402
63.199.221.0;63.199.221.255;33.7018;-117.847
63.199.222.0;63.199.222.255;39.0438;-77.4874
63.199.223.0;63.199.223.255;40.7128;-74.006
63.199.224.0;63.199.224.255;39.0438;-77.4874
63.199.225.0;63.199.225.255;25.7492;-80.2635
63.199.226.0;63.199.226.255;37.7914;-122.395
63.199.227.0;63.199.227.255;25.7492;-80.2635
63.199.228.0;63.199.229.255;41.1177;-73.4082
63.199.230.0;63.199.231.255;37.7914;-122.395
63.199.232.0;63.199.238.255;38.5816;-121.494
63.199.239.0;63.199.239.255;39.0438;-77.4874
63.199.240.0;63.199.248.23;32.7157;-117.161
63.199.248.24;63.199.248.255;37.7857;-122.396
63.199.249.0;63.199.249.255;33.1983;-117.381
63.199.250.0;63.199.251.15;32.7157;-117.161
63.199.251.16;63.199.251.255;33.179;-117.238
63.199.252.0;63.199.253.255;39.0438;-77.4874
63.199.254.0;63.199.254.255;40.7128;-74.006
63.199.255.0;63.199.255.255;39.0438;-77.4874
63.200.0.0;63.200.3.255;35.2451;-81.3412
63.200.4.0;63.200.4.255;33.6924;-117.856
63.200.5.0;63.200.5.255;34.0549;-118.243
63.200.6.0;63.200.6.255;37.7749;-122.419
63.200.7.0;63.200.7.255;32.7357;-97.1081
63.200.8.0;63.200.8.255;33.9102;-117.849
63.200.9.0;63.200.9.255;39.0438;-77.4874
63.200.10.0;63.200.10.255;34.1722;-118.296
63.200.11.0;63.200.11.255;33.4482;-112.078
63.200.12.0;63.200.12.255;33.7124;-117.915
63.200.13.0;63.200.13.255;34.0549;-118.243
63.200.14.0;63.200.14.255;34.1462;-118.246
63.200.15.0;63.200.15.255;30.1775;-81.3876
63.200.16.0;63.200.16.255;33.6553;-117.86
63.200.17.0;63.200.17.255;34.1535;-118.801
63.200.18.0;63.200.18.255;33.7875;-117.809
63.200.19.0;63.200.19.255;34.4359;-118.571
63.200.20.0;63.200.20.255;34.1658;-118.312
63.200.21.0;63.200.21.255;40.7128;-74.006
63.200.22.0;63.200.22.255;33.8958;-118.205
63.200.23.0;63.200.23.255;40.7128;-74.006
63.200.24.0;63.200.25.15;34.0549;-118.243
63.200.25.16;63.200.25.255;37.7912;-122.402
63.200.26.0;63.200.26.255;33.7262;-117.814
63.200.27.0;63.200.27.255;33.7434;-117.812
63.200.28.0;63.200.29.7;34.0549;-118.243
63.200.29.8;63.200.29.255;33.6606;-117.899
63.200.30.0;63.200.30.247;34.2035;-118.411
63.200.30.248;63.200.31.255;39.0438;-77.4874
63.200.32.0;63.200.32.255;37.8987;-122.258
63.200.33.0;63.200.33.255;37.543;-122.309
63.200.34.0;63.200.34.255;37.3908;-122.045
63.200.35.0;63.200.35.255;37.8415;-122.29
63.200.36.0;63.200.36.79;40.7128;-74.006
63.200.36.80;63.200.39.255;39.0438;-77.4874
63.200.40.0;63.200.40.255;47.6694;-122.122
63.200.41.0;63.200.41.255;39.0438;-77.4874
63.200.42.0;63.200.42.255;37.7367;-122.202
63.200.43.0;63.200.43.255;37.8779;-122.463
63.200.44.0;63.200.44.255;37.8329;-122.208
63.200.45.0;63.200.45.255;37.7749;-122.419
63.200.46.0;63.200.46.255;37.3116;-121.977
63.200.47.0;63.200.47.255;37.7908;-122.402
63.200.48.0;63.200.55.255;37.7749;-122.419
63.200.56.0;63.200.56.255;37.7912;-122.402
63.200.57.0;63.200.57.255;37.8938;-122.115
63.200.58.0;63.200.58.255;37.3995;-121.928
63.200.59.0;63.200.59.255;37.779;-122.487
63.200.60.0;63.200.60.255;39.0438;-77.4874
63.200.61.0;63.200.61.247;37.3926;-122.091
63.200.61.248;63.200.62.255;39.0438;-77.4874
63.200.63.0;63.200.63.255;37.8146;-122.253
63.200.64.0;63.200.64.255;38.578;-121.486
63.200.65.0;63.200.65.255;38.5816;-121.494
63.200.66.0;63.200.67.255;39.0438;-77.4874
63.200.68.0;63.200.68.255;38.5689;-121.307
63.200.69.0;63.200.69.255;38.5781;-121.501
63.200.70.0;63.200.71.255;38.5603;-121.738
63.200.72.0;63.200.73.15;38.5816;-121.494
63.200.73.16;63.200.73.255;38.808;-121.219
63.200.74.0;63.200.75.15;39.0438;-77.4874
63.200.75.16;63.200.75.255;38.5816;-121.494
63.200.76.0;63.200.79.255;35.2451;-81.3412
63.200.80.0;63.200.80.255;39.0438;-77.4874
63.200.81.0;63.200.81.255;38.5816;-121.494
63.200.82.0;63.200.82.255;38.6843;-121.783
63.200.83.0;63.200.84.47;38.5816;-121.494
63.200.84.48;63.200.84.255;38.6462;-121.177
63.200.85.0;63.200.86.31;38.5816;-121.494
63.200.86.32;63.200.87.15;39.0438;-77.4874
63.200.87.16;63.200.87.255;38.5572;-121.472
63.200.88.0;63.200.88.255;37.7852;-122.396
63.200.89.0;63.200.89.255;39.0438;-77.4874
63.200.90.0;63.200.90.255;38.5816;-121.494
63.200.91.0;63.200.91.255;40.7128;-74.006
63.200.92.0;63.200.95.255;39.0438;-77.4874
63.200.96.0;63.200.96.255;37.6498;-120.993
63.200.97.0;63.200.97.255;47.6694;-122.122
63.200.98.0;63.200.98.255;37.6553;-121.024
63.200.99.0;63.200.99.255;39.0438;-77.4874
63.200.100.0;63.200.100.255;37.8945;-121.248
63.200.101.0;63.200.101.255;37.7388;-121.429
63.200.102.0;63.200.102.255;39.0438;-77.4874
63.200.103.0;63.200.103.255;37.729;-121.536
63.200.104.0;63.200.104.255;37.7857;-122.396
63.200.105.0;63.200.105.255;37.9577;-121.291
63.200.106.0;63.200.107.255;39.0438;-77.4874
63.200.108.0;63.200.108.255;40.7128;-74.006
63.200.109.0;63.200.110.63;37.9577;-121.291
63.200.110.64;63.200.110.255;37.746;-121.449
63.200.111.0;63.200.111.255;40.7128;-74.006
63.200.112.0;63.200.112.255;36.6002;-121.895
63.200.113.0;63.200.113.255;36.5882;-121.895
63.200.114.0;63.200.114.255;39.0438;-77.4874
63.200.115.0;63.200.115.255;37.7857;-122.396
63.200.116.0;63.200.116.255;36.2727;-121.812
63.200.117.0;63.200.117.255;36.5563;-121.92
63.200.118.0;63.200.118.255;37.7912;-122.402
63.200.119.0;63.200.119.255;39.0438;-77.4874
63.200.120.0;63.200.121.31;36.6002;-121.895
63.200.121.32;63.200.121.255;36.5396;-121.906
63.200.122.0;63.200.122.255;36.6087;-121.898
63.200.123.0;63.200.123.255;36.6002;-121.895
63.200.124.0;63.200.127.255;35.2451;-81.3412
63.200.128.0;63.200.128.255;37.7351;-122.425
63.200.129.0;63.200.129.255;37.7749;-122.419
63.200.130.0;63.200.130.255;37.7912;-122.402
63.200.131.0;63.200.131.255;37.7315;-122.468
63.200.132.0;63.200.133.255;39.0438;-77.4874
63.200.134.0;63.200.134.255;37.4899;-122.229
63.200.135.0;63.200.135.255;37.7749;-122.419
63.200.136.0;63.200.136.255;36.9845;-121.949
63.200.137.0;63.200.137.255;39.0438;-77.4874
63.200.138.0;63.200.138.255;37.7912;-122.402
63.200.139.0;63.200.139.255;37.794;-122.4
63.200.140.0;63.200.140.255;37.3766;-121.92
63.200.141.0;63.200.141.255;37.7265;-122.461
63.200.142.0;63.200.142.255;37.7912;-122.402
63.200.143.0;63.200.144.15;39.0438;-77.4874
63.200.144.16;63.200.145.7;37.7912;-122.402
63.200.145.8;63.200.145.255;37.9025;-122.555
63.200.146.0;63.200.146.255;37.9879;-122.329
63.200.147.0;63.200.147.255;39.0438;-77.4874
63.200.148.0;63.200.148.255;40.0421;-75.3966
63.200.149.0;63.200.151.255;40.0416;-75.3699
63.200.152.0;63.200.155.7;39.0438;-77.4874
63.200.155.8;63.200.155.255;37.7912;-122.402
63.200.156.0;63.200.156.255;33.1032;-96.6705
63.200.157.0;63.200.157.255;37.7912;-122.402
63.200.158.0;63.200.158.255;37.785;-122.396
63.200.159.0;63.200.159.255;37.7857;-122.396
63.200.160.0;63.200.161.7;36.7378;-119.787
63.200.161.8;63.200.161.255;36.8072;-119.708
63.200.162.0;63.200.162.255;37.7857;-122.396
63.200.163.0;63.200.163.255;39.0438;-77.4874
63.200.164.0;63.200.164.255;36.7352;-119.785
63.200.165.0;63.200.165.255;37.7749;-122.419
63.200.166.0;63.200.166.255;36.5911;-119.623
63.200.167.0;63.200.167.255;39.0438;-77.4874
63.200.168.0;63.200.168.255;36.7939;-119.777
63.200.169.0;63.200.169.255;39.0438;-77.4874
63.200.170.0;63.200.170.255;36.7413;-119.783
63.200.171.0;63.200.171.255;36.8488;-119.79
63.200.172.0;63.200.173.7;39.0438;-77.4874
63.200.173.8;63.200.173.255;36.3137;-119.311
63.200.174.0;63.200.174.255;37.7857;-122.396
63.200.175.0;63.200.175.255;39.0438;-77.4874
63.200.176.0;63.200.176.255;41.7294;-122.637
63.200.177.0;63.200.179.255;39.0438;-77.4874
63.200.180.0;63.200.180.255;39.7272;-121.849
63.200.181.0;63.200.181.255;39.7283;-121.838
63.200.182.0;63.200.182.255;39.0438;-77.4874
63.200.183.0;63.200.183.255;37.7857;-122.396
63.200.184.0;63.200.184.255;41.7354;-122.634
63.200.185.0;63.200.185.223;41.0487;-123.676
63.200.185.224;63.200.186.255;39.0438;-77.4874
63.200.187.0;63.200.187.255;40.7128;-74.006
63.200.188.0;63.200.188.255;40.5838;-122.39
63.200.189.0;63.200.189.255;40.5741;-122.352
63.200.190.0;63.200.190.255;40.5778;-122.381
63.200.191.0;63.200.191.255;39.0438;-77.4874
63.200.192.0;63.200.192.255;32.8321;-116.989
63.200.193.0;63.200.193.255;32.7157;-117.161
63.200.194.0;63.200.194.255;40.7128;-74.006
63.200.195.0;63.200.195.255;32.7157;-117.161
63.200.196.0;63.200.196.255;32.7724;-117.041
63.200.197.0;63.200.197.255;37.7912;-122.402
63.200.198.0;63.200.198.255;33.0198;-96.7461
63.200.199.0;63.200.199.255;39.0438;-77.4874
63.200.200.0;63.200.201.31;32.7157;-117.161
63.200.201.32;63.200.201.255;33.1637;-117.339
63.200.202.0;63.200.203.39;32.7157;-117.161
63.200.203.40;63.200.203.255;39.0438;-77.4874
63.200.204.0;63.200.204.255;37.7857;-122.396
63.200.205.0;63.200.205.255;39.0438;-77.4874
63.200.206.0;63.200.206.255;37.7857;-122.396
63.200.207.0;63.200.207.255;39.0438;-77.4874
63.200.208.0;63.200.209.23;32.7157;-117.161
63.200.209.24;63.200.209.255;32.6465;-117.023
63.200.210.0;63.200.210.255;32.7157;-117.161
63.200.211.0;63.200.211.255;33.141;-117.179
63.200.212.0;63.200.212.255;32.7731;-117.003
63.200.213.0;63.200.213.255;37.7749;-122.419
63.200.214.0;63.200.214.255;40.7128;-74.006
63.200.215.0;63.200.215.255;39.0438;-77.4874
63.200.216.0;63.200.217.71;32.7157;-117.161
63.200.217.72;63.200.217.255;33.0071;-117.09
63.200.218.0;63.200.218.255;32.6236;-117.072
63.200.219.0;63.200.220.23;32.7157;-117.161
63.200.220.24;63.200.220.255;33.0464;-117.063
63.200.221.0;63.200.221.255;32.7157;-117.161
63.200.222.0;63.200.222.255;39.0438;-77.4874
63.200.223.0;63.200.223.255;33.386;-117.253
63.200.224.0;63.200.224.255;34.0015;-117.375
63.200.225.0;63.200.226.255;39.0438;-77.4874
63.200.227.0;63.200.227.255;34.0525;-118.252
63.200.228.0;63.200.231.255;34.2288;-118.551
63.200.232.0;63.200.232.255;33.7016;-117.864
63.200.233.0;63.200.233.255;34.0015;-117.375
63.200.234.0;63.200.234.255;34.0793;-118.106
63.200.235.0;63.200.235.255;34.1011;-118.341
63.200.236.0;63.200.236.255;34.0549;-118.243
63.200.237.0;63.200.237.255;33.9022;-117.77
63.200.238.0;63.200.238.255;34.0736;-118.412
63.200.239.0;63.200.239.255;34.0549;-118.243
63.200.240.0;63.200.240.255;34.146;-118.377
63.200.241.0;63.200.241.255;39.0438;-77.4874
63.200.242.0;63.200.242.255;34.1427;-118.132
63.200.243.0;63.200.243.255;34.0549;-118.243
63.200.244.0;63.200.244.255;34.0479;-118.248
63.200.245.0;63.200.245.255;39.0438;-77.4874
63.200.246.0;63.200.247.15;34.0549;-118.243
63.200.247.16;63.200.247.255;37.7857;-122.396
63.200.248.0;63.200.248.247;34.0549;-118.243
63.200.248.248;63.200.249.255;39.0438;-77.4874
63.200.250.0;63.200.250.255;34.0549;-118.243
63.200.251.0;63.200.251.255;33.6584;-117.737
63.200.252.0;63.200.252.255;40.7128;-74.006
63.200.253.0;63.200.253.255;37.7912;-122.402
63.200.254.0;63.200.255.255;39.0438;-77.4874
63.201.0.0;63.201.0.255;35.2828;-120.66
63.201.1.0;63.201.2.255;37.7857;-122.396
63.201.3.0;63.201.3.255;39.0438;-77.4874
63.201.4.0;63.201.4.255;32.9483;-96.7299
63.201.5.0;63.201.5.255;33.0025;-96.6428
63.201.6.0;63.201.6.255;32.9483;-96.7299
63.201.7.0;63.201.7.255;39.0438;-77.4874
63.201.8.0;63.201.9.7;35.2828;-120.66
63.201.9.8;63.201.9.255;39.0438;-77.4874
63.201.10.0;63.201.11.15;35.2828;-120.66
63.201.11.16;63.201.11.255;35.268;-120.655
63.201.12.0;63.201.15.255;34.0549;-118.243
63.201.16.0;63.201.16.255;37.7857;-122.396
63.201.17.0;63.201.17.255;39.0438;-77.4874
63.201.18.0;63.201.18.255;40.7128;-74.006
63.201.19.0;63.201.19.255;37.7912;-122.402
63.201.20.0;63.201.23.255;29.9511;-90.0715
63.201.24.0;63.201.27.255;41.0814;-81.519
63.201.28.0;63.201.28.255;39.0438;-77.4874
63.201.29.0;63.201.29.247;39.5158;-119.775
63.201.29.248;63.201.30.255;39.0438;-77.4874
63.201.31.0;63.201.31.255;37.7857;-122.396
63.201.32.0;63.201.39.255;37.7749;-122.419
63.201.40.0;63.201.40.255;40.7128;-74.006
63.201.41.0;63.201.41.255;39.0438;-77.4874
63.201.42.0;63.201.42.255;37.4001;-121.922
63.201.43.0;63.201.43.255;37.785;-122.396
63.201.44.0;63.201.44.255;39.0438;-77.4874
63.201.45.0;63.201.45.255;37.7912;-122.402
63.201.46.0;63.201.46.255;33.0198;-96.7461
63.201.47.0;63.201.47.255;37.7912;-122.402
63.201.48.0;63.201.48.255;37.785;-122.396
63.201.49.0;63.201.49.255;40.7128;-74.006
63.201.50.0;63.201.50.255;37.5427;-122.303
63.201.51.0;63.201.51.255;37.7996;-122.402
63.201.52.0;63.201.52.255;37.7786;-122.398
63.201.53.0;63.201.53.255;39.0438;-77.4874
63.201.54.0;63.201.54.255;37.7749;-122.419
63.201.55.0;63.201.55.255;38.2569;-122.636
63.201.56.0;63.201.56.255;39.0438;-77.4874
63.201.57.0;63.201.57.255;37.3132;-121.806
63.201.58.0;63.201.58.255;39.0438;-77.4874
63.201.59.0;63.201.59.255;35.781;-78.3697
63.201.60.0;63.201.60.255;37.7912;-122.402
63.201.61.0;63.201.61.255;37.3452;-121.937
63.201.62.0;63.201.63.31;37.785;-122.396
63.201.63.32;63.201.63.255;37.7912;-122.402
63.201.64.0;63.201.64.255;40.7128;-74.006
63.201.65.0;63.201.65.255;37.9644;-122.319
63.201.66.0;63.201.67.7;37.785;-122.396
63.201.67.8;63.201.67.255;37.7912;-122.402
63.201.68.0;63.201.68.255;37.7445;-122.43
63.201.69.0;63.201.69.255;37.7852;-122.396
63.201.70.0;63.201.70.255;38.0144;-122.538
63.201.71.0;63.201.71.255;37.7857;-122.396
63.201.72.0;63.201.72.255;37.785;-122.396
63.201.73.0;63.201.74.7;39.0438;-77.4874
63.201.74.8;63.201.75.31;37.785;-122.396
63.201.75.32;63.201.75.255;37.7912;-122.402
63.201.76.0;63.201.77.255;40.8693;-124.089
63.201.78.0;63.201.78.255;37.7749;-122.419
63.201.79.0;63.201.79.255;37.3788;-121.921
63.201.80.0;63.201.80.255;35.2271;-80.8431
63.201.81.0;63.201.81.255;39.0438;-77.4874
63.201.82.0;63.201.82.255;37.785;-122.396
63.201.83.0;63.201.83.255;37.7749;-122.419
63.201.84.0;63.201.84.255;40.7128;-74.006
63.201.85.0;63.201.85.255;37.7912;-122.402
63.201.86.0;63.201.87.15;37.785;-122.396
63.201.87.16;63.201.87.255;37.7857;-122.396
63.201.88.0;63.201.95.255;37.7749;-122.419
63.201.96.0;63.201.96.255;44.8113;-91.4985
63.201.97.0;63.201.98.255;40.7128;-74.006
63.201.99.0;63.201.100.7;34.0549;-118.243
63.201.100.8;63.201.100.255;39.0438;-77.4874
63.201.101.0;63.201.101.255;40.7128;-74.006
63.201.102.0;63.201.103.255;39.0438;-77.4874
63.201.104.0;63.201.104.255;33.6355;-117.941
63.201.105.0;63.201.105.255;34.231;-118.556
63.201.106.0;63.201.106.255;33.8857;-117.582
63.201.107.0;63.201.107.255;32.9863;-96.7542
63.201.108.0;63.201.109.7;39.0438;-77.4874
63.201.109.8;63.201.109.247;33.6186;-117.928
63.201.109.248;63.201.110.255;34.0549;-118.243
63.201.111.0;63.201.111.255;34.4335;-118.589
63.201.112.0;63.201.112.255;34.1961;-118.378
63.201.113.0;63.201.113.255;33.9955;-118.476
63.201.114.0;63.201.115.223;39.0438;-77.4874
63.201.115.224;63.201.115.255;33.8064;-117.883
63.201.116.0;63.201.118.255;29.9511;-90.0715
63.201.119.0;63.201.119.255;40.0192;-82.8793
63.201.120.0;63.201.120.255;40.7128;-74.006
63.201.121.0;63.201.121.255;34.0015;-117.375
63.201.122.0;63.201.122.255;37.7912;-122.402
63.201.123.0;63.201.123.255;34.1935;-118.36
63.201.124.0;63.201.124.255;39.0438;-77.4874
63.201.125.0;63.201.125.255;33.9319;-118.201
63.201.126.0;63.201.126.255;37.7912;-122.402
63.201.127.0;63.201.127.255;33.6257;-117.73
63.201.128.0;63.201.128.255;40.7128;-74.006
63.201.129.0;63.201.130.255;39.0438;-77.4874
63.201.131.0;63.201.131.255;37.343;-121.913
63.201.132.0;63.201.132.255;47.6694;-122.122
63.201.133.0;63.201.133.255;40.7128;-74.006
63.201.134.0;63.201.134.255;37.7837;-122.42
63.201.135.0;63.201.135.255;39.0438;-77.4874
63.201.136.0;63.201.137.7;37.7912;-122.402
63.201.137.8;63.201.138.15;37.785;-122.396
63.201.138.16;63.201.138.255;37.7737;-122.451
63.201.139.0;63.201.140.255;39.0438;-77.4874
63.201.141.0;63.201.141.255;40.7128;-74.006
63.201.142.0;63.201.142.255;39.0438;-77.4874
63.201.143.0;63.201.143.255;37.7982;-121.9
63.201.144.0;63.201.145.255;39.0438;-77.4874
63.201.146.0;63.201.146.255;37.4196;-122.147
63.201.147.0;63.201.147.255;37.5663;-122.281
63.201.148.0;63.201.148.255;37.785;-122.396
63.201.149.0;63.201.149.255;37.7912;-122.402
63.201.150.0;63.201.150.255;32.9483;-96.7299
63.201.151.0;63.201.151.255;39.0438;-77.4874
63.201.152.0;63.201.152.255;37.7749;-122.419
63.201.153.0;63.201.154.63;39.0438;-77.4874
63.201.154.64;63.201.154.255;37.7749;-122.419
63.201.155.0;63.201.155.255;32.7767;-96.797
63.201.156.0;63.201.156.255;39.0438;-77.4874
63.201.157.0;63.201.158.23;37.785;-122.396
63.201.158.24;63.201.159.7;39.0438;-77.4874
63.201.159.8;63.201.159.255;37.785;-122.396
63.201.160.0;63.201.160.127;38.5901;-121.481
63.201.160.128;63.201.161.255;39.0438;-77.4874
63.201.162.0;63.201.162.255;38.6504;-121.489
63.201.163.0;63.201.163.255;33.0198;-96.7461
63.201.164.0;63.201.165.31;38.5816;-121.494
63.201.165.32;63.201.165.255;38.5169;-121.45
63.201.166.0;63.201.166.255;39.0438;-77.4874
63.201.167.0;63.201.167.255;38.5816;-121.494
63.201.168.0;63.201.171.255;41.0814;-81.519
63.201.172.0;63.201.172.223;38.5777;-121.492
63.201.172.224;63.201.173.255;39.0438;-77.4874
63.201.174.0;63.201.174.255;38.6938;-121.161
63.201.175.0;63.201.175.255;39.1772;-120.134
63.201.176.0;63.201.176.255;34.0549;-118.243
63.201.177.0;63.201.177.255;34.0739;-118.292
63.201.178.0;63.201.178.255;34.0549;-118.243
63.201.179.0;63.201.179.255;34.0956;-118.326
63.201.180.0;63.201.180.255;34.0532;-118.27
63.201.181.0;63.201.181.255;39.0438;-77.4874
63.201.182.0;63.201.182.255;34.0501;-118.26
63.201.183.0;63.201.183.255;34.0636;-118.37
63.201.184.0;63.201.184.255;33.8597;-117.833
63.201.185.0;63.201.186.47;34.0549;-118.243
63.201.186.48;63.201.186.255;39.0438;-77.4874
63.201.187.0;63.201.187.255;34.0549;-118.243
63.201.188.0;63.201.188.255;39.0438;-77.4874
63.201.189.0;63.201.189.255;33.7629;-117.854
63.201.190.0;63.201.190.255;34.091;-118.35
63.201.191.0;63.201.191.255;39.0438;-77.4874
63.201.192.0;63.201.199.255;33.8382;-118.351
63.201.200.0;63.201.200.255;34.0549;-118.243
63.201.201.0;63.201.203.255;39.0438;-77.4874
63.201.204.0;63.201.205.7;34.0549;-118.243
63.201.205.8;63.201.206.7;39.0438;-77.4874
63.201.206.8;63.201.206.255;34.0549;-118.243
63.201.207.0;63.201.207.255;40.7128;-74.006
63.201.208.0;63.201.211.255;34.0549;-118.243
63.201.212.0;63.201.212.255;34.0522;-118.244
63.201.213.0;63.201.214.7;34.0549;-118.243
63.201.214.8;63.201.214.255;33.7384;-117.938
63.201.215.0;63.201.216.39;34.0549;-118.243
63.201.216.40;63.201.216.255;39.0438;-77.4874
63.201.217.0;63.201.218.31;34.0549;-118.243
63.201.218.32;63.201.218.255;40.7128;-74.006
63.201.219.0;63.201.219.255;34.0549;-118.243
63.201.220.0;63.201.220.255;34.0516;-118.255
63.201.221.0;63.201.221.255;33.8847;-118.411
63.201.222.0;63.201.222.255;39.0438;-77.4874
63.201.223.0;63.201.223.255;33.5527;-117.726
63.201.224.0;63.201.224.255;37.785;-122.396
63.201.225.0;63.201.225.255;37.7912;-122.402
63.201.226.0;63.201.226.247;37.785;-122.396
63.201.226.248;63.201.227.255;39.0438;-77.4874
63.201.228.0;63.201.231.255;33.7488;-84.3877
63.201.232.0;63.201.232.255;39.0438;-77.4874
63.201.233.0;63.201.234.39;37.785;-122.396
63.201.234.40;63.201.235.31;37.7749;-122.419
63.201.235.32;63.201.235.223;37.7912;-122.402
63.201.235.224;63.201.242.7;39.0438;-77.4874
63.201.242.8;63.201.243.7;37.785;-122.396
63.201.243.8;63.201.244.7;39.0438;-77.4874
63.201.244.8;63.201.244.247;37.785;-122.396
63.201.244.248;63.201.246.7;39.0438;-77.4874
63.201.246.8;63.201.246.255;37.7912;-122.402
63.201.247.0;63.201.247.255;37.785;-122.396
63.201.248.0;63.201.248.255;39.0438;-77.4874
63.201.249.0;63.201.249.255;36.3292;-119.294
63.201.250.0;63.201.250.255;37.7749;-122.419
63.201.251.0;63.201.251.255;37.405;-121.979
63.201.252.0;63.201.253.31;37.785;-122.396
63.201.253.32;63.201.253.255;37.7749;-122.419
63.201.254.0;63.201.254.255;37.7912;-122.402
63.201.255.0;63.201.255.255;37.7633;-122.486
63.202.0.0;63.202.0.255;37.7125;-122.16
63.202.1.0;63.202.1.255;37.7773;-122.397
63.202.2.0;63.202.2.255;37.7935;-122.4
63.202.3.0;63.202.3.255;37.6585;-121.902
63.202.4.0;63.202.4.255;39.0438;-77.4874
63.202.5.0;63.202.5.255;37.7749;-122.419
63.202.6.0;63.202.6.255;37.785;-122.396
63.202.7.0;63.202.7.255;37.7912;-122.402
63.202.8.0;63.202.8.255;37.785;-122.396
63.202.9.0;63.202.9.255;37.7912;-122.402
63.202.10.0;63.202.10.255;37.785;-122.396
63.202.11.0;63.202.11.255;37.3903;-122.033
63.202.12.0;63.202.12.255;39.0438;-77.4874
63.202.13.0;63.202.13.255;37.7749;-122.419
63.202.14.0;63.202.14.255;37.4834;-122.207
63.202.15.0;63.202.16.15;37.7912;-122.402
63.202.16.16;63.202.16.255;39.0438;-77.4874
63.202.17.0;63.202.18.31;37.785;-122.396
63.202.18.32;63.202.18.255;39.0438;-77.4874
63.202.19.0;63.202.19.255;37.7857;-122.396
63.202.20.0;63.202.23.255;33.7488;-84.3877
63.202.24.0;63.202.25.255;39.0438;-77.4874
63.202.26.0;63.202.26.255;37.2825;-121.924
63.202.27.0;63.202.28.23;37.785;-122.396
63.202.28.24;63.202.28.255;37.7912;-122.402
63.202.29.0;63.202.29.255;37.4047;-121.993
63.202.30.0;63.202.30.255;39.0438;-77.4874
63.202.31.0;63.202.31.255;37.785;-122.396
63.202.32.0;63.202.32.255;40.7128;-74.006
63.202.33.0;63.202.33.255;38.8012;-121.255
63.202.34.0;63.202.34.255;38.6043;-121.384
63.202.35.0;63.202.35.255;38.598;-121.387
63.202.36.0;63.202.36.255;38.5816;-121.494
63.202.37.0;63.202.37.255;39.0438;-77.4874
63.202.38.0;63.202.38.255;40.7128;-74.006
63.202.39.0;63.202.39.255;44.8113;-91.4985
63.202.40.0;63.202.43.255;29.9511;-90.0715
63.202.44.0;63.202.44.223;38.5816;-121.494
63.202.44.224;63.202.45.255;38.5784;-121.488
63.202.46.0;63.202.46.255;38.5816;-121.494
63.202.47.0;63.202.47.255;38.8991;-121.07
63.202.48.0;63.202.50.255;39.0438;-77.4874
63.202.51.0;63.202.51.255;36.8385;-119.846
63.202.52.0;63.202.55.255;33.7488;-84.3877
63.202.56.0;63.202.57.47;36.7378;-119.787
63.202.57.48;63.202.57.255;39.0438;-77.4874
63.202.58.0;63.202.58.255;42.2711;-89.094
63.202.59.0;63.202.59.255;39.0438;-77.4874
63.202.60.0;63.202.60.255;36.8256;-119.783
63.202.61.0;63.202.61.255;36.7378;-119.787
63.202.62.0;63.202.62.255;39.0438;-77.4874
63.202.63.0;63.202.63.255;37.7857;-122.396
63.202.64.0;63.202.67.255;39.0438;-77.4874
63.202.68.0;63.202.68.255;38.319;-122.701
63.202.69.0;63.202.69.255;37.785;-122.396
63.202.70.0;63.202.70.255;37.6807;-122.475
63.202.71.0;63.202.71.255;37.7912;-122.402
63.202.72.0;63.202.75.255;29.9511;-90.0715
63.202.76.0;63.202.76.255;39.0438;-77.4874
63.202.77.0;63.202.77.223;37.7749;-122.419
63.202.77.224;63.202.79.255;39.0438;-77.4874
63.202.80.0;63.202.83.255;33.7488;-84.3877
63.202.84.0;63.202.85.7;37.785;-122.396
63.202.85.8;63.202.85.255;37.7912;-122.402
63.202.86.0;63.202.86.255;37.785;-122.396
63.202.87.0;63.202.87.255;37.4885;-122.239
63.202.88.0;63.202.88.255;37.7749;-122.419
63.202.89.0;63.202.90.7;37.7912;-122.402
63.202.90.8;63.202.90.255;39.0438;-77.4874
63.202.91.0;63.202.91.255;38.2655;-122.019
63.202.92.0;63.202.92.255;37.785;-122.396
63.202.93.0;63.202.93.255;37.7857;-122.396
63.202.94.0;63.202.95.15;37.785;-122.396
63.202.95.16;63.202.95.255;37.7912;-122.402
63.202.96.0;63.202.96.255;34.0549;-118.243
63.202.97.0;63.202.97.255;39.0438;-77.4874
63.202.98.0;63.202.98.255;33.8044;-118.337
63.202.99.0;63.202.99.255;34.0785;-118.123
63.202.100.0;63.202.100.255;47.6694;-122.122
63.202.101.0;63.202.102.31;39.0438;-77.4874
63.202.102.32;63.202.102.247;34.0549;-118.243
63.202.102.248;63.202.103.255;39.0438;-77.4874
63.202.104.0;63.202.111.255;37.7857;-122.396
63.202.112.0;63.202.112.255;33.8011;-118.012
63.202.113.0;63.202.113.255;39.0438;-77.4874
63.202.114.0;63.202.114.255;34.061;-118.415
63.202.115.0;63.202.115.255;39.0438;-77.4874
63.202.116.0;63.202.117.7;34.0549;-118.243
63.202.117.8;63.202.117.255;33.5605;-117.661
63.202.118.0;63.202.118.255;39.0438;-77.4874
63.202.119.0;63.202.119.255;34.2722;-118.713
63.202.120.0;63.202.120.255;34.109;-118.29
63.202.121.0;63.202.121.255;34.0469;-118.263
63.202.122.0;63.202.122.255;33.5979;-117.89
63.202.123.0;63.202.123.255;33.8693;-118.275
63.202.124.0;63.202.124.255;33.6469;-117.855
63.202.125.0;63.202.125.255;39.0438;-77.4874
63.202.126.0;63.202.126.255;34.0549;-118.243
63.202.127.0;63.202.127.255;34.1286;-118.323
63.202.128.0;63.202.136.7;39.0438;-77.4874
63.202.136.8;63.202.136.255;39.5214;-119.818
63.202.137.0;63.202.137.239;39.2479;-119.962
63.202.137.240;63.202.139.7;39.0438;-77.4874
63.202.139.8;63.202.139.255;37.7912;-122.402
63.202.140.0;63.202.141.255;29.9511;-90.0715
63.202.142.0;63.202.142.255;39.5364;-83.4391
63.202.143.0;63.202.143.255;29.9511;-90.0715
63.202.144.0;63.202.144.255;37.7857;-122.396
63.202.145.0;63.202.145.255;35.2828;-120.66
63.202.146.0;63.202.147.255;39.0438;-77.4874
63.202.148.0;63.202.148.255;29.9511;-90.0715
63.202.149.0;63.202.149.255;42.1784;-87.9978
63.202.150.0;63.202.151.255;29.9511;-90.0715
63.202.152.0;63.202.155.255;33.7488;-84.3877
63.202.156.0;63.202.156.223;37.7749;-122.419
63.202.156.224;63.202.157.255;39.0438;-77.4874
63.202.158.0;63.202.158.255;32.9483;-96.7299
63.202.159.0;63.202.159.255;35.1069;-120.581
63.202.160.0;63.202.160.255;40.7128;-74.006
63.202.161.0;63.202.161.255;37.7265;-122.387
63.202.162.0;63.202.162.255;37.785;-122.396
63.202.163.0;63.202.163.255;37.3992;-121.963
63.202.164.0;63.202.164.255;39.0438;-77.4874
63.202.165.0;63.202.165.255;40.7128;-74.006
63.202.166.0;63.202.166.255;47.6694;-122.122
63.202.167.0;63.202.167.255;37.2908;-121.952
63.202.168.0;63.202.168.255;39.0438;-77.4874
63.202.169.0;63.202.169.255;37.7895;-122.394
63.202.170.0;63.202.170.255;37.3144;-121.85
63.202.171.0;63.202.171.255;39.0438;-77.4874
63.202.172.0;63.202.175.255;33.7488;-84.3877
63.202.176.0;63.202.180.255;39.0438;-77.4874
63.202.181.0;63.202.181.255;40.7128;-74.006
63.202.182.0;63.202.183.255;39.0438;-77.4874
63.202.184.0;63.202.187.255;33.7488;-84.3877
63.202.188.0;63.202.188.255;39.0438;-77.4874
63.202.189.0;63.202.189.255;40.7128;-74.006
63.202.190.0;63.202.190.255;39.0438;-77.4874
63.202.191.0;63.202.191.255;37.426;-122.144
63.202.192.0;63.202.195.255;39.0438;-77.4874
63.202.196.0;63.202.196.255;40.7128;-74.006
63.202.197.0;63.202.197.239;37.7912;-122.402
63.202.197.240;63.202.198.255;39.0438;-77.4874
63.202.199.0;63.202.199.255;37.7749;-122.419
63.202.200.0;63.202.200.255;37.5547;-122.257
63.202.201.0;63.202.201.255;37.7364;-122.465
63.202.202.0;63.202.202.255;37.7912;-122.402
63.202.203.0;63.202.203.255;39.0438;-77.4874
63.202.204.0;63.202.204.255;37.7912;-122.402
63.202.205.0;63.202.205.255;37.785;-122.396
63.202.206.0;63.202.206.255;37.3744;-121.979
63.202.207.0;63.202.208.7;39.0438;-77.4874
63.202.208.8;63.202.208.255;37.687;-122.062
63.202.209.0;63.202.209.255;37.7749;-122.419
63.202.210.0;63.202.210.255;39.0438;-77.4874
63.202.211.0;63.202.211.255;37.7452;-122.387
63.202.212.0;63.202.212.255;29.9511;-90.0715
63.202.213.0;63.202.213.255;29.9505;-90.0687
63.202.214.0;63.202.215.255;29.9511;-90.0715
63.202.216.0;63.202.216.255;37.7898;-122.398
63.202.217.0;63.202.218.63;37.7749;-122.419
63.202.218.64;63.202.219.31;39.0438;-77.4874
63.202.219.32;63.202.219.255;37.3674;-121.916
63.202.220.0;63.202.220.255;37.7857;-122.396
63.202.221.0;63.202.222.255;39.0438;-77.4874
63.202.223.0;63.202.223.255;47.6694;-122.122
63.202.224.0;63.202.224.255;33.1986;-117.24
63.202.225.0;63.202.226.143;32.7157;-117.161
63.202.226.144;63.202.226.255;32.946;-117.216
63.202.227.0;63.202.228.7;32.7157;-117.161
63.202.228.8;63.202.228.255;32.8968;-117.203
63.202.229.0;63.202.230.15;39.0438;-77.4874
63.202.230.16;63.202.230.255;32.7153;-117.163
63.202.231.0;63.202.231.255;32.7157;-117.161
63.202.232.0;63.202.236.255;39.0438;-77.4874
63.202.237.0;63.202.237.255;32.9786;-115.543
63.202.238.0;63.202.238.255;33.2024;-117.236
63.202.239.0;63.202.239.255;32.8891;-117.185
63.202.240.0;63.202.240.255;33.1186;-117.272
63.202.241.0;63.202.241.255;32.6664;-117.115
63.202.242.0;63.202.242.255;32.7157;-117.161
63.202.243.0;63.202.243.255;33.1233;-117.194
63.202.244.0;63.202.245.255;39.0438;-77.4874
63.202.246.0;63.202.246.255;32.7157;-117.161
63.202.247.0;63.202.247.255;39.0438;-77.4874
63.202.248.0;63.202.248.255;32.7432;-117.101
63.202.249.0;63.202.249.255;32.8965;-117.241
63.202.250.0;63.202.250.247;33.3216;-117.25
63.202.250.248;63.202.253.23;39.0438;-77.4874
63.202.253.24;63.202.253.55;32.7157;-117.161
63.202.253.56;63.202.254.255;39.0438;-77.4874
63.202.255.0;63.202.255.255;38.627;-90.1994
63.203.0.0;63.203.1.7;34.0549;-118.243
63.203.1.8;63.203.1.255;34.0905;-118.329
63.203.2.0;63.203.2.255;34.0032;-118.332
63.203.3.0;63.203.3.255;34.0575;-118.358
63.203.4.0;63.203.4.255;34.0496;-118.259
63.203.5.0;63.203.5.255;34.1474;-118.149
63.203.6.0;63.203.7.7;37.7912;-122.402
63.203.7.8;63.203.7.255;37.7749;-122.419
63.203.8.0;63.203.8.255;47.6694;-122.122
63.203.9.0;63.203.9.255;34.0549;-118.243
63.203.10.0;63.203.10.255;34.0836;-118.342
63.203.11.0;63.203.11.255;37.7857;-122.396
63.203.12.0;63.203.12.255;34.0549;-118.243
63.203.13.0;63.203.13.255;34.0601;-118.281
63.203.14.0;63.203.14.255;40.7128;-74.006
63.203.15.0;63.203.15.255;34.0549;-118.243
63.203.16.0;63.203.16.255;39.0438;-77.4874
63.203.17.0;63.203.17.255;33.6526;-117.722
63.203.18.0;63.203.18.255;34.1543;-118.265
63.203.19.0;63.203.19.255;33.9405;-118.223
63.203.20.0;63.203.20.255;34.0296;-118.46
63.203.21.0;63.203.21.255;33.6832;-117.85
63.203.22.0;63.203.22.255;33.8644;-117.89
63.203.23.0;63.203.23.255;40.7128;-74.006
63.203.24.0;63.203.24.255;37.7912;-122.402
63.203.25.0;63.203.25.255;34.2051;-118.449
63.203.26.0;63.203.26.255;39.0438;-77.4874
63.203.27.0;63.203.27.255;34.0393;-118.423
63.203.28.0;63.203.31.255;29.9511;-90.0715
63.203.32.0;63.203.32.255;37.7912;-122.402
63.203.33.0;63.203.33.255;37.7823;-122.476
63.203.34.0;63.203.34.255;37.7806;-122.48
63.203.35.0;63.203.35.255;39.0438;-77.4874
63.203.36.0;63.203.36.255;37.3948;-122.101
63.203.37.0;63.203.37.255;37.7594;-122.411
63.203.38.0;63.203.38.255;37.7912;-122.402
63.203.39.0;63.203.39.255;37.8619;-122.298
63.203.40.0;63.203.41.87;39.0438;-77.4874
63.203.41.88;63.203.41.255;37.4407;-122.163
63.203.42.0;63.203.42.255;37.7592;-122.463
63.203.43.0;63.203.43.255;39.0438;-77.4874
63.203.44.0;63.203.44.255;37.5856;-122.386
63.203.45.0;63.203.45.255;37.5955;-122.045
63.203.46.0;63.203.46.255;39.0438;-77.4874
63.203.47.0;63.203.47.255;37.793;-122.425
63.203.48.0;63.203.48.255;33.7555;-84.3915
63.203.49.0;63.203.50.255;39.0438;-77.4874
63.203.51.0;63.203.51.255;26.7153;-80.0534
63.203.52.0;63.203.53.255;39.0438;-77.4874
63.203.54.0;63.203.54.255;37.8049;-122.267
63.203.55.0;63.203.55.255;37.4933;-122.223
63.203.56.0;63.203.56.255;37.7912;-122.402
63.203.57.0;63.203.57.255;37.5153;-121.995
63.203.58.0;63.203.58.255;39.0438;-77.4874
63.203.59.0;63.203.59.255;37.7129;-122.414
63.203.60.0;63.203.60.255;37.7749;-122.419
63.203.61.0;63.203.61.255;37.7912;-122.402
63.203.62.0;63.203.62.255;37.2536;-121.825
63.203.63.0;63.203.63.255;39.0438;-77.4874
63.203.64.0;63.203.64.255;37.7912;-122.402
63.203.65.0;63.203.65.255;37.7672;-121.958
63.203.66.0;63.203.66.255;37.5098;-122.257
63.203.67.0;63.203.67.255;37.3783;-122.008
63.203.68.0;63.203.71.255;33.7488;-84.3877
63.203.72.0;63.203.79.255;39.0438;-77.4874
63.203.80.0;63.203.83.255;29.9511;-90.0715
63.203.84.0;63.203.85.31;39.0438;-77.4874
63.203.85.32;63.203.86.7;37.7749;-122.419
63.203.86.8;63.203.86.255;37.8039;-122.403
63.203.87.0;63.203.87.255;38.2439;-122.122
63.203.88.0;63.203.88.255;37.8144;-122.241
63.203.89.0;63.203.89.255;37.7884;-122.406
63.203.90.0;63.203.90.255;39.0438;-77.4874
63.203.91.0;63.203.91.255;37.3601;-121.976
63.203.92.0;63.203.95.255;33.7488;-84.3877
63.203.96.0;63.203.103.255;37.785;-122.396
63.203.104.0;63.203.107.255;33.7488;-84.3877
63.203.108.0;63.203.108.255;40.7128;-74.006
63.203.109.0;63.203.109.255;34.0517;-118.155
63.203.110.0;63.203.110.255;40.7128;-74.006
63.203.111.0;63.203.112.127;39.0438;-77.4874
63.203.112.128;63.203.112.255;33.8251;-117.861
63.203.113.0;63.203.113.255;33.7351;-118.334
63.203.114.0;63.203.114.255;39.0438;-77.4874
63.203.115.0;63.203.115.255;37.7912;-122.402
63.203.116.0;63.203.116.255;33.6779;-117.854
63.203.117.0;63.203.117.255;34.0549;-118.243
63.203.118.0;63.203.118.255;34.1564;-118.441
63.203.119.0;63.203.119.255;39.0438;-77.4874
63.203.120.0;63.203.121.15;34.0549;-118.243
63.203.121.16;63.203.121.231;39.0438;-77.4874
63.203.121.232;63.203.122.255;34.0549;-118.243
63.203.123.0;63.203.124.7;39.0438;-77.4874
63.203.124.8;63.203.125.15;34.0549;-118.243
63.203.125.16;63.203.126.7;39.0438;-77.4874
63.203.126.8;63.203.126.255;34.0549;-118.243
63.203.127.0;63.203.127.255;39.0438;-77.4874
63.203.128.0;63.203.128.255;34.0549;-118.243
63.203.129.0;63.203.129.255;33.6343;-117.719
63.203.130.0;63.203.130.255;33.9494;-118.349
63.203.131.0;63.203.131.255;34.0604;-118.416
63.203.132.0;63.203.132.255;39.0438;-77.4874
63.203.133.0;63.203.133.255;34.0549;-118.243
63.203.134.0;63.203.134.247;34.0824;-118.349
63.203.134.248;63.203.135.255;39.0438;-77.4874
63.203.136.0;63.203.136.255;34.0832;-118.341
63.203.137.0;63.203.137.255;33.9532;-118.371
63.203.138.0;63.203.138.255;33.6451;-117.742
63.203.139.0;63.203.139.255;34.1014;-118.333
63.203.140.0;63.203.140.255;33.6509;-117.838
63.203.141.0;63.203.141.255;33.6802;-117.842
63.203.142.0;63.203.142.255;33.6147;-117.87
63.203.143.0;63.203.143.255;33.9829;-117.376
63.203.144.0;63.203.144.255;39.0438;-77.4874
63.203.145.0;63.203.145.255;34.2612;-119.216
63.203.146.0;63.203.146.255;39.0438;-77.4874
63.203.147.0;63.203.147.255;34.16;-118.758
63.203.148.0;63.203.148.255;39.0438;-77.4874
63.203.149.0;63.203.149.255;34.0549;-118.243
63.203.150.0;63.203.150.255;33.9014;-118.392
63.203.151.0;63.203.151.255;34.0549;-118.243
63.203.152.0;63.203.152.255;34.4371;-118.588
63.203.153.0;63.203.153.255;34.1837;-118.534
63.203.154.0;63.203.154.255;34.1448;-118.202
63.203.155.0;63.203.155.255;39.0438;-77.4874
63.203.156.0;63.203.156.247;40.7128;-74.006
63.203.156.248;63.203.159.255;39.0438;-77.4874
63.203.160.0;63.203.163.255;29.9511;-90.0715
63.203.164.0;63.203.164.199;39.3004;-120.333
63.203.164.200;63.203.165.255;39.0438;-77.4874
63.203.166.0;63.203.166.255;39.2537;-121.034
63.203.167.0;63.203.167.255;39.0438;-77.4874
63.203.168.0;63.203.168.255;39.1411;-121.587
63.203.169.0;63.203.169.255;37.7912;-122.402
63.203.170.0;63.203.170.255;38.5778;-121.488
63.203.171.0;63.203.171.255;37.7857;-122.396
63.203.172.0;63.203.173.7;39.0438;-77.4874
63.203.173.8;63.203.174.7;38.5816;-121.494
63.203.174.8;63.203.174.255;38.5415;-121.746
63.203.175.0;63.203.176.47;39.0438;-77.4874
63.203.176.48;63.203.176.215;37.7723;-121.963
63.203.176.216;63.203.179.39;39.0438;-77.4874
63.203.179.40;63.203.179.255;34.0549;-118.243
63.203.180.0;63.203.183.255;39.0438;-77.4874
63.203.184.0;63.203.185.31;34.0549;-118.243
63.203.185.32;63.203.185.255;39.0438;-77.4874
63.203.186.0;63.203.186.255;34.058;-118.037
63.203.187.0;63.203.187.255;33.7485;-117.814
63.203.188.0;63.203.189.23;34.0549;-118.243
63.203.189.24;63.203.189.255;33.9061;-118.343
63.203.190.0;63.203.191.15;34.0549;-118.243
63.203.191.16;63.203.191.255;39.0438;-77.4874
63.203.192.0;63.203.192.255;37.7857;-122.396
63.203.193.0;63.203.193.255;37.7821;-122.243
63.203.194.0;63.203.194.255;37.7834;-122.241
63.203.195.0;63.203.195.255;37.4008;-122.071
63.203.196.0;63.203.196.255;39.0438;-77.4874
63.203.197.0;63.203.197.255;40.7128;-74.006
63.203.198.0;63.203.198.255;37.785;-122.396
63.203.199.0;63.203.199.255;39.0438;-77.4874
63.203.200.0;63.203.200.255;37.3218;-122.001
63.203.201.0;63.203.201.255;40.8685;-124.089
63.203.202.0;63.203.202.255;37.5054;-121.958
63.203.203.0;63.203.203.255;37.7749;-122.419
63.203.204.0;63.203.207.255;33.7488;-84.3877
63.203.208.0;63.203.208.239;37.3308;-121.946
63.203.208.240;63.203.209.255;39.0438;-77.4874
63.203.210.0;63.203.210.255;37.8854;-122.193
63.203.211.0;63.203.211.255;39.0438;-77.4874
63.203.212.0;63.203.215.255;29.9511;-90.0715
63.203.216.0;63.203.216.255;40.7128;-74.006
63.203.217.0;63.203.217.255;37.9799;-122.537
63.203.218.0;63.203.218.255;39.0438;-77.4874
63.203.219.0;63.203.219.255;37.825;-121.912
63.203.220.0;63.203.220.255;37.7912;-122.402
63.203.221.0;63.203.222.15;37.7749;-122.419
63.203.222.16;63.203.222.255;39.0438;-77.4874
63.203.223.0;63.203.223.255;37.3761;-121.96
63.203.224.0;63.203.224.255;39.0438;-77.4874
63.203.225.0;63.203.226.255;40.7128;-74.006
63.203.227.0;63.203.227.255;39.0438;-77.4874
63.203.228.0;63.203.228.255;37.7908;-122.403
63.203.229.0;63.203.229.255;39.0438;-77.4874
63.203.230.0;63.203.230.255;37.3431;-122.002
63.203.231.0;63.203.231.255;37.7928;-122.401
63.203.232.0;63.203.232.255;40.8021;-124.163
63.203.233.0;63.203.234.7;39.0438;-77.4874
63.203.234.8;63.203.234.255;37.7912;-122.402
63.203.235.0;63.203.235.255;37.5301;-122.304
63.203.236.0;63.203.236.255;39.0438;-77.4874
63.203.237.0;63.203.237.255;37.7749;-122.419
63.203.238.0;63.203.238.255;37.785;-122.396
63.203.239.0;63.203.239.255;39.0438;-77.4874
63.203.240.0;63.203.243.255;29.9511;-90.0715
63.203.244.0;63.203.244.255;37.7912;-122.402
63.203.245.0;63.203.245.255;37.7749;-122.419
63.203.246.0;63.203.246.255;33.7555;-84.3915
63.203.247.0;63.203.247.255;37.7912;-122.402
63.203.248.0;63.203.248.255;39.0438;-77.4874
63.203.249.0;63.203.249.239;37.785;-122.396
63.203.249.240;63.203.250.255;39.0438;-77.4874
63.203.251.0;63.203.251.255;37.5085;-122.251
63.203.252.0;63.203.252.255;38.0945;-122.559
63.203.253.0;63.203.253.255;37.3895;-121.883
63.203.254.0;63.203.254.255;37.3771;-121.985
63.203.255.0;63.203.255.255;39.0438;-77.4874
63.204.0.0;63.204.1.255;29.9511;-90.0715
63.204.2.0;63.204.2.255;38.1412;-85.6877
63.204.3.0;63.204.3.255;29.9511;-90.0715
63.204.4.0;63.204.4.255;37.7931;-122.393
63.204.5.0;63.204.5.255;39.4136;-123.355
63.204.6.0;63.204.6.191;37.7912;-122.402
63.204.6.192;63.204.7.255;39.0438;-77.4874
63.204.8.0;63.204.8.255;37.785;-122.396
63.204.9.0;63.204.9.255;39.0438;-77.4874
63.204.10.0;63.204.10.255;37.785;-122.396
63.204.11.0;63.204.12.7;39.0438;-77.4874
63.204.12.8;63.204.13.7;37.7912;-122.402
63.204.13.8;63.204.13.255;39.0438;-77.4874
63.204.14.0;63.204.14.255;37.785;-122.396
63.204.15.0;63.204.15.255;37.7912;-122.402
63.204.16.0;63.204.16.255;40.7128;-74.006
63.204.17.0;63.204.17.255;37.785;-122.396
63.204.18.0;63.204.18.255;39.0438;-77.4874
63.204.19.0;63.204.20.255;37.7749;-122.419
63.204.21.0;63.204.21.255;37.7912;-122.402
63.204.22.0;63.204.22.255;37.5008;-121.935
63.204.23.0;63.204.23.255;37.7749;-122.419
63.204.24.0;63.204.24.255;37.785;-122.396
63.204.25.0;63.204.25.255;39.0438;-77.4874
63.204.26.0;63.204.27.23;37.7912;-122.402
63.204.27.24;63.204.27.255;39.0438;-77.4874
63.204.28.0;63.204.28.255;37.4044;-122.112
63.204.29.0;63.204.29.255;39.0438;-77.4874
63.204.30.0;63.204.30.255;37.7749;-122.419
63.204.31.0;63.204.31.255;39.0438;-77.4874
63.204.32.0;63.204.32.255;40.7128;-74.006
63.204.33.0;63.204.34.71;34.0549;-118.243
63.204.34.72;63.204.34.255;39.0438;-77.4874
63.204.35.0;63.204.35.247;34.0549;-118.243
63.204.35.248;63.204.36.255;39.0438;-77.4874
63.204.37.0;63.204.37.255;34.0549;-118.243
63.204.38.0;63.204.38.255;39.0438;-77.4874
63.204.39.0;63.204.39.255;34.09;-118.388
63.204.40.0;63.204.41.7;34.0549;-118.243
63.204.41.8;63.204.41.255;37.7857;-122.396
63.204.42.0;63.204.43.71;34.0549;-118.243
63.204.43.72;63.204.43.255;37.7857;-122.396
63.204.44.0;63.204.45.39;34.0549;-118.243
63.204.45.40;63.204.46.7;39.0438;-77.4874
63.204.46.8;63.204.47.23;34.0549;-118.243
63.204.47.24;63.204.47.255;33.8074;-118.296
63.204.48.0;63.204.48.255;34.1349;-118.073
63.204.49.0;63.204.49.255;34.149;-118.251
63.204.50.0;63.204.50.255;33.9145;-118.329
63.204.51.0;63.204.51.255;33.0197;-96.746
63.204.52.0;63.204.52.255;39.0438;-77.4874
63.204.53.0;63.204.54.87;34.0549;-118.243
63.204.54.88;63.204.54.255;37.7857;-122.396
63.204.55.0;63.204.56.7;39.0438;-77.4874
63.204.56.8;63.204.56.255;34.0549;-118.243
63.204.57.0;63.204.57.255;34.4198;-118.453
63.204.58.0;63.204.58.255;39.0438;-77.4874
63.204.59.0;63.204.59.255;40.7128;-74.006
63.204.60.0;63.204.60.255;34.0549;-118.243
63.204.61.0;63.204.61.255;40.7128;-74.006
63.204.62.0;63.204.63.63;34.0549;-118.243
63.204.63.64;63.204.63.255;39.0438;-77.4874
63.204.64.0;63.204.64.255;40.7128;-74.006
63.204.65.0;63.204.65.255;39.0438;-77.4874
63.204.66.0;63.204.67.79;38.5816;-121.494
63.204.67.80;63.204.67.255;39.0438;-77.4874
63.204.68.0;63.204.69.175;38.5816;-121.494
63.204.69.176;63.204.69.255;39.0438;-77.4874
63.204.70.0;63.204.70.255;37.7857;-122.396
63.204.71.0;63.204.71.255;38.5816;-121.494
63.204.72.0;63.204.75.255;33.7488;-84.3877
63.204.76.0;63.204.77.31;38.5816;-121.494
63.204.77.32;63.204.77.255;38.5975;-121.501
63.204.78.0;63.204.78.255;39.2625;-121.012
63.204.79.0;63.204.79.255;38.6322;-121.213
63.204.80.0;63.204.80.255;39.0438;-77.4874
63.204.81.0;63.204.81.255;29.6455;-98.6595
63.204.82.0;63.204.82.255;37.7857;-122.396
63.204.83.0;63.204.83.255;40.7128;-74.006
63.204.84.0;63.204.85.7;37.9577;-121.291
63.204.85.8;63.204.85.255;37.6551;-120.976
63.204.86.0;63.204.87.15;37.9577;-121.291
63.204.87.16;63.204.87.255;37.7912;-122.402
63.204.88.0;63.204.91.255;29.9511;-90.0715
63.204.92.0;63.204.92.255;37.7394;-121.423
63.204.93.0;63.204.93.175;37.7539;-121.443
63.204.93.176;63.204.94.255;39.0438;-77.4874
63.204.95.0;63.204.96.255;40.7128;-74.006
63.204.97.0;63.204.97.255;32.8774;-117.208
63.204.98.0;63.204.99.63;39.0438;-77.4874
63.204.99.64;63.204.99.255;37.7749;-122.419
63.204.100.0;63.204.101.15;32.7157;-117.161
63.204.101.16;63.204.101.255;37.7672;-121.958
63.204.102.0;63.204.102.255;32.7157;-117.161
63.204.103.0;63.204.103.255;39.0438;-77.4874
63.204.104.0;63.204.107.255;34.0007;-81.0348
63.204.108.0;63.204.109.135;32.7157;-117.161
63.204.109.136;63.204.109.255;39.0438;-77.4874
63.204.110.0;63.204.111.39;32.7157;-117.161
63.204.111.40;63.204.111.255;32.8483;-117.275
63.204.112.0;63.204.113.135;39.0438;-77.4874
63.204.113.136;63.204.113.255;32.7157;-117.161
63.204.114.0;63.204.114.255;37.7857;-122.396
63.204.115.0;63.204.115.255;39.0438;-77.4874
63.204.116.0;63.204.119.255;34.0007;-81.0348
63.204.120.0;63.204.120.255;32.7157;-117.161
63.204.121.0;63.204.121.255;32.873;-116.93
63.204.122.0;63.204.122.255;33.12;-117.27
63.204.123.0;63.204.123.255;32.7157;-117.161
63.204.124.0;63.204.124.255;33.0198;-96.7461
63.204.125.0;63.204.125.255;32.8428;-116.96
63.204.126.0;63.204.126.255;32.7194;-117.168
63.204.127.0;63.204.127.255;32.8321;-117.231
63.204.128.0;63.204.128.255;37.893;-122.063
63.204.129.0;63.204.129.255;37.7749;-122.419
63.204.130.0;63.204.131.255;37.8013;-122.271
63.204.132.0;63.204.135.255;34.0549;-118.243
63.204.136.0;63.204.136.255;37.7912;-122.402
63.204.137.0;63.204.138.15;37.785;-122.396
63.204.138.16;63.204.138.255;37.7912;-122.402
63.204.139.0;63.204.140.39;37.785;-122.396
63.204.140.40;63.204.141.15;39.0438;-77.4874
63.204.141.16;63.204.141.255;37.7857;-122.396
63.204.142.0;63.204.142.255;37.7912;-122.402
63.204.143.0;63.204.143.255;37.785;-122.396
63.204.144.0;63.204.144.255;39.0438;-77.4874
63.204.145.0;63.204.145.255;32.9918;-96.7108
63.204.146.0;63.204.146.255;39.0438;-77.4874
63.204.147.0;63.204.147.255;37.511;-121.994
63.204.148.0;63.204.149.255;37.7163;-122.18
63.204.150.0;63.204.150.255;39.0438;-77.4874
63.204.151.0;63.204.151.255;37.7749;-122.419
63.204.152.0;63.204.152.255;37.7857;-122.396
63.204.153.0;63.204.153.247;37.785;-122.396
63.204.153.248;63.204.154.255;39.0438;-77.4874
63.204.155.0;63.204.155.255;37.7912;-122.402
63.204.156.0;63.204.156.255;39.0438;-77.4874
63.204.157.0;63.204.157.255;37.7749;-122.419
63.204.158.0;63.204.158.255;39.0438;-77.4874
63.204.159.0;63.204.159.255;37.7912;-122.402
63.204.160.0;63.204.160.255;34.0549;-118.243
63.204.161.0;63.204.163.255;39.0438;-77.4874
63.204.164.0;63.204.164.255;34.0549;-118.243
63.204.165.0;63.204.166.7;39.0438;-77.4874
63.204.166.8;63.204.167.23;34.0549;-118.243
63.204.167.24;63.204.167.255;40.7128;-74.006
63.204.168.0;63.204.168.127;37.7749;-122.419
63.204.168.128;63.204.169.255;39.0438;-77.4874
63.204.170.0;63.204.171.255;33.7607;-118.264
63.204.172.0;63.204.172.255;34.0549;-118.243
63.204.173.0;63.204.173.255;39.0438;-77.4874
63.204.174.0;63.204.175.79;34.0549;-118.243
63.204.175.80;63.204.175.255;39.0438;-77.4874
63.204.176.0;63.204.180.31;34.0549;-118.243
63.204.180.32;63.204.180.255;40.7128;-74.006
63.204.181.0;63.204.182.31;34.0549;-118.243
63.204.182.32;63.204.182.255;37.7857;-122.396
63.204.183.0;63.204.184.31;34.0549;-118.243
63.204.184.32;63.204.184.255;39.0438;-77.4874
63.204.185.0;63.204.186.95;34.0549;-118.243
63.204.186.96;63.204.186.255;39.0438;-77.4874
63.204.187.0;63.204.187.255;34.0549;-118.243
63.204.188.0;63.204.188.255;39.0438;-77.4874
63.204.189.0;63.204.189.255;34.064;-118.289
63.204.190.0;63.204.190.255;37.7787;-122.413
63.204.191.0;63.204.191.255;34.0549;-118.243
63.204.192.0;63.204.193.15;37.785;-122.396
63.204.193.16;63.204.193.255;39.0438;-77.4874
63.204.194.0;63.204.194.255;37.785;-122.396
63.204.195.0;63.204.195.255;40.7128;-74.006
63.204.196.0;63.204.197.7;37.785;-122.396
63.204.197.8;63.204.197.255;37.7912;-122.402
63.204.198.0;63.204.198.255;37.785;-122.396
63.204.199.0;63.204.199.255;37.7912;-122.402
63.204.200.0;63.204.202.255;39.0438;-77.4874
63.204.203.0;63.204.203.255;37.7857;-122.396
63.204.204.0;63.204.204.255;37.6886;-121.896
63.204.205.0;63.204.205.255;37.38;-121.907
63.204.206.0;63.204.206.255;37.5784;-122.323
63.204.207.0;63.204.208.15;39.0438;-77.4874
63.204.208.16;63.204.208.247;37.785;-122.396
63.204.208.248;63.204.209.255;39.0438;-77.4874
63.204.210.0;63.204.210.255;37.7912;-122.402
63.204.211.0;63.204.211.255;39.0438;-77.4874
63.204.212.0;63.204.212.255;38.1219;-122.237
63.204.213.0;63.204.213.255;37.785;-122.396
63.204.214.0;63.204.214.255;37.7912;-122.402
63.204.215.0;63.204.215.255;37.785;-122.396
63.204.216.0;63.204.216.255;40.7128;-74.006
63.204.217.0;63.204.217.255;37.785;-122.396
63.204.218.0;63.204.218.255;37.5939;-122.365
63.204.219.0;63.204.219.255;37.4769;-122.225
63.204.220.0;63.204.220.255;37.3919;-122.023
63.204.221.0;63.204.221.255;37.7749;-122.419
63.204.222.0;63.204.223.255;36.9494;-121.877
63.204.224.0;63.204.224.255;37.7857;-122.396
63.204.225.0;63.204.226.7;34.0549;-118.243
63.204.226.8;63.204.226.255;39.0438;-77.4874
63.204.227.0;63.204.228.15;34.0549;-118.243
63.204.228.16;63.204.228.255;39.0438;-77.4874
63.204.229.0;63.204.230.63;34.0549;-118.243
63.204.230.64;63.204.230.255;39.0438;-77.4874
63.204.231.0;63.204.231.255;34.0549;-118.243
63.204.232.0;63.204.232.255;33.8604;-117.793
63.204.233.0;63.204.233.255;34.1459;-118.777
63.204.234.0;63.204.234.255;34.0897;-118.341
63.204.235.0;63.204.235.255;39.0438;-77.4874
63.204.236.0;63.204.239.255;47.2529;-122.444
63.204.240.0;63.204.240.255;34.0549;-118.243
63.204.241.0;63.204.242.255;40.7128;-74.006
63.204.243.0;63.204.243.255;32.9918;-96.7108
63.204.244.0;63.204.244.255;34.0549;-118.243
63.204.245.0;63.204.245.239;37.7848;-122.395
63.204.245.240;63.204.247.7;39.0438;-77.4874
63.204.247.8;63.204.252.23;34.0549;-118.243
63.204.252.24;63.204.252.255;40.7128;-74.006
63.204.253.0;63.204.254.71;34.0549;-118.243
63.204.254.72;63.204.254.255;39.0438;-77.4874
63.204.255.0;63.204.255.255;34.0549;-118.243
63.205.0.0;63.205.0.255;39.0438;-77.4874
63.205.1.0;63.205.1.255;38.5816;-121.494
63.205.2.0;63.205.2.255;38.5152;-121.371
63.205.3.0;63.205.4.23;38.5816;-121.494
63.205.4.24;63.205.5.255;39.0438;-77.4874
63.205.6.0;63.205.6.255;38.8986;-121.072
63.205.7.0;63.205.7.255;38.5816;-121.494
63.205.8.0;63.205.11.255;47.2529;-122.444
63.205.12.0;63.205.15.255;33.0197;-96.7089
63.205.16.0;63.205.17.47;36.6002;-121.895
63.205.17.48;63.205.17.255;36.6725;-121.648
63.205.18.0;63.205.18.255;36.6162;-121.837
63.205.19.0;63.205.19.255;36.6002;-121.895
63.205.20.0;63.205.20.255;28.8108;-81.8779
63.205.21.0;63.205.21.255;39.0438;-77.4874
63.205.22.0;63.205.22.255;36.6611;-121.661
63.205.23.0;63.205.23.255;39.0438;-77.4874
63.205.24.0;63.205.24.255;36.5847;-121.852
63.205.25.0;63.205.25.255;37.7749;-122.419
63.205.26.0;63.205.26.239;36.6548;-121.662
63.205.26.240;63.205.28.15;39.0438;-77.4874
63.205.28.16;63.205.28.231;36.6002;-121.895
63.205.28.232;63.205.30.7;39.0438;-77.4874
63.205.30.8;63.205.30.255;36.6002;-121.895
63.205.31.0;63.205.31.255;36.5959;-121.892
63.205.32.0;63.205.32.255;34.061;-118.414
63.205.33.0;63.205.33.255;40.7128;-74.006
63.205.34.0;63.205.34.255;34.1019;-118.343
63.205.35.0;63.205.35.255;39.0438;-77.4874
63.205.36.0;63.205.36.255;34.0624;-118.335
63.205.37.0;63.205.37.255;33.7979;-118.252
63.205.38.0;63.205.38.255;34.0714;-118.401
63.205.39.0;63.205.39.255;34.0982;-118.353
63.205.40.0;63.205.47.255;37.785;-122.396
63.205.48.0;63.205.51.255;29.9511;-90.0715
63.205.52.0;63.205.52.255;40.7128;-74.006
63.205.53.0;63.205.53.255;39.0438;-77.4874
63.205.54.0;63.205.54.255;33.9551;-118.37
63.205.55.0;63.205.55.255;34.115;-118.122
63.205.56.0;63.205.56.255;40.7128;-74.006
63.205.57.0;63.205.59.255;39.0438;-77.4874
63.205.60.0;63.205.63.255;29.9511;-90.0715
63.205.64.0;63.205.72.255;39.0438;-77.4874
63.205.73.0;63.205.73.255;37.78;-122.457
63.205.74.0;63.205.74.255;37.7912;-122.402
63.205.75.0;63.205.75.255;37.5663;-122.31
63.205.76.0;63.205.76.247;37.7749;-122.419
63.205.76.248;63.205.77.255;39.0438;-77.4874
63.205.78.0;63.205.78.255;37.7857;-122.396
63.205.79.0;63.205.79.255;37.931;-122.056
63.205.80.0;63.205.83.255;29.9511;-90.0715
63.205.84.0;63.205.85.7;37.7912;-122.402
63.205.85.8;63.205.85.255;39.0438;-77.4874
63.205.86.0;63.205.86.255;40.7128;-74.006
63.205.87.0;63.205.88.255;39.0438;-77.4874
63.205.89.0;63.205.90.255;37.5393;-122.256
63.205.91.0;63.205.91.255;37.7873;-122.398
63.205.92.0;63.205.93.15;39.0438;-77.4874
63.205.93.16;63.205.94.7;37.7749;-122.419
63.205.94.8;63.205.95.15;39.0438;-77.4874
63.205.95.16;63.205.95.255;37.3794;-122.115
63.205.96.0;63.205.96.255;34.1449;-118.133
63.205.97.0;63.205.99.231;39.0438;-77.4874
63.205.99.232;63.205.99.255;34.0549;-118.243
63.205.100.0;63.205.100.255;34.0498;-118.276
63.205.101.0;63.205.101.255;29.4458;-98.496
63.205.102.0;63.205.102.255;34.0549;-118.243
63.205.103.0;63.205.103.255;34.0988;-118.328
63.205.104.0;63.205.107.255;29.9511;-90.0715
63.205.108.0;63.205.108.255;34.0549;-118.243
63.205.109.0;63.205.109.175;33.9896;-118.349
63.205.109.176;63.205.111.15;39.0438;-77.4874
63.205.111.16;63.205.111.255;34.0549;-118.243
63.205.112.0;63.205.112.255;33.6905;-117.86
63.205.113.0;63.205.113.255;33.8923;-117.931
63.205.114.0;63.205.114.239;34.0549;-118.243
63.205.114.240;63.205.115.255;39.0438;-77.4874
63.205.116.0;63.205.116.255;34.0603;-118.314
63.205.117.0;63.205.117.255;34.0549;-118.243
63.205.118.0;63.205.118.255;34.2048;-118.466
63.205.119.0;63.205.120.7;34.0549;-118.243
63.205.120.8;63.205.120.255;37.7912;-122.402
63.205.121.0;63.205.122.255;39.0438;-77.4874
63.205.123.0;63.205.123.255;34.1448;-118.131
63.205.124.0;63.205.125.7;34.0549;-118.243
63.205.125.8;63.205.126.7;39.0438;-77.4874
63.205.126.8;63.205.126.255;34.0549;-118.243
63.205.127.0;63.205.127.255;34.2085;-118.422
63.205.128.0;63.205.135.255;34.0549;-118.243
63.205.136.0;63.205.139.255;29.9511;-90.0715
63.205.140.0;63.205.143.255;34.0549;-118.243
63.205.144.0;63.205.147.255;29.9511;-90.0715
63.205.148.0;63.205.148.255;34.0549;-118.243
63.205.149.0;63.205.149.255;34.0522;-118.244
63.205.150.0;63.205.150.255;34.0549;-118.243
63.205.151.0;63.205.151.247;33.9056;-118.221
63.205.151.248;63.205.152.255;39.0438;-77.4874
63.205.153.0;63.205.153.255;34.0653;-118.376
63.205.154.0;63.205.154.255;34.0549;-118.243
63.205.155.0;63.205.155.255;34.4389;-118.577
63.205.156.0;63.205.158.7;39.0438;-77.4874
63.205.158.8;63.205.158.255;34.0549;-118.243
63.205.159.0;63.205.159.255;34.0733;-118.374
63.205.160.0;63.205.160.255;37.786;-122.409
63.205.161.0;63.205.161.255;37.7815;-122.402
63.205.162.0;63.205.162.255;39.0438;-77.4874
63.205.163.0;63.205.164.7;37.7912;-122.402
63.205.164.8;63.205.164.255;37.419;-122.082
63.205.165.0;63.205.166.7;37.7912;-122.402
63.205.166.8;63.205.166.247;37.7556;-122.424
63.205.166.248;63.205.167.255;39.0438;-77.4874
63.205.168.0;63.205.168.255;37.7857;-122.396
63.205.169.0;63.205.169.255;37.785;-122.396
63.205.170.0;63.205.171.7;37.7749;-122.419
63.205.171.8;63.205.171.255;39.0438;-77.4874
63.205.172.0;63.205.172.255;37.4466;-122.146
63.205.173.0;63.205.173.255;37.8016;-122.414
63.205.174.0;63.205.175.7;37.7912;-122.402
63.205.175.8;63.205.175.255;37.7749;-122.419
63.205.176.0;63.205.177.255;37.785;-122.396
63.205.178.0;63.205.178.255;37.7976;-121.902
63.205.179.0;63.205.179.255;39.0438;-77.4874
63.205.180.0;63.205.180.255;37.7749;-122.419
63.205.181.0;63.205.181.223;37.7912;-122.402
63.205.181.224;63.205.182.255;37.785;-122.396
63.205.183.0;63.205.183.255;37.7912;-122.402
63.205.184.0;63.205.187.255;29.9511;-90.0715
63.205.188.0;63.205.188.255;37.3325;-121.892
63.205.189.0;63.205.189.255;39.0438;-77.4874
63.205.190.0;63.205.190.247;37.7912;-122.402
63.205.190.248;63.205.191.255;39.0438;-77.4874
63.205.192.0;63.205.195.255;33.6833;-117.834
63.205.196.0;63.205.196.255;33.9534;-117.396
63.205.197.0;63.205.199.255;33.6833;-117.834
63.205.200.0;63.205.201.95;37.3986;-121.964
63.205.201.96;63.205.201.111;37.3811;-121.817
63.205.201.112;63.205.207.255;37.3986;-121.964
63.205.208.0;63.205.208.255;38.5816;-121.494
63.205.209.0;63.205.209.255;37.7912;-122.402
63.205.210.0;63.205.211.7;38.5816;-121.494
63.205.211.8;63.205.211.255;39.1179;-121.618
63.205.212.0;63.205.214.255;29.9511;-90.0715
63.205.215.0;63.205.215.255;30.2752;-89.7812
63.205.216.0;63.205.217.31;38.5816;-121.494
63.205.217.32;63.205.217.255;39.1434;-121.628
63.205.218.0;63.205.219.255;38.5992;-121.46
63.205.220.0;63.205.220.255;38.5973;-121.275
63.205.221.0;63.205.221.255;39.0438;-77.4874
63.205.222.0;63.205.223.255;38.6556;-121.477
63.205.224.0;63.205.224.239;37.7912;-122.402
63.205.224.240;63.205.226.7;39.0438;-77.4874
63.205.226.8;63.205.226.255;37.7749;-122.419
63.205.227.0;63.205.227.255;38.9586;-77.357
63.205.228.0;63.205.228.255;37.785;-122.396
63.205.229.0;63.205.229.255;40.7128;-74.006
63.205.230.0;63.205.230.255;37.7912;-122.402
63.205.231.0;63.205.231.255;37.7749;-122.419
63.205.232.0;63.205.233.7;39.0438;-77.4874
63.205.233.8;63.205.233.255;37.7749;-122.419
63.205.234.0;63.205.234.255;37.5947;-122.364
63.205.235.0;63.205.235.255;38.0713;-122.529
63.205.236.0;63.205.239.255;29.9511;-90.0715
63.205.240.0;63.205.240.255;37.7749;-122.419
63.205.241.0;63.205.241.255;40.7128;-74.006
63.205.242.0;63.205.242.255;38.9586;-77.357
63.205.243.0;63.205.243.247;37.785;-122.396
63.205.243.248;63.205.244.255;39.0438;-77.4874
63.205.245.0;63.205.245.255;37.7912;-122.402
63.205.246.0;63.205.246.255;37.785;-122.396
63.205.247.0;63.205.247.255;39.0438;-77.4874
63.205.248.0;63.205.248.255;37.785;-122.396
63.205.249.0;63.205.249.255;37.7857;-122.398
63.205.250.0;63.205.250.255;37.7912;-122.402
63.205.251.0;63.205.251.255;37.785;-122.396
63.205.252.0;63.205.254.159;39.0438;-77.4874
63.205.254.160;63.205.254.255;37.7766;-122.392
63.205.255.0;63.205.255.255;37.785;-122.396
63.206.0.0;63.206.0.255;39.0438;-77.4874
63.206.1.0;63.206.1.191;34.1459;-118.141
63.206.1.192;63.206.2.255;39.0438;-77.4874
63.206.3.0;63.206.3.255;32.9483;-96.7299
63.206.4.0;63.206.4.255;39.0438;-77.4874
63.206.5.0;63.206.5.255;34.0549;-118.243
63.206.6.0;63.206.6.255;34.0543;-118.428
63.206.7.0;63.206.7.255;34.0549;-118.243
63.206.8.0;63.206.8.255;33.787;-118.327
63.206.9.0;63.206.9.255;39.0438;-77.4874
63.206.10.0;63.206.10.255;34.0549;-118.243
63.206.11.0;63.206.11.255;33.5681;-117.671
63.206.12.0;63.206.12.255;34.0549;-118.243
63.206.13.0;63.206.13.255;33.8745;-117.903
63.206.14.0;63.206.14.255;34.1742;-118.329
63.206.15.0;63.206.15.255;39.0438;-77.4874
63.206.16.0;63.206.19.255;29.9511;-90.0715
63.206.20.0;63.206.20.255;34.1126;-118.027
63.206.21.0;63.206.21.255;34.0317;-118.229
63.206.22.0;63.206.23.7;34.0549;-118.243
63.206.23.8;63.206.23.255;40.7128;-74.006
63.206.24.0;63.206.28.23;39.0438;-77.4874
63.206.28.24;63.206.29.7;34.0549;-118.243
63.206.29.8;63.206.29.255;37.7912;-122.402
63.206.30.0;63.206.30.255;34.0549;-118.243
63.206.31.0;63.206.31.255;39.0438;-77.4874
63.206.32.0;63.206.33.31;32.7157;-117.161
63.206.33.32;63.206.33.255;32.9805;-117.13
63.206.34.0;63.206.35.23;32.7157;-117.161
63.206.35.24;63.206.35.255;39.0438;-77.4874
63.206.36.0;63.206.36.255;37.7912;-122.402
63.206.37.0;63.206.37.255;32.7483;-117.199
63.206.38.0;63.206.39.255;39.0438;-77.4874
63.206.40.0;63.206.40.255;32.7157;-117.161
63.206.41.0;63.206.41.255;32.6763;-117.105
63.206.42.0;63.206.42.255;39.0438;-77.4874
63.206.43.0;63.206.43.255;32.7157;-117.161
63.206.44.0;63.206.44.255;32.672;-117.105
63.206.45.0;63.206.45.255;40.7547;-73.9864
63.206.46.0;63.206.47.127;39.0438;-77.4874
63.206.47.128;63.206.47.255;33.1248;-117.269
63.206.48.0;63.206.48.255;39.0438;-77.4874
63.206.49.0;63.206.49.255;40.7128;-74.006
63.206.50.0;63.206.50.255;32.7194;-117.221
63.206.51.0;63.206.51.255;32.946;-117.216
63.206.52.0;63.206.52.255;32.7145;-117.174
63.206.53.0;63.206.53.255;32.893;-117.201
63.206.54.0;63.206.55.15;32.7157;-117.161
63.206.55.16;63.206.56.7;39.0438;-77.4874
63.206.56.8;63.206.57.7;32.7157;-117.161
63.206.57.8;63.206.57.255;33.0464;-117.281
63.206.58.0;63.206.59.15;32.7157;-117.161
63.206.59.16;63.206.60.143;39.0438;-77.4874
63.206.60.144;63.206.60.151;32.7157;-117.161
63.206.60.152;63.206.62.79;39.0438;-77.4874
63.206.62.80;63.206.62.255;32.7157;-117.161
63.206.63.0;63.206.63.255;39.0438;-77.4874
63.206.64.0;63.206.64.255;37.7749;-122.419
63.206.65.0;63.206.65.255;37.785;-122.396
63.206.66.0;63.206.66.255;37.7749;-122.419
63.206.67.0;63.206.67.255;37.5969;-122.367
63.206.68.0;63.206.68.255;37.8711;-122.278
63.206.69.0;63.206.69.255;37.7749;-122.419
63.206.70.0;63.206.70.255;39.0438;-77.4874
63.206.71.0;63.206.71.255;37.5756;-122.346
63.206.72.0;63.206.73.255;39.0438;-77.4874
63.206.74.0;63.206.74.255;37.7749;-122.419
63.206.75.0;63.206.75.255;37.7768;-122.396
63.206.76.0;63.206.77.15;37.7749;-122.419
63.206.77.16;63.206.77.255;39.0438;-77.4874
63.206.78.0;63.206.79.47;37.7749;-122.419
63.206.79.48;63.206.79.255;39.0438;-77.4874
63.206.80.0;63.206.80.255;36.9829;-122.003
63.206.81.0;63.206.81.255;39.0438;-77.4874
63.206.82.0;63.206.82.255;42.6526;-73.7562
63.206.83.0;63.206.83.255;37.7749;-122.419
63.206.84.0;63.206.84.255;39.0438;-77.4874
63.206.85.0;63.206.85.255;37.7749;-122.419
63.206.86.0;63.206.86.255;39.0438;-77.4874
63.206.87.0;63.206.87.255;37.7912;-122.402
63.206.88.0;63.206.88.255;39.0438;-77.4874
63.206.89.0;63.206.89.255;40.7128;-74.006
63.206.90.0;63.206.95.255;39.0438;-77.4874
63.206.96.0;63.206.96.255;34.6036;-98.3959
63.206.97.0;63.206.97.255;37.785;-122.396
63.206.98.0;63.206.99.23;37.7912;-122.402
63.206.99.24;63.206.99.255;39.0438;-77.4874
63.206.100.0;63.206.103.255;29.9511;-90.0715
63.206.104.0;63.206.104.255;37.7857;-122.396
63.206.105.0;63.206.105.255;37.7851;-122.408
63.206.106.0;63.206.106.255;40.7128;-74.006
63.206.107.0;63.206.108.7;39.0438;-77.4874
63.206.108.8;63.206.108.255;37.7749;-122.419
63.206.109.0;63.206.110.7;37.785;-122.396
63.206.110.8;63.206.110.255;37.7912;-122.402
63.206.111.0;63.206.111.255;39.0438;-77.4874
63.206.112.0;63.206.112.255;37.7912;-122.402
63.206.113.0;63.206.113.255;39.0438;-77.4874
63.206.114.0;63.206.114.255;37.5673;-122.33
63.206.115.0;63.206.115.255;37.7749;-122.419
63.206.116.0;63.206.123.255;29.9511;-90.0715
63.206.124.0;63.206.125.255;39.0438;-77.4874
63.206.126.0;63.206.126.255;37.7888;-122.4
63.206.127.0;63.206.127.255;37.754;-122.479
63.206.128.0;63.206.128.255;39.0438;-77.4874
63.206.129.0;63.206.129.255;33.6769;-117.86
63.206.130.0;63.206.131.39;34.0549;-118.243
63.206.131.40;63.206.131.255;39.0438;-77.4874
63.206.132.0;63.206.132.255;34.0529;-118.252
63.206.133.0;63.206.133.255;40.7128;-74.006
63.206.134.0;63.206.134.239;34.4335;-118.589
63.206.134.240;63.206.135.255;37.785;-122.396
63.206.136.0;63.206.143.255;37.7857;-122.396
63.206.144.0;63.206.144.255;33.7973;-118.292
63.206.145.0;63.206.145.255;34.061;-118.415
63.206.146.0;63.206.146.255;33.7593;-117.822
63.206.147.0;63.206.148.255;39.0438;-77.4874
63.206.149.0;63.206.149.255;40.7128;-74.006
63.206.150.0;63.206.150.255;34.0177;-118.401
63.206.151.0;63.206.151.255;37.7749;-122.419
63.206.152.0;63.206.152.215;34.0549;-118.243
63.206.152.216;63.206.153.255;40.7128;-74.006
63.206.154.0;63.206.155.23;34.0549;-118.243
63.206.155.24;63.206.155.255;39.0438;-77.4874
63.206.156.0;63.206.156.255;33.9955;-118.144
63.206.157.0;63.206.157.255;34.0621;-118.314
63.206.158.0;63.206.159.255;39.0438;-77.4874
63.206.160.0;63.206.160.255;37.9913;-121.289
63.206.161.0;63.206.161.255;39.0438;-77.4874
63.206.162.0;63.206.162.255;37.5906;-120.95
63.206.163.0;63.206.163.255;37.5885;-120.991
63.206.164.0;63.206.164.255;37.9577;-121.291
63.206.165.0;63.206.166.255;40.7128;-74.006
63.206.167.0;63.206.167.255;39.0438;-77.4874
63.206.168.0;63.206.171.255;29.9511;-90.0715
63.206.172.0;63.206.176.7;39.0438;-77.4874
63.206.176.8;63.206.176.255;37.9577;-121.291
63.206.177.0;63.206.177.255;39.0438;-77.4874
63.206.178.0;63.206.178.255;37.9577;-121.291
63.206.179.0;63.206.180.23;39.0438;-77.4874
63.206.180.24;63.206.180.255;37.6258;-120.991
63.206.181.0;63.206.181.255;38.4816;-120.847
63.206.182.0;63.206.183.255;37.6392;-120.93
63.206.184.0;63.206.184.255;39.0438;-77.4874
63.206.185.0;63.206.185.255;40.7128;-74.006
63.206.186.0;63.206.187.55;39.0438;-77.4874
63.206.187.56;63.206.188.7;37.9577;-121.291
63.206.188.8;63.206.188.255;37.6342;-120.981
63.206.189.0;63.206.190.23;37.9577;-121.291
63.206.190.24;63.206.191.7;39.0438;-77.4874
63.206.191.8;63.206.191.255;37.9577;-121.291
63.206.192.0;63.206.199.255;39.0438;-77.4874
63.206.200.0;63.206.200.255;38.2378;-122.637
63.206.201.0;63.206.201.255;37.707;-122.17
63.206.202.0;63.206.202.255;37.3904;-122.081
63.206.203.0;63.206.203.255;37.7857;-122.396
63.206.204.0;63.206.204.255;39.0438;-77.4874
63.206.205.0;63.206.205.255;37.3868;-121.988
63.206.206.0;63.206.206.255;39.0515;-122.917
63.206.207.0;63.206.207.255;39.0438;-77.4874
63.206.208.0;63.206.208.255;37.785;-122.396
63.206.209.0;63.206.209.255;37.5326;-122.325
63.206.210.0;63.206.210.255;37.3487;-122.042
63.206.211.0;63.206.211.255;37.3813;-121.942
63.206.212.0;63.206.213.255;39.0438;-77.4874
63.206.214.0;63.206.214.255;37.785;-122.396
63.206.215.0;63.206.215.255;40.7128;-74.006
63.206.216.0;63.206.216.255;37.7857;-122.396
63.206.217.0;63.206.217.255;37.7904;-122.269
63.206.218.0;63.206.218.255;39.0438;-77.4874
63.206.219.0;63.206.219.255;37.785;-122.396
63.206.220.0;63.206.220.255;40.7128;-74.006
63.206.221.0;63.206.221.255;37.7749;-122.419
63.206.222.0;63.206.223.255;39.0438;-77.4874
63.206.224.0;63.206.224.255;33.9494;-118.349
63.206.225.0;63.206.226.7;39.0438;-77.4874
63.206.226.8;63.206.226.191;34.0549;-118.243
63.206.226.192;63.206.229.7;39.0438;-77.4874
63.206.229.8;63.206.229.255;33.6712;-117.858
63.206.230.0;63.206.230.255;47.6694;-122.122
63.206.231.0;63.206.231.255;34.0549;-118.243
63.206.232.0;63.206.233.255;37.785;-122.396
63.206.234.0;63.206.235.255;39.0438;-77.4874
63.206.236.0;63.206.239.255;34.1352;-118.644
63.206.240.0;63.206.243.255;29.9511;-90.0715
63.206.244.0;63.206.244.255;34.0549;-118.243
63.206.245.0;63.206.245.255;40.7128;-74.006
63.206.246.0;63.206.246.223;34.0549;-118.243
63.206.246.224;63.206.247.255;39.0438;-77.4874
63.206.248.0;63.206.249.7;34.0549;-118.243
63.206.249.8;63.206.249.255;39.0438;-77.4874
63.206.250.0;63.206.250.255;33.4321;-117.628
63.206.251.0;63.206.251.255;33.6492;-117.932
63.206.252.0;63.206.253.15;39.0438;-77.4874
63.206.253.16;63.206.254.23;34.0549;-118.243
63.206.254.24;63.206.254.255;34.0788;-118.309
63.206.255.0;63.206.255.255;34.0587;-118.18
63.207.0.0;63.207.0.255;37.7912;-122.402
63.207.1.0;63.207.1.255;37.7875;-122.428
63.207.2.0;63.207.2.255;37.7912;-122.402
63.207.3.0;63.207.3.255;37.785;-122.396
63.207.4.0;63.207.4.255;39.0438;-77.4874
63.207.5.0;63.207.5.255;37.7912;-122.402
63.207.6.0;63.207.6.255;37.5214;-122.337
63.207.7.0;63.207.7.255;37.7749;-122.419
63.207.8.0;63.207.8.255;37.785;-122.396
63.207.9.0;63.207.9.255;39.0438;-77.4874
63.207.10.0;63.207.10.255;40.7128;-74.006
63.207.11.0;63.207.11.255;39.0438;-77.4874
63.207.12.0;63.207.15.255;29.9511;-90.0715
63.207.16.0;63.207.16.255;37.785;-122.396
63.207.17.0;63.207.17.255;36.9757;-121.893
63.207.18.0;63.207.18.255;37.8087;-122.41
63.207.19.0;63.207.19.255;37.7749;-122.419
63.207.20.0;63.207.20.255;37.9166;-122.34
63.207.21.0;63.207.21.255;37.8909;-122.292
63.207.22.0;63.207.22.247;37.7749;-122.419
63.207.22.248;63.207.23.255;39.0438;-77.4874
63.207.24.0;63.207.24.255;40.7128;-74.006
63.207.25.0;63.207.25.255;37.785;-122.396
63.207.26.0;63.207.26.255;40.7128;-74.006
63.207.27.0;63.207.27.255;37.0608;-122.008
63.207.28.0;63.207.28.255;37.785;-122.396
63.207.29.0;63.207.29.255;37.9082;-122.068
63.207.30.0;63.207.30.255;39.0438;-77.4874
63.207.31.0;63.207.31.255;37.7913;-122.402
63.207.32.0;63.207.32.255;34.3808;-118.532
63.207.33.0;63.207.33.255;34.0549;-118.243
63.207.34.0;63.207.36.127;39.0438;-77.4874
63.207.36.128;63.207.36.255;34.0326;-118.261
63.207.37.0;63.207.37.255;39.0438;-77.4874
63.207.38.0;63.207.38.255;33.9025;-118.389
63.207.39.0;63.207.39.255;39.0438;-77.4874
63.207.40.0;63.207.40.255;34.1433;-118.25
63.207.41.0;63.207.43.255;39.0438;-77.4874
63.207.44.0;63.207.47.255;34.1433;-118.25
63.207.48.0;63.207.49.255;39.0438;-77.4874
63.207.50.0;63.207.50.255;33.6621;-117.867
63.207.51.0;63.207.51.255;39.0438;-77.4874
63.207.52.0;63.207.52.255;34.2219;-118.598
63.207.53.0;63.207.54.255;39.0438;-77.4874
63.207.55.0;63.207.55.255;37.7912;-122.402
63.207.56.0;63.207.56.255;34.0536;-118.257
63.207.57.0;63.207.57.255;37.7672;-121.958
63.207.58.0;63.207.58.255;33.8708;-117.915
63.207.59.0;63.207.59.255;33.7529;-117.871
63.207.60.0;63.207.60.255;39.0438;-77.4874
63.207.61.0;63.207.61.255;37.7857;-122.396
63.207.62.0;63.207.63.255;34.0609;-118.283
63.207.64.0;63.207.64.255;36.6002;-121.895
63.207.65.0;63.207.65.255;40.7128;-74.006
63.207.66.0;63.207.66.255;37.7912;-122.402
63.207.67.0;63.207.67.255;36.6002;-121.895
63.207.68.0;63.207.68.255;36.2446;-121.812
63.207.69.0;63.207.79.255;39.0438;-77.4874
63.207.80.0;63.207.80.255;38.6556;-121.477
63.207.81.0;63.207.81.255;39.0438;-77.4874
63.207.82.0;63.207.82.255;38.6032;-121.265
63.207.83.0;63.207.83.255;38.7281;-120.803
63.207.84.0;63.207.84.255;39.0438;-77.4874
63.207.85.0;63.207.85.255;38.5816;-121.494
63.207.86.0;63.207.86.255;39.0438;-77.4874
63.207.87.0;63.207.87.255;40.7128;-74.006
63.207.88.0;63.207.88.255;39.1376;-121.588
63.207.89.0;63.207.89.255;38.5816;-121.494
63.207.90.0;63.207.90.255;39.0438;-77.4874
63.207.91.0;63.207.91.255;38.5667;-121.543
63.207.92.0;63.207.93.15;39.0438;-77.4874
63.207.93.16;63.207.94.71;38.5816;-121.494
63.207.94.72;63.207.94.255;39.0438;-77.4874
63.207.95.0;63.207.95.255;38.5816;-121.494
63.207.96.0;63.207.96.255;37.7749;-122.419
63.207.97.0;63.207.97.255;37.7752;-122.236
63.207.98.0;63.207.98.255;37.3295;-121.964
63.207.99.0;63.207.99.255;37.7857;-122.396
63.207.100.0;63.207.103.255;29.9511;-90.0715
63.207.104.0;63.207.104.255;40.7128;-74.006
63.207.105.0;63.207.105.255;39.0438;-77.4874
63.207.106.0;63.207.106.255;37.7912;-122.402
63.207.107.0;63.207.107.255;37.3343;-121.896
63.207.108.0;63.207.111.255;29.9511;-90.0715
63.207.112.0;63.207.112.255;40.7128;-74.006
63.207.113.0;63.207.113.255;37.785;-122.396
63.207.114.0;63.207.115.7;39.0438;-77.4874
63.207.115.8;63.207.115.255;37.7851;-122.235
63.207.116.0;63.207.116.255;37.4912;-122.229
63.207.117.0;63.207.117.255;37.785;-122.396
63.207.118.0;63.207.118.255;37.7857;-122.396
63.207.119.0;63.207.119.255;37.7912;-122.402
63.207.120.0;63.207.120.255;37.413;-122.021
63.207.121.0;63.207.122.127;39.0438;-77.4874
63.207.122.128;63.207.122.255;37.7749;-122.419
63.207.123.0;63.207.124.255;39.0438;-77.4874
63.207.125.0;63.207.125.255;37.7912;-122.402
63.207.126.0;63.207.126.255;40.7128;-74.006
63.207.127.0;63.207.127.255;39.0438;-77.4874
63.207.128.0;63.207.131.255;29.9511;-90.0715
63.207.132.0;63.207.132.239;32.8049;-117.227
63.207.132.240;63.207.133.255;39.0438;-77.4874
63.207.134.0;63.207.134.255;32.7604;-117.12
63.207.135.0;63.207.135.255;33.1171;-117.095
63.207.136.0;63.207.136.255;32.7157;-117.161
63.207.137.0;63.207.137.255;32.9462;-117.216
63.207.138.0;63.207.138.247;33.02;-117.075
63.207.138.248;63.207.139.255;32.6626;-117.113
63.207.140.0;63.207.147.255;29.9511;-90.0715
63.207.148.0;63.207.148.255;39.0438;-77.4874
63.207.149.0;63.207.149.255;40.7128;-74.006
63.207.150.0;63.207.150.255;34.0549;-118.243
63.207.151.0;63.207.151.255;39.0438;-77.4874
63.207.152.0;63.207.153.47;37.7857;-122.396
63.207.153.48;63.207.154.95;39.0438;-77.4874
63.207.154.96;63.207.154.255;34.0549;-118.243
63.207.155.0;63.207.155.255;39.0438;-77.4874
63.207.156.0;63.207.156.255;34.0549;-118.243
63.207.157.0;63.207.157.255;34.0221;-118.211
63.207.158.0;63.207.158.255;33.7797;-117.866
63.207.159.0;63.207.159.255;34.0549;-118.243
63.207.160.0;63.207.163.255;29.9511;-90.0715
63.207.164.0;63.207.164.255;33.893;-117.929
63.207.165.0;63.207.165.255;34.1456;-118.146
63.207.166.0;63.207.167.63;34.0549;-118.243
63.207.167.64;63.207.167.255;40.7128;-74.006
63.207.168.0;63.207.168.255;37.7912;-122.402
63.207.169.0;63.207.169.247;34.0645;-118.371
63.207.169.248;63.207.170.255;39.0438;-77.4874
63.207.171.0;63.207.171.255;33.7841;-118.274
63.207.172.0;63.207.172.255;34.0549;-118.243
63.207.173.0;63.207.173.255;39.0438;-77.4874
63.207.174.0;63.207.174.239;34.0622;-118.306
63.207.174.240;63.207.175.255;39.0438;-77.4874
63.207.176.0;63.207.176.255;33.7018;-117.933
63.207.177.0;63.207.177.255;39.0438;-77.4874
63.207.178.0;63.207.178.255;33.926;-117.878
63.207.179.0;63.207.179.255;39.0438;-77.4874
63.207.180.0;63.207.180.255;33.6801;-117.855
63.207.181.0;63.207.181.255;34.0549;-118.243
63.207.182.0;63.207.182.255;34.1012;-118.344
63.207.183.0;63.207.183.255;39.0438;-77.4874
63.207.184.0;63.207.184.255;34.0549;-118.243
63.207.185.0;63.207.185.255;34.1073;-118.37
63.207.186.0;63.207.186.255;33.9463;-118.388
63.207.187.0;63.207.187.255;34.1742;-118.329
63.207.188.0;63.207.189.255;34.0549;-118.243
63.207.190.0;63.207.190.255;34.0623;-118.293
63.207.191.0;63.207.191.255;34.0549;-118.243
63.207.192.0;63.207.195.255;29.9511;-90.0715
63.207.196.0;63.207.196.255;37.785;-122.396
63.207.197.0;63.207.197.255;40.7128;-74.006
63.207.198.0;63.207.198.255;37.7824;-122.243
63.207.199.0;63.207.199.255;39.0438;-77.4874
63.207.200.0;63.207.201.7;37.785;-122.396
63.207.201.8;63.207.201.255;39.0438;-77.4874
63.207.202.0;63.207.202.255;37.3943;-122.033
63.207.203.0;63.207.203.255;37.6693;-122.046
63.207.204.0;63.207.205.7;37.785;-122.396
63.207.205.8;63.207.205.255;37.7912;-122.402
63.207.206.0;63.207.206.255;40.7128;-74.006
63.207.207.0;63.207.207.255;37.785;-122.396
63.207.208.0;63.207.209.255;39.0438;-77.4874
63.207.210.0;63.207.210.255;37.4741;-121.922
63.207.211.0;63.207.211.255;37.7749;-122.419
63.207.212.0;63.207.212.255;47.6694;-122.122
63.207.213.0;63.207.213.255;39.1283;-121.633
63.207.214.0;63.207.214.255;37.785;-122.396
63.207.215.0;63.207.215.255;37.7912;-122.402
63.207.216.0;63.207.219.255;29.9511;-90.0715
63.207.220.0;63.207.220.255;40.7128;-74.006
63.207.221.0;63.207.221.255;37.7857;-122.396
63.207.222.0;63.207.223.7;39.0438;-77.4874
63.207.223.8;63.207.223.255;40.7128;-74.006
63.207.224.0;63.207.224.255;41.7302;-122.638
63.207.225.0;63.207.225.255;39.801;-121.855
63.207.226.0;63.207.226.255;32.736;-96.2753
63.207.227.0;63.207.228.7;39.7283;-121.838
63.207.228.8;63.207.228.255;40.7128;-74.006
63.207.229.0;63.207.229.255;39.7283;-121.838
63.207.230.0;63.207.230.255;39.5241;-121.571
63.207.231.0;63.207.231.255;40.7128;-74.006
63.207.232.0;63.207.235.255;29.9511;-90.0715
63.207.236.0;63.207.236.255;39.7991;-121.854
63.207.237.0;63.207.237.255;40.4857;-122.341
63.207.238.0;63.207.238.255;39.0438;-77.4874
63.207.239.0;63.207.239.255;39.7283;-121.838
63.207.240.0;63.207.240.255;37.7912;-122.402
63.207.241.0;63.207.242.7;36.7378;-119.787
63.207.242.8;63.207.242.255;40.7128;-74.006
63.207.243.0;63.207.243.255;36.7378;-119.787
63.207.244.0;63.207.247.255;29.9511;-90.0715
63.207.248.0;63.207.249.255;39.0438;-77.4874
63.207.250.0;63.207.250.255;33.0197;-96.746
63.207.251.0;63.207.251.255;36.7771;-119.695
63.207.252.0;63.207.255.255;29.9511;-90.0715
63.208.0.0;63.208.0.255;28.1483;-82.3456
63.208.1.0;63.208.1.255;27.9517;-82.4588
63.208.2.0;63.208.3.255;32.5891;-92.0664
63.208.4.0;63.208.7.255;39.9215;-105.144
63.208.8.0;63.208.11.255;30.3088;-89.33
63.208.12.0;63.208.32.127;39.9215;-105.144
63.208.32.128;63.208.32.255;42.3649;-71.0888
63.208.33.0;63.208.33.255;42.3644;-71.0891
63.208.34.0;63.208.34.255;47.6045;-122.338
63.208.35.0;63.208.35.255;39.9215;-105.144
63.208.36.0;63.208.37.255;33.7933;-84.3061
63.208.38.0;63.208.39.255;32.5891;-92.0664
63.208.40.0;63.208.48.255;39.9215;-105.144
63.208.49.0;63.208.49.255;33.7933;-84.3061
63.208.50.0;63.208.51.255;39.9215;-105.144
63.208.52.0;63.208.53.255;32.5891;-92.0664
63.208.54.0;63.208.54.255;39.9215;-105.144
63.208.55.0;63.208.55.255;43.1031;-77.5826
63.208.56.0;63.208.67.255;39.9215;-105.144
63.208.68.0;63.208.68.255;43.0775;-89.4457
63.208.69.0;63.208.71.255;39.9215;-105.144
63.208.72.0;63.208.73.255;32.5891;-92.0664
63.208.74.0;63.208.74.255;34.0599;-118.286
63.208.75.0;63.208.75.255;39.9215;-105.144
63.208.76.0;63.208.79.255;41.8781;-87.6298
63.208.80.0;63.208.96.255;39.9215;-105.144
63.208.97.0;63.208.97.255;47.6045;-122.338
63.208.98.0;63.208.101.255;39.9215;-105.144
63.208.102.0;63.208.102.255;33.506;-112.075
63.208.103.0;63.208.106.255;39.9215;-105.144
63.208.107.0;63.208.107.255;42.3649;-71.0888
63.208.108.0;63.208.135.255;39.9215;-105.144
63.208.136.0;63.208.137.255;41.9131;-87.6814
63.208.138.0;63.208.138.255;32.5891;-92.0664
63.208.139.0;63.208.139.255;39.8715;-85.7633
63.208.140.0;63.208.140.255;47.4485;-122.292
63.208.141.0;63.208.141.255;47.6061;-122.333
63.208.142.0;63.208.148.255;39.9215;-105.144
63.208.149.0;63.208.149.255;41.2394;-73.149
63.208.150.0;63.208.155.255;39.9215;-105.144
63.208.156.0;63.208.159.255;32.5891;-92.0664
63.208.160.0;63.208.163.255;42.4477;-83.2627
63.208.164.0;63.208.167.255;39.9215;-105.144
63.208.168.0;63.208.169.255;33.5018;-111.933
63.208.170.0;63.208.170.255;34.0211;-118.396
63.208.171.0;63.208.171.255;47.6045;-122.338
63.208.172.0;63.208.173.255;40.7128;-74.006
63.208.174.0;63.208.175.255;32.5891;-92.0664
63.208.176.0;63.208.191.255;39.9215;-105.144
63.208.192.0;63.208.194.255;32.5891;-92.0664
63.208.195.0;63.208.195.255;12.9716;77.5946
63.208.196.0;63.208.196.255;42.996;-71.4672
63.208.197.0;63.208.197.255;42.677;-70.8389
63.208.198.0;63.208.199.255;33.5018;-111.933
63.208.200.0;63.208.225.255;39.9215;-105.144
63.208.226.0;63.208.227.255;33.5018;-111.933
63.208.228.0;63.208.228.255;39.9215;-105.144
63.208.229.0;63.208.229.255;34.1451;-118.806
63.208.230.0;63.209.3.255;39.9215;-105.144
63.209.4.0;63.209.4.127;33.5018;-111.933
63.209.4.128;63.209.5.255;39.9215;-105.144
63.209.6.0;63.209.6.255;37.4782;-121.943
63.209.7.0;63.209.8.255;39.9215;-105.144
63.209.9.0;63.209.9.255;37.3726;-122.085
63.209.10.0;63.209.10.255;39.9215;-105.144
63.209.11.0;63.209.11.255;37.4593;-122.194
63.209.12.0;63.209.12.255;37.3739;-121.924
63.209.13.0;63.209.15.231;32.5891;-92.0664
63.209.15.232;63.209.15.255;37.7749;-122.419
63.209.16.0;63.209.17.255;39.9215;-105.144
63.209.18.0;63.209.18.255;37.3688;-122.036
63.209.19.0;63.209.24.255;39.9215;-105.144
63.209.25.0;63.209.25.255;36.0418;-115.12
63.209.26.0;63.209.27.255;33.5018;-111.933
63.209.28.0;63.209.28.255;37.4593;-122.194
63.209.29.0;63.209.31.255;32.5891;-92.0664
63.209.32.0;63.209.33.255;40.5549;-74.4643
63.209.34.0;63.209.34.255;32.5891;-92.0664
63.209.35.0;63.209.35.255;40.5549;-74.4643
63.209.36.0;63.209.39.255;26.7137;-80.0527
63.209.40.0;63.209.41.255;39.9215;-105.144
63.209.42.0;63.209.42.255;30.2816;-97.7499
63.209.43.0;63.209.43.255;47.6045;-122.338
63.209.44.0;63.209.52.63;39.9215;-105.144
63.209.52.64;63.209.52.215;42.3644;-71.0891
63.209.52.216;63.209.69.255;39.9215;-105.144
63.209.70.0;63.209.70.223;33.5018;-111.933
63.209.70.224;63.209.71.255;39.9215;-105.144
63.209.72.0;63.209.79.255;34.0549;-118.243
63.209.80.0;63.209.81.255;39.9215;-105.144
63.209.82.0;63.209.82.127;30.2816;-97.7499
63.209.82.128;63.209.99.255;39.9215;-105.144
63.209.100.0;63.209.100.255;33.5018;-111.933
63.209.101.0;63.209.103.255;32.5891;-92.0664
63.209.104.0;63.209.116.255;39.9215;-105.144
63.209.117.0;63.209.117.255;36.0418;-115.12
63.209.118.0;63.209.118.255;39.9215;-105.144
63.209.119.0;63.209.119.127;33.5018;-111.933
63.209.119.128;63.209.127.255;39.9215;-105.144
63.209.128.0;63.209.129.175;32.5891;-92.0664
63.209.129.176;63.209.129.191;42.2888;-83.7455
63.209.129.192;63.209.133.255;32.5891;-92.0664
63.209.134.0;63.209.134.255;27.9576;-82.5236
63.209.135.0;63.209.135.255;42.5526;-83.1676
63.209.136.0;63.209.136.255;39.9215;-105.144
63.209.137.0;63.209.137.255;42.1537;-87.8432
63.209.138.0;63.209.138.255;27.9576;-82.5236
63.209.139.0;63.209.139.255;39.9215;-105.144
63.209.140.0;63.209.143.255;42.3314;-83.0458
63.209.144.0;63.209.150.255;39.9215;-105.144
63.209.151.0;63.209.151.255;29.8119;-95.4218
63.209.152.0;63.209.152.255;32.5891;-92.0664
63.209.153.0;63.209.153.255;26.2027;-80.1532
63.209.154.0;63.209.154.255;18.4755;-69.8959
63.209.155.0;63.209.155.255;25.7617;-80.1918
63.209.156.0;63.209.163.255;39.9215;-105.144
63.209.164.0;63.209.167.255;37.4188;-122.026
63.209.168.0;63.209.168.255;39.9215;-105.144
63.209.169.0;63.209.169.255;40.8599;-73.97
63.209.170.0;63.209.175.255;39.9215;-105.144
63.209.176.0;63.209.176.255;27.9576;-82.5236
63.209.177.0;63.209.177.255;34.0599;-118.286
63.209.178.0;63.209.179.255;32.5891;-92.0664
63.209.180.0;63.209.181.255;39.9215;-105.144
63.209.182.0;63.209.183.63;27.9576;-82.5236
63.209.183.64;63.209.183.127;34.0599;-118.286
63.209.183.128;63.209.188.255;39.9215;-105.144
63.209.189.0;63.209.191.255;33.5018;-111.933
63.209.192.0;63.209.192.255;32.5891;-92.0664
63.209.193.0;63.209.193.255;33.9163;-84.3535
63.209.194.0;63.209.195.255;32.5891;-92.0664
63.209.196.0;63.209.196.255;34.7787;-82.3101
63.209.197.0;63.209.205.255;39.9215;-105.144
63.209.206.0;63.209.206.63;27.9576;-82.5236
63.209.206.64;63.209.207.255;39.9215;-105.144
63.209.208.0;63.209.211.255;40.7418;-74.0045
63.209.212.0;63.209.223.255;39.9215;-105.144
63.209.224.0;63.209.239.255;42.3111;-71.2129
63.209.240.0;63.209.243.255;32.5891;-92.0664
63.209.244.0;63.209.254.255;39.9215;-105.144
63.209.255.0;63.209.255.255;42.3644;-71.0891
63.210.0.0;63.210.8.255;39.9215;-105.144
63.210.9.0;63.210.9.255;43.6656;-79.5959
63.210.10.0;63.210.10.255;39.9215;-105.144
63.210.11.0;63.210.11.255;32.5891;-92.0664
63.210.12.0;63.210.15.255;39.9215;-105.144
63.210.16.0;63.210.23.255;39.9219;-105.135
63.210.24.0;63.210.24.255;39.4542;-76.6403
63.210.25.0;63.210.27.255;32.5891;-92.0664
63.210.28.0;63.210.28.255;30.2816;-97.7499
63.210.29.0;63.210.29.255;38.0293;-78.4767
63.210.30.0;63.210.30.255;38.8951;-77.0364
63.210.31.0;63.210.31.255;39.9215;-105.144
63.210.32.0;63.210.35.255;32.5891;-92.0664
63.210.36.0;63.210.43.255;39.9215;-105.144
63.210.44.0;63.210.45.255;40.0563;-75.6697
63.210.46.0;63.210.46.255;39.5989;-104.859
63.210.47.0;63.210.47.255;32.5891;-92.0664
63.210.48.0;63.210.49.255;39.9215;-105.144
63.210.50.0;63.210.50.255;38.9045;-77.035
63.210.51.0;63.210.51.255;39.9215;-105.144
63.210.52.0;63.210.55.255;39.0067;-77.4291
63.210.56.0;63.210.57.255;39.9215;-105.144
63.210.58.0;63.210.58.255;38.903;-77.0306
63.210.59.0;63.210.59.255;39.9215;-105.144
63.210.60.0;63.210.61.255;40.3552;-74.5944
63.210.62.0;63.210.62.255;38.9629;-77.0889
63.210.63.0;63.210.63.255;40.7128;-74.006
63.210.64.0;63.210.97.255;39.9215;-105.144
63.210.98.0;63.210.99.255;41.8781;-87.6298
63.210.100.0;63.210.101.255;39.9215;-105.144
63.210.102.0;63.210.102.255;43.0125;-83.6875
63.210.103.0;63.210.111.255;39.9215;-105.144
63.210.112.0;63.210.113.255;34.1403;-118.255
63.210.114.0;63.210.114.255;37.3688;-122.036
63.210.115.0;63.210.115.255;33.5018;-111.933
63.210.116.0;63.210.127.255;39.9215;-105.144
63.210.128.0;63.210.128.255;36.154;-95.9928
63.210.129.0;63.210.129.255;36.0437;-95.9529
63.210.130.0;63.210.131.255;36.154;-95.9928
63.210.132.0;63.210.133.255;39.9215;-105.144
63.210.134.0;63.210.134.255;39.5989;-104.859
63.210.135.0;63.210.141.255;39.9215;-105.144
63.210.142.0;63.210.142.255;42.3649;-71.0888
63.210.143.0;63.210.144.255;39.9215;-105.144
63.210.145.0;63.210.145.255;26.7137;-80.0527
63.210.146.0;63.210.147.255;32.8003;-96.8195
63.210.148.0;63.210.148.255;34.0653;-118.244
63.210.149.0;63.210.149.255;34.0549;-118.243
63.210.150.0;63.210.151.255;32.5891;-92.0664
63.210.152.0;63.210.152.255;39.3763;-77.0809
63.210.153.0;63.210.155.255;39.9215;-105.144
63.210.156.0;63.210.159.255;37.8002;-122.402
63.210.160.0;63.210.160.255;39.9215;-105.144
63.210.161.0;63.210.161.255;32.5529;-116.938
63.210.162.0;63.210.162.7;33.1239;-117.276
63.210.162.8;63.210.163.255;32.8263;-117.161
63.210.164.0;63.210.193.255;39.9215;-105.144
63.210.194.0;63.210.195.255;37.4645;-121.932
63.210.196.0;63.210.207.255;39.9215;-105.144
63.210.208.0;63.210.208.255;37.4849;-122.229
63.210.209.0;63.210.209.255;40.7831;-73.9713
63.210.210.0;63.210.210.255;40.8056;-73.234
63.210.211.0;63.210.211.255;41.1632;-73.824
63.210.212.0;63.210.213.255;32.5891;-92.0664
63.210.214.0;63.210.214.255;39.9215;-105.144
63.210.215.0;63.210.215.255;41.055;-73.5524
63.210.216.0;63.210.229.255;39.9215;-105.144
63.210.230.0;63.210.230.255;39.1031;-84.512
63.210.231.0;63.210.231.255;41.1131;-73.5407
63.210.232.0;63.210.232.255;39.7684;-86.158
63.210.233.0;63.210.235.255;39.9215;-105.144
63.210.236.0;63.210.237.255;39.1861;-84.4518
63.210.238.0;63.210.239.255;32.5891;-92.0664
63.210.240.0;63.210.243.255;39.1031;-84.512
63.210.244.0;63.210.251.255;39.9215;-105.144
63.210.252.0;63.210.252.255;39.0983;-84.517
63.210.253.0;63.210.253.255;39.7684;-86.1581
63.210.254.0;63.210.254.255;39.0983;-84.517
63.210.255.0;63.211.1.255;32.5891;-92.0664
63.211.2.0;63.211.15.255;39.9215;-105.144
63.211.16.0;63.211.16.255;30.1396;-81.5319
63.211.17.0;63.211.18.255;39.9215;-105.144
63.211.19.0;63.211.19.255;33.506;-112.075
63.211.20.0;63.211.35.255;39.9215;-105.144
63.211.36.0;63.211.36.255;40.7411;-73.9994
63.211.37.0;63.211.37.255;39.9215;-105.144
63.211.38.0;63.211.39.255;40.6104;-73.944
63.211.40.0;63.211.43.255;39.9215;-105.144
63.211.44.0;63.211.45.255;40.7411;-73.9994
63.211.46.0;63.211.47.255;32.5891;-92.0664
63.211.48.0;63.211.48.255;39.9215;-105.144
63.211.49.0;63.211.49.255;47.6045;-122.338
63.211.50.0;63.211.50.255;35.0819;-85.2105
63.211.51.0;63.211.51.255;35.0476;-85.3108
63.211.52.0;63.211.65.63;39.9215;-105.144
63.211.65.64;63.211.66.255;42.3644;-71.0891
63.211.67.0;63.211.67.255;39.9215;-105.144
63.211.68.0;63.211.75.255;40.7615;-74.0253
63.211.76.0;63.211.79.255;39.9215;-105.144
63.211.80.0;63.211.83.255;40.7357;-74.1724
63.211.84.0;63.211.85.255;39.9215;-105.144
63.211.86.0;63.211.86.255;41.0568;-74.1428
63.211.87.0;63.211.89.255;39.9215;-105.144
63.211.90.0;63.211.91.255;41.8796;-87.6304
63.211.92.0;63.211.104.255;39.9215;-105.144
63.211.105.0;63.211.105.255;26.7137;-80.0527
63.211.106.0;63.211.107.255;39.9215;-105.144
63.211.108.0;63.211.109.255;32.5891;-92.0664
63.211.110.0;63.211.110.255;26.7137;-80.0527
63.211.111.0;63.211.111.255;34.0653;-118.244
63.211.112.0;63.211.113.255;30.2816;-97.7499
63.211.114.0;63.211.115.255;32.5891;-92.0664
63.211.116.0;63.211.126.255;39.9215;-105.144
63.211.127.0;63.211.127.255;47.6045;-122.338
63.211.128.0;63.211.129.255;32.5891;-92.0664
63.211.130.0;63.211.130.255;40.7626;-111.889
63.211.131.0;63.211.131.255;37.7921;-122.404
63.211.132.0;63.211.138.255;39.9215;-105.144
63.211.139.0;63.211.139.255;40.5566;-111.911
63.211.140.0;63.211.146.255;39.9215;-105.144
63.211.147.0;63.211.147.255;37.7867;-122.398
63.211.148.0;63.211.151.255;39.9215;-105.144
63.211.152.0;63.211.152.255;37.7808;-122.396
63.211.153.0;63.211.155.255;32.5891;-92.0664
63.211.156.0;63.211.169.159;39.9215;-105.144
63.211.169.160;63.211.169.191;42.3644;-71.0891
63.211.169.192;63.211.173.255;39.9215;-105.144
63.211.174.0;63.211.174.255;47.6045;-122.338
63.211.175.0;63.211.179.255;39.9215;-105.144
63.211.180.0;63.211.180.63;42.3649;-71.0888
63.211.180.64;63.211.181.255;32.5891;-92.0664
63.211.182.0;63.211.182.255;29.8119;-95.4218
63.211.183.0;63.211.183.255;32.5891;-92.0664
63.211.184.0;63.211.191.255;39.9215;-105.144
63.211.192.0;63.211.195.255;47.6061;-122.333
63.211.196.0;63.211.198.255;39.9215;-105.144
63.211.199.0;63.211.199.255;47.6045;-122.338
63.211.200.0;63.211.200.255;30.3088;-89.33
63.211.201.0;63.211.201.255;39.7392;-104.99
63.211.202.0;63.211.203.255;32.5891;-92.0664
63.211.204.0;63.211.212.255;39.9215;-105.144
63.211.213.0;63.211.213.255;37.3688;-122.036
63.211.214.0;63.211.219.255;39.9215;-105.144
63.211.220.0;63.211.221.255;47.6061;-122.333
63.211.222.0;63.211.223.255;32.5891;-92.0664
63.211.224.0;63.211.224.255;39.9215;-105.144
63.211.225.0;63.211.225.255;39.7047;-105.081
63.211.226.0;63.211.227.255;39.9215;-105.144
63.211.228.0;63.211.231.255;39.7392;-104.99
63.211.232.0;63.211.235.255;39.9215;-105.144
63.211.236.0;63.211.236.255;32.5891;-92.0664
63.211.237.0;63.211.237.255;39.7486;-105
63.211.238.0;63.211.238.255;39.9215;-105.144
63.211.239.0;63.211.239.255;39.7392;-104.99
63.211.240.0;63.211.254.255;39.9215;-105.144
63.211.255.0;63.211.255.255;39.7392;-104.985
63.212.0.0;63.212.127.255;39.9215;-105.144
63.212.128.0;63.212.128.255;34.0356;-118.477
63.212.129.0;63.212.131.255;39.9215;-105.144
63.212.132.0;63.212.133.255;32.5891;-92.0664
63.212.134.0;63.212.134.255;39.9215;-105.144
63.212.135.0;63.212.135.255;40.5395;-74.3845
63.212.136.0;63.212.163.255;39.9215;-105.144
63.212.164.0;63.212.166.255;40.7411;-73.9994
63.212.167.0;63.212.167.255;40.7401;-73.9935
63.212.168.0;63.212.181.255;39.9215;-105.144
63.212.182.0;63.212.182.255;26.1879;-81.6951
63.212.183.0;63.212.199.255;39.9215;-105.144
63.212.200.0;63.212.203.255;42.3601;-71.0589
63.212.204.0;63.213.15.255;39.9215;-105.144
63.213.16.0;63.213.19.255;39.0438;-77.4874
63.213.20.0;63.213.67.255;39.9215;-105.144
63.213.68.0;63.213.71.255;39.1031;-84.512
63.213.72.0;63.213.99.255;39.9215;-105.144
63.213.100.0;63.213.103.255;39.7392;-104.99
63.213.104.0;63.213.143.255;39.9215;-105.144
63.213.144.0;63.213.147.255;29.7601;-95.3701
63.213.148.0;63.214.3.255;39.9215;-105.144
63.214.4.0;63.214.4.255;47.6061;-122.333
63.214.5.0;63.214.5.255;46.7879;-123.011
63.214.6.0;63.214.7.255;47.6061;-122.333
63.214.8.0;63.214.9.255;39.9215;-105.144
63.214.10.0;63.214.10.255;40.6461;-111.498
63.214.11.0;63.214.19.255;39.9215;-105.144
63.214.20.0;63.214.20.255;38.4604;-75.2207
63.214.21.0;63.214.21.255;41.8842;-87.6388
63.214.22.0;63.214.23.255;39.9526;-75.1652
63.214.24.0;63.214.25.255;39.9215;-105.144
63.214.26.0;63.214.26.255;33.506;-112.075
63.214.27.0;63.214.31.255;39.9215;-105.144
63.214.32.0;63.214.39.255;39.9209;-105.144
63.214.40.0;63.214.43.255;39.9215;-105.144
63.214.44.0;63.214.44.255;39.7533;-104.996
63.214.45.0;63.214.45.255;40.3401;-104.983
63.214.46.0;63.214.53.255;39.9215;-105.144
63.214.54.0;63.214.55.255;40.7411;-73.9994
63.214.56.0;63.214.57.31;40.7522;-73.9854
63.214.57.32;63.214.57.255;40.3248;-74.6483
63.214.58.0;63.214.61.255;32.5891;-92.0664
63.214.62.0;63.214.63.159;40.7522;-73.9854
63.214.63.160;63.214.63.255;40.7605;-73.9734
63.214.64.0;63.214.131.255;39.9215;-105.144
63.214.132.0;63.214.132.255;47.5727;-122.146
63.214.133.0;63.214.156.63;39.9215;-105.144
63.214.156.64;63.214.156.95;34.0549;-118.243
63.214.156.96;63.214.163.255;39.9215;-105.144
63.214.164.0;63.214.164.63;34.0549;-118.243
63.214.164.64;63.214.165.255;33.4161;-112.009
63.214.166.0;63.214.167.255;33.7488;-84.3877
63.214.168.0;63.214.179.255;39.9215;-105.144
63.214.180.0;63.214.180.255;32.8263;-117.161
63.214.181.0;63.214.181.255;32.9375;-117.237
63.214.182.0;63.214.182.255;32.9036;-117.177
63.214.183.0;63.214.183.255;32.5891;-92.0664
63.214.184.0;63.214.184.255;32.9052;-117.188
63.214.185.0;63.214.187.255;32.5891;-92.0664
63.214.188.0;63.214.227.255;39.9215;-105.144
63.214.228.0;63.214.231.255;32.8446;-117.174
63.214.232.0;63.214.236.255;39.9215;-105.144
63.214.237.0;63.214.237.255;25.7617;-80.1918
63.214.238.0;63.214.239.255;32.5891;-92.0664
63.214.240.0;63.214.240.255;39.9215;-105.144
63.214.241.0;63.214.241.255;32.7767;-96.797
63.214.242.0;63.214.243.255;32.5891;-92.0664
63.214.244.0;63.214.246.255;39.9215;-105.144
63.214.247.0;63.214.247.255;29.8119;-95.4218
63.214.248.0;63.214.249.255;39.9215;-105.144
63.214.250.0;63.214.251.255;29.936;-95.4135
63.214.252.0;63.215.64.255;39.9215;-105.144
63.215.65.0;63.215.65.255;33.122;-117.286
63.215.66.0;63.215.69.255;39.9215;-105.144
63.215.70.0;63.215.70.255;36.0418;-115.12
63.215.71.0;63.215.71.255;39.9215;-105.144
63.215.72.0;63.215.73.255;33.5018;-111.933
63.215.74.0;63.215.74.255;26.7137;-80.0527
63.215.75.0;63.215.75.255;33.5018;-111.933
63.215.76.0;63.215.79.255;39.9215;-105.144
63.215.80.0;63.215.81.255;41.877;-87.6415
63.215.82.0;63.215.83.255;32.5891;-92.0664
63.215.84.0;63.215.86.255;39.9215;-105.144
63.215.87.0;63.215.87.255;36.0418;-115.12
63.215.88.0;63.215.97.255;39.9215;-105.144
63.215.98.0;63.215.99.255;32.5891;-92.0664
63.215.100.0;63.215.103.255;38.1339;-97.7699
63.215.104.0;63.215.111.255;39.9209;-105.144
63.215.112.0;63.215.119.255;39.9215;-105.144
63.215.120.0;63.215.121.255;41.8803;-87.6375
63.215.122.0;63.215.122.255;41.8849;-87.6199
63.215.123.0;63.215.125.255;32.5891;-92.0664
63.215.126.0;63.215.126.255;41.8781;-87.6298
63.215.127.0;63.215.127.255;47.6133;-122.19
63.215.128.0;63.215.131.255;39.9215;-105.144
63.215.132.0;63.215.133.255;39.1861;-84.4518
63.215.134.0;63.215.135.255;32.5891;-92.0664
63.215.136.0;63.215.136.127;42.3644;-71.0891
63.215.136.128;63.215.159.255;39.9215;-105.144
63.215.160.0;63.215.167.255;32.5891;-92.0664
63.215.168.0;63.215.171.255;33.5018;-111.933
63.215.172.0;63.215.177.255;39.9215;-105.144
63.215.178.0;63.215.183.255;32.5891;-92.0664
63.215.184.0;63.215.184.255;27.9576;-82.5236
63.215.185.0;63.215.185.255;32.5891;-92.0664
63.215.186.0;63.215.186.255;29.8119;-95.4218
63.215.187.0;63.215.187.255;25.7617;-80.1918
63.215.188.0;63.215.191.255;39.9215;-105.144
63.215.192.0;63.215.193.255;32.5891;-92.0664
63.215.194.0;63.215.195.255;39.9215;-105.144
63.215.196.0;63.215.198.255;32.5891;-92.0664
63.215.199.0;63.215.199.255;39.9215;-105.144
63.215.200.0;63.215.201.255;32.5891;-92.0664
63.215.202.0;63.215.202.255;52.3676;4.90414
63.215.203.0;63.215.205.255;39.9215;-105.144
63.215.206.0;63.215.206.255;37.3964;-122.105
63.215.207.0;63.215.207.255;39.9215;-105.144
63.215.208.0;63.215.211.255;27.9517;-82.4588
63.215.212.0;63.215.213.255;39.9215;-105.144
63.215.214.0;63.215.215.255;28.0445;-82.6699
63.215.216.0;63.215.217.255;39.9215;-105.144
63.215.218.0;63.215.218.255;26.6217;-81.8406
63.215.219.0;63.215.243.255;39.9215;-105.144
63.215.244.0;63.215.245.255;41.877;-87.6415
63.215.246.0;63.215.247.255;32.5891;-92.0664
63.215.248.0;63.215.248.255;39.9215;-105.144
63.215.249.0;63.215.249.255;42.3644;-71.0891
63.215.250.0;63.215.251.255;39.9215;-105.144
63.215.252.0;63.215.252.255;32.8263;-117.161
63.215.253.0;63.215.253.255;34.0495;-118.165
63.215.254.0;63.215.255.255;32.8263;-117.161
63.216.0.0;63.216.1.31;39.0438;-77.4874
63.216.1.32;63.216.1.239;40.7128;-74.006
63.216.1.240;63.216.2.255;39.0438;-77.4874
63.216.3.0;63.216.3.255;39.9526;-75.1652
63.216.4.0;63.216.5.47;40.7128;-74.006
63.216.5.48;63.216.6.63;39.0438;-77.4874
63.216.6.64;63.216.6.255;40.7128;-74.006
63.216.7.0;63.216.8.47;39.0438;-77.4874
63.216.8.48;63.216.8.191;40.7128;-74.006
63.216.8.192;63.216.10.31;39.0438;-77.4874
63.216.10.32;63.216.10.175;37.3387;-121.885
63.216.10.176;63.216.11.255;39.0438;-77.4874
63.216.12.0;63.216.12.255;40.7128;-74.006
63.216.13.0;63.216.13.255;51.5072;-0.127586
63.216.14.0;63.216.14.207;47.6061;-122.333
63.216.14.208;63.216.15.255;39.0438;-77.4874
63.216.16.0;63.216.16.239;40.7128;-74.006
63.216.16.240;63.216.18.63;39.0438;-77.4874
63.216.18.64;63.216.18.239;40.7128;-74.006
63.216.18.240;63.216.19.255;39.0438;-77.4874
63.216.20.0;63.216.20.159;38.9586;-77.357
63.216.20.160;63.216.22.47;39.0438;-77.4874
63.216.22.48;63.216.23.31;40.7128;-74.006
63.216.23.32;63.216.23.239;39.0438;-77.4874
63.216.23.240;63.216.24.255;40.7128;-74.006
63.216.25.0;63.216.25.207;32.7767;-96.797
63.216.25.208;63.216.27.15;39.0438;-77.4874
63.216.27.16;63.216.27.175;40.7128;-74.006
63.216.27.176;63.216.28.255;39.0438;-77.4874
63.216.29.0;63.216.29.111;40.7128;-74.006
63.216.29.112;63.216.31.31;39.0438;-77.4874
63.216.31.32;63.216.31.239;38.9586;-77.357
63.216.31.240;63.216.33.63;39.0438;-77.4874
63.216.33.64;63.216.33.239;40.7128;-74.006
63.216.33.240;63.216.34.255;39.0438;-77.4874
63.216.35.0;63.216.35.255;50.1109;8.68213
63.216.36.0;63.216.37.63;39.0438;-77.4874
63.216.37.64;63.216.37.239;40.7128;-74.006
63.216.37.240;63.216.39.15;39.0438;-77.4874
63.216.39.16;63.216.39.255;40.7128;-74.006
63.216.40.0;63.216.40.255;38.9586;-77.357
63.216.41.0;63.216.41.255;1.35208;103.82
63.216.42.0;63.216.42.255;40.7128;-74.006
63.216.43.0;63.216.43.255;1.35208;103.82
63.216.44.0;63.216.44.255;40.7128;-74.006
63.216.45.0;63.216.45.239;22.3193;114.169
63.216.45.240;63.216.46.143;40.7128;-74.006
63.216.46.144;63.216.48.95;39.0438;-77.4874
63.216.48.96;63.216.48.159;40.7128;-74.006
63.216.48.160;63.216.50.191;39.0438;-77.4874
63.216.50.192;63.216.50.255;40.7128;-74.006
63.216.51.0;63.216.52.79;39.0438;-77.4874
63.216.52.80;63.216.52.255;40.7128;-74.006
63.216.53.0;63.216.53.255;39.0438;-77.4874
63.216.54.0;63.216.55.255;41.8781;-87.6298
63.216.56.0;63.216.57.31;39.0438;-77.4874
63.216.57.32;63.216.57.255;40.7128;-74.006
63.216.58.0;63.216.60.47;22.3193;114.169
63.216.60.48;63.216.61.15;39.0438;-77.4874
63.216.61.16;63.216.61.255;22.3193;114.169
63.216.62.0;63.216.62.255;39.0438;-77.4874
63.216.63.0;63.216.63.255;22.3193;114.169
63.216.64.0;63.216.71.255;37.334;-121.889
63.216.72.0;63.216.72.255;37.2978;-79.9386
63.216.73.0;63.216.73.255;39.0438;-77.4874
63.216.74.0;63.216.74.255;38.9586;-77.357
63.216.75.0;63.216.76.47;39.0438;-77.4874
63.216.76.48;63.216.76.207;40.7128;-74.006
63.216.76.208;63.216.78.47;39.0438;-77.4874
63.216.78.48;63.216.78.255;40.7128;-74.006
63.216.79.0;63.216.80.31;39.0438;-77.4874
63.216.80.32;63.216.81.15;40.7128;-74.006
63.216.81.16;63.216.82.15;39.0438;-77.4874
63.216.82.16;63.216.82.255;22.3193;114.169
63.216.83.0;63.216.83.255;38.9586;-77.357
63.216.84.0;63.216.85.31;39.0438;-77.4874
63.216.85.32;63.216.85.255;40.7128;-74.006
63.216.86.0;63.216.87.15;39.0438;-77.4874
63.216.87.16;63.216.87.255;40.7128;-74.006
63.216.88.0;63.216.88.255;34.0313;-118.274
63.216.89.0;63.216.89.255;40.7128;-74.006
63.216.90.0;63.216.90.255;36.1236;-115.298
63.216.91.0;63.216.91.255;39.0438;-77.4874
63.216.92.0;63.216.92.191;40.7128;-74.006
63.216.92.192;63.216.94.79;39.0438;-77.4874
63.216.94.80;63.216.94.255;40.7128;-74.006
63.216.95.0;63.216.96.207;39.0438;-77.4874
63.216.96.208;63.216.96.239;40.7128;-74.006
63.216.96.240;63.216.98.111;39.0438;-77.4874
63.216.98.112;63.216.98.223;40.7128;-74.006
63.216.98.224;63.216.99.255;39.0438;-77.4874
63.216.100.0;63.216.100.239;40.7128;-74.006
63.216.100.240;63.216.102.15;39.0438;-77.4874
63.216.102.16;63.216.102.207;40.7128;-74.006
63.216.102.208;63.216.104.31;39.0438;-77.4874
63.216.104.32;63.216.104.207;40.7128;-74.006
63.216.104.208;63.216.105.255;39.0438;-77.4874
63.216.106.0;63.216.106.255;40.7128;-74.006
63.216.107.0;63.216.107.255;39.0438;-77.4874
63.216.108.0;63.216.108.255;40.7128;-74.006
63.216.109.0;63.216.109.239;39.0438;-77.4874
63.216.109.240;63.216.110.223;40.7128;-74.006
63.216.110.224;63.216.111.255;39.0438;-77.4874
63.216.112.0;63.216.112.255;40.7128;-74.006
63.216.113.0;63.216.114.111;39.0438;-77.4874
63.216.114.112;63.216.114.239;40.7128;-74.006
63.216.114.240;63.216.116.47;39.0438;-77.4874
63.216.116.48;63.216.117.15;40.7128;-74.006
63.216.117.16;63.216.118.31;39.0438;-77.4874
63.216.118.32;63.216.118.239;40.7128;-74.006
63.216.118.240;63.216.120.31;39.0438;-77.4874
63.216.120.32;63.216.120.207;40.7128;-74.006
63.216.120.208;63.216.122.31;39.0438;-77.4874
63.216.122.32;63.216.122.223;40.7128;-74.006
63.216.122.224;63.216.124.47;39.0438;-77.4874
63.216.124.48;63.216.124.63;40.7128;-74.006
63.216.124.64;63.216.126.111;39.0438;-77.4874
63.216.126.112;63.216.126.255;40.7128;-74.006
63.216.127.0;63.216.127.239;39.0438;-77.4874
63.216.127.240;63.216.128.239;40.7128;-74.006
63.216.128.240;63.216.130.31;39.0438;-77.4874
63.216.130.32;63.216.130.223;40.7128;-74.006
63.216.130.224;63.216.132.47;39.0438;-77.4874
63.216.132.48;63.216.132.223;40.7128;-74.006
63.216.132.224;63.216.133.255;39.0438;-77.4874
63.216.134.0;63.216.135.31;40.7128;-74.006
63.216.135.32;63.216.135.255;39.0438;-77.4874
63.216.136.0;63.216.136.255;40.7128;-74.006
63.216.137.0;63.216.137.255;39.0438;-77.4874
63.216.138.0;63.216.139.15;40.7128;-74.006
63.216.139.16;63.216.139.255;39.0438;-77.4874
63.216.140.0;63.216.140.247;22.3193;114.169
63.216.140.248;63.216.142.15;39.0438;-77.4874
63.216.142.16;63.216.142.207;22.3193;114.169
63.216.142.208;63.216.144.47;39.0438;-77.4874
63.216.144.48;63.216.144.255;1.35208;103.82
63.216.145.0;63.216.146.31;39.0438;-77.4874
63.216.146.32;63.216.147.31;1.35208;103.82
63.216.147.32;63.216.147.239;40.7128;-74.006
63.216.147.240;63.216.149.63;39.0438;-77.4874
63.216.149.64;63.216.149.255;22.3193;114.169
63.216.150.0;63.216.150.255;40.7128;-74.006
63.216.151.0;63.216.151.255;39.0438;-77.4874
63.216.152.0;63.216.152.255;1.27989;103.855
63.216.153.0;63.216.153.223;40.7128;-74.006
63.216.153.224;63.216.155.95;39.0438;-77.4874
63.216.155.96;63.216.156.1;40.7128;-74.006
63.216.156.2;63.216.156.239;22.3193;114.169
63.216.156.240;63.216.158.95;39.0438;-77.4874
63.216.158.96;63.216.158.223;40.7128;-74.006
63.216.158.224;63.216.160.47;39.0438;-77.4874
63.216.160.48;63.216.160.239;40.7128;-74.006
63.216.160.240;63.216.161.255;39.0438;-77.4874
63.216.162.0;63.216.162.223;22.3193;114.169
63.216.162.224;63.216.164.47;39.0438;-77.4874
63.216.164.48;63.216.164.239;40.7128;-74.006
63.216.164.240;63.216.166.63;39.0438;-77.4874
63.216.166.64;63.216.166.239;40.7128;-74.006
63.216.166.240;63.216.168.95;39.0438;-77.4874
63.216.168.96;63.216.168.239;40.7128;-74.006
63.216.168.240;63.216.170.15;39.0438;-77.4874
63.216.170.16;63.216.170.255;22.3193;114.169
63.216.171.0;63.216.171.255;40.7128;-74.006
63.216.172.0;63.216.172.255;22.3193;114.169
63.216.173.0;63.216.173.255;40.7128;-74.006
63.216.174.0;63.216.175.47;39.0438;-77.4874
63.216.175.48;63.216.175.255;38.9586;-77.357
63.216.176.0;63.216.176.255;22.3193;114.169
63.216.177.0;63.216.177.239;39.0438;-77.4874
63.216.177.240;63.216.179.15;40.7128;-74.006
63.216.179.16;63.216.179.255;39.0438;-77.4874
63.216.180.0;63.216.180.239;-3.25811;-79.9554
63.216.180.240;63.216.181.255;39.0438;-77.4874
63.216.182.0;63.216.182.255;40.7128;-74.006
63.216.183.0;63.216.183.239;38.9586;-77.357
63.216.183.240;63.216.184.255;40.7128;-74.006
63.216.185.0;63.216.186.255;37.2978;-79.9386
63.216.187.0;63.216.187.255;40.7128;-74.006
63.216.188.0;63.216.189.63;39.0438;-77.4874
63.216.189.64;63.216.189.255;40.7128;-74.006
63.216.190.0;63.216.190.159;33.5947;-111.979
63.216.190.160;63.216.192.31;39.0438;-77.4874
63.216.192.32;63.216.192.255;40.7128;-74.006
63.216.193.0;63.216.194.127;25.0689;121.591
63.216.194.128;63.216.194.255;39.0438;-77.4874
63.216.195.0;63.216.195.223;25.0689;121.591
63.216.195.224;63.216.196.255;39.0438;-77.4874
63.216.197.0;63.216.197.255;14.5547;121.024
63.216.198.0;63.216.199.15;39.0438;-77.4874
63.216.199.16;63.216.199.223;40.7128;-74.006
63.216.199.224;63.216.200.255;39.0438;-77.4874
63.216.201.0;63.216.201.255;34.0313;-118.274
63.216.202.0;63.216.202.255;40.7128;-74.006
63.216.203.0;63.216.203.255;34.0451;-118.292
63.216.204.0;63.216.204.191;40.7128;-74.006
63.216.204.192;63.216.205.255;39.0438;-77.4874
63.216.206.0;63.216.207.255;34.0874;-118.381
63.216.208.0;63.216.208.255;39.0438;-77.4874
63.216.209.0;63.216.209.255;40.7128;-74.006
63.216.210.0;63.216.211.255;32.6048;-117.038
63.216.212.0;63.216.213.31;40.7128;-74.006
63.216.213.32;63.216.214.31;39.0438;-77.4874
63.216.214.32;63.216.215.15;40.7128;-74.006
63.216.215.16;63.216.215.239;39.0438;-77.4874
63.216.215.240;63.216.216.239;40.7128;-74.006
63.216.216.240;63.216.217.239;39.0438;-77.4874
63.216.217.240;63.216.218.255;40.7128;-74.006
63.216.219.0;63.216.219.255;39.0438;-77.4874
63.216.220.0;63.216.220.255;40.7128;-74.006
63.216.221.0;63.216.221.191;39.0438;-77.4874
63.216.221.192;63.216.223.31;40.7128;-74.006
63.216.223.32;63.216.224.111;39.0438;-77.4874
63.216.224.112;63.216.224.127;40.7128;-74.006
63.216.224.128;63.216.226.31;39.0438;-77.4874
63.216.226.32;63.216.226.255;40.7128;-74.006
63.216.227.0;63.216.228.79;39.0438;-77.4874
63.216.228.80;63.216.228.255;34.0549;-118.243
63.216.229.0;63.216.229.255;34.0313;-118.274
63.216.230.0;63.216.230.255;39.0438;-77.4874
63.216.231.0;63.216.231.255;40.7128;-74.006
63.216.232.0;63.216.235.255;25.8484;-80.1949
63.216.236.0;63.216.237.255;36.9734;-122.035
63.216.238.0;63.216.239.111;39.0438;-77.4874
63.216.239.112;63.216.240.15;40.7128;-74.006
63.216.240.16;63.216.240.255;39.0438;-77.4874
63.216.241.0;63.216.241.255;40.7128;-74.006
63.216.242.0;63.216.242.239;35.694;139.754
63.216.242.240;63.216.244.15;39.0438;-77.4874
63.216.244.16;63.216.245.15;40.7128;-74.006
63.216.245.16;63.216.245.239;39.0438;-77.4874
63.216.245.240;63.216.246.191;40.7128;-74.006
63.216.246.192;63.216.248.15;39.0438;-77.4874
63.216.248.16;63.216.249.31;40.7128;-74.006
63.216.249.32;63.216.250.15;39.0438;-77.4874
63.216.250.16;63.216.250.255;40.7128;-74.006
63.216.251.0;63.216.251.239;39.0438;-77.4874
63.216.251.240;63.216.252.255;40.7128;-74.006
63.216.253.0;63.216.253.255;34.0451;-118.292
63.216.254.0;63.216.255.31;39.0438;-77.4874
63.216.255.32;63.216.255.255;40.7128;-74.006
63.217.0.0;63.217.0.239;39.0438;-77.4874
63.217.0.240;63.217.1.207;40.7128;-74.006
63.217.1.208;63.217.2.255;39.0438;-77.4874
63.217.3.0;63.217.4.15;40.7128;-74.006
63.217.4.16;63.217.4.255;39.0438;-77.4874
63.217.5.0;63.217.5.239;38.9586;-77.357
63.217.5.240;63.217.7.47;39.0438;-77.4874
63.217.7.48;63.217.7.191;40.7128;-74.006
63.217.7.192;63.217.9.79;39.0438;-77.4874
63.217.9.80;63.217.9.239;40.7128;-74.006
63.217.9.240;63.217.11.47;39.0438;-77.4874
63.217.11.48;63.217.12.15;40.7128;-74.006
63.217.12.16;63.217.13.31;39.0438;-77.4874
63.217.13.32;63.217.13.239;40.7128;-74.006
63.217.13.240;63.217.14.255;39.0438;-77.4874
63.217.15.0;63.217.15.255;38.9586;-77.357
63.217.16.0;63.217.16.255;39.0438;-77.4874
63.217.17.0;63.217.17.223;22.3193;114.169
63.217.17.224;63.217.19.15;39.0438;-77.4874
63.217.19.16;63.217.19.239;40.7128;-74.006
63.217.19.240;63.217.21.95;39.0438;-77.4874
63.217.21.96;63.217.21.255;37.3387;-121.885
63.217.22.0;63.217.22.255;39.0438;-77.4874
63.217.23.0;63.217.23.255;37.3387;-121.885
63.217.24.0;63.217.24.239;39.0438;-77.4874
63.217.24.240;63.217.25.255;1.35208;103.82
63.217.26.0;63.217.27.31;39.0438;-77.4874
63.217.27.32;63.217.27.255;38.9586;-77.357
63.217.28.0;63.217.28.223;39.0438;-77.4874
63.217.28.224;63.217.29.255;15.3105;-61.3602
63.217.30.0;63.217.31.47;39.0438;-77.4874
63.217.31.48;63.217.31.255;40.7128;-74.006
63.217.32.0;63.217.35.255;25.8484;-80.1949
63.217.36.0;63.217.37.15;40.7128;-74.006
63.217.37.16;63.217.37.255;39.0438;-77.4874
63.217.38.0;63.217.39.15;40.7128;-74.006
63.217.39.16;63.217.40.15;39.0438;-77.4874
63.217.40.16;63.217.40.223;40.7128;-74.006
63.217.40.224;63.217.42.79;39.0438;-77.4874
63.217.42.80;63.217.42.223;40.7128;-74.006
63.217.42.224;63.217.44.15;39.0438;-77.4874
63.217.44.16;63.217.44.255;40.7128;-74.006
63.217.45.0;63.217.46.111;39.0438;-77.4874
63.217.46.112;63.217.46.255;40.7128;-74.006
63.217.47.0;63.217.47.207;22.3193;114.169
63.217.47.208;63.217.48.255;39.0438;-77.4874
63.217.49.0;63.217.49.255;35.694;139.754
63.217.50.0;63.217.50.111;40.7128;-74.006
63.217.50.112;63.217.52.31;39.0438;-77.4874
63.217.52.32;63.217.52.255;40.7128;-74.006
63.217.53.0;63.217.54.63;39.0438;-77.4874
63.217.54.64;63.217.54.223;40.7128;-74.006
63.217.54.224;63.217.56.31;39.0438;-77.4874
63.217.56.32;63.217.56.223;40.7128;-74.006
63.217.56.224;63.217.58.63;39.0438;-77.4874
63.217.58.64;63.217.58.255;40.7128;-74.006
63.217.59.0;63.217.59.255;39.0438;-77.4874
63.217.60.0;63.217.61.15;13.7563;100.502
63.217.61.16;63.217.61.79;40.7128;-74.006
63.217.61.80;63.217.63.255;13.7563;100.502
63.217.64.0;63.217.64.255;40.7128;-74.006
63.217.65.0;63.217.65.255;39.0438;-77.4874
63.217.66.0;63.217.66.247;22.3193;114.169
63.217.66.248;63.217.67.255;39.0438;-77.4874
63.217.68.0;63.217.68.255;40.7128;-74.006
63.217.69.0;63.217.70.255;38.9586;-77.357
63.217.71.0;63.217.71.239;25.0689;121.591
63.217.71.240;63.217.73.63;39.0438;-77.4874
63.217.73.64;63.217.73.239;40.7128;-74.006
63.217.73.240;63.217.75.15;39.0438;-77.4874
63.217.75.16;63.217.75.255;40.7128;-74.006
63.217.76.0;63.217.76.255;39.0438;-77.4874
63.217.77.0;63.217.78.31;40.7128;-74.006
63.217.78.32;63.217.78.255;39.0438;-77.4874
63.217.79.0;63.217.79.223;40.7128;-74.006
63.217.79.224;63.217.80.255;39.0438;-77.4874
63.217.81.0;63.217.81.255;22.2776;114.183
63.217.82.0;63.217.82.255;22.2661;114.247
63.217.83.0;63.217.83.239;22.2776;114.183
63.217.83.240;63.217.84.255;39.0438;-77.4874
63.217.85.0;63.217.85.207;38.9586;-77.357
63.217.85.208;63.217.86.127;39.0438;-77.4874
63.217.86.128;63.217.87.255;22.3193;114.169
63.217.88.0;63.217.88.255;40.7128;-74.006
63.217.89.0;63.217.89.255;39.0438;-77.4874
63.217.90.0;63.217.90.255;40.7128;-74.006
63.217.91.0;63.217.91.143;25.0689;121.591
63.217.91.144;63.217.93.15;39.0438;-77.4874
63.217.93.16;63.217.93.255;40.7128;-74.006
63.217.94.0;63.217.95.15;39.0438;-77.4874
63.217.95.16;63.217.95.223;40.7128;-74.006
63.217.95.224;63.217.97.15;39.0438;-77.4874
63.217.97.16;63.217.97.239;38.9586;-77.357
63.217.97.240;63.217.99.63;39.0438;-77.4874
63.217.99.64;63.217.99.223;40.7128;-74.006
63.217.99.224;63.217.100.239;39.0438;-77.4874
63.217.100.240;63.217.101.207;40.7128;-74.006
63.217.101.208;63.217.102.255;39.0438;-77.4874
63.217.103.0;63.217.103.207;35.694;139.754
63.217.103.208;63.217.105.47;39.0438;-77.4874
63.217.105.48;63.217.106.31;40.7128;-74.006
63.217.106.32;63.217.106.239;39.0438;-77.4874
63.217.106.240;63.217.107.175;40.7128;-74.006
63.217.107.176;63.217.109.15;39.0438;-77.4874
63.217.109.16;63.217.109.239;40.7128;-74.006
63.217.109.240;63.217.111.15;39.0438;-77.4874
63.217.111.16;63.217.111.255;40.7128;-74.006
63.217.112.0;63.217.113.255;26.1201;-80.1381
63.217.114.0;63.217.114.255;40.7128;-74.006
63.217.115.0;63.217.115.255;25.7617;-80.1918
63.217.116.0;63.217.117.47;39.0438;-77.4874
63.217.117.48;63.217.117.191;40.7128;-74.006
63.217.117.192;63.217.118.255;39.0438;-77.4874
63.217.119.0;63.217.119.255;38.9586;-77.357
63.217.120.0;63.217.122.95;-33.8688;151.209
63.217.122.96;63.217.122.239;-37.9048;145.146
63.217.122.240;63.217.123.255;-33.8688;151.209
63.217.124.0;63.217.125.63;39.0438;-77.4874
63.217.125.64;63.217.125.255;40.7128;-74.006
63.217.126.0;63.217.127.15;39.0438;-77.4874
63.217.127.16;63.217.127.143;40.7128;-74.006
63.217.127.144;63.217.128.255;39.0438;-77.4874
63.217.129.0;63.217.129.63;40.7128;-74.006
63.217.129.64;63.217.131.15;39.0438;-77.4874
63.217.131.16;63.217.131.175;40.7128;-74.006
63.217.131.176;63.217.133.15;39.0438;-77.4874
63.217.133.16;63.217.134.15;40.7128;-74.006
63.217.134.16;63.217.135.47;39.0438;-77.4874
63.217.135.48;63.217.135.223;40.7128;-74.006
63.217.135.224;63.217.136.239;39.0438;-77.4874
63.217.136.240;63.217.137.255;40.7128;-74.006
63.217.138.0;63.217.139.15;39.0438;-77.4874
63.217.139.16;63.217.139.255;40.7128;-74.006
63.217.140.0;63.217.141.31;39.0438;-77.4874
63.217.141.32;63.217.142.15;40.7128;-74.006
63.217.142.16;63.217.142.239;39.0438;-77.4874
63.217.142.240;63.217.144.15;40.7128;-74.006
63.217.144.16;63.217.145.47;39.0438;-77.4874
63.217.145.48;63.217.145.239;40.7128;-74.006
63.217.145.240;63.217.147.31;39.0438;-77.4874
63.217.147.32;63.217.148.15;40.7128;-74.006
63.217.148.16;63.217.148.255;39.0438;-77.4874
63.217.149.0;63.217.149.191;40.7128;-74.006
63.217.149.192;63.217.151.79;39.0438;-77.4874
63.217.151.80;63.217.151.239;40.7128;-74.006
63.217.151.240;63.217.153.15;39.0438;-77.4874
63.217.153.16;63.217.153.239;40.7128;-74.006
63.217.153.240;63.217.155.15;39.0438;-77.4874
63.217.155.16;63.217.156.31;40.7128;-74.006
63.217.156.32;63.217.157.15;39.0438;-77.4874
63.217.157.16;63.217.157.255;45.5022;-73.5653
63.217.158.0;63.217.158.255;40.7128;-74.006
63.217.159.0;63.217.160.15;39.0438;-77.4874
63.217.160.16;63.217.160.255;40.7128;-74.006
63.217.161.0;63.217.162.47;39.0438;-77.4874
63.217.162.48;63.217.162.223;40.7128;-74.006
63.217.162.224;63.217.163.239;39.0438;-77.4874
63.217.163.240;63.217.165.31;40.7128;-74.006
63.217.165.32;63.217.165.255;39.0438;-77.4874
63.217.166.0;63.217.166.191;40.7128;-74.006
63.217.166.192;63.217.167.255;39.0438;-77.4874
63.217.168.0;63.217.168.255;50.12;8.73571
63.217.169.0;63.217.169.255;50.1109;8.68213
63.217.170.0;63.217.170.159;50.12;8.73571
63.217.170.160;63.217.172.15;39.0438;-77.4874
63.217.172.16;63.217.172.255;40.7128;-74.006
63.217.173.0;63.217.174.15;39.0438;-77.4874
63.217.174.16;63.217.174.143;45.5022;-73.5653
63.217.174.144;63.217.176.31;39.0438;-77.4874
63.217.176.32;63.217.176.239;40.7128;-74.006
63.217.176.240;63.217.178.15;39.0438;-77.4874
63.217.178.16;63.217.179.15;40.7128;-74.006
63.217.179.16;63.217.180.31;39.0438;-77.4874
63.217.180.32;63.217.180.255;40.7128;-74.006
63.217.181.0;63.217.181.255;39.0438;-77.4874
63.217.182.0;63.217.182.239;40.7128;-74.006
63.217.182.240;63.217.183.255;39.0438;-77.4874
63.217.184.0;63.217.184.239;40.7128;-74.006
63.217.184.240;63.217.186.111;39.0438;-77.4874
63.217.186.112;63.217.186.127;40.7128;-74.006
63.217.186.128;63.217.188.95;39.0438;-77.4874
63.217.188.96;63.217.188.255;40.7128;-74.006
63.217.189.0;63.217.190.143;39.0438;-77.4874
63.217.190.144;63.217.190.239;40.7128;-74.006
63.217.190.240;63.217.191.239;39.0438;-77.4874
63.217.191.240;63.217.192.191;40.7128;-74.006
63.217.192.192;63.217.193.255;39.0438;-77.4874
63.217.194.0;63.217.194.255;38.9586;-77.357
63.217.195.0;63.217.196.127;39.0438;-77.4874
63.217.196.128;63.217.196.255;40.7128;-74.006
63.217.197.0;63.217.197.255;39.0438;-77.4874
63.217.198.0;63.217.198.207;40.7128;-74.006
63.217.198.208;63.217.200.95;39.0438;-77.4874
63.217.200.96;63.217.200.111;38.9586;-77.357
63.217.200.112;63.217.201.255;39.0438;-77.4874
63.217.202.0;63.217.202.255;38.9586;-77.357
63.217.203.0;63.217.204.47;39.0438;-77.4874
63.217.204.48;63.217.204.239;40.7128;-74.006
63.217.204.240;63.217.206.63;39.0438;-77.4874
63.217.206.64;63.217.206.159;40.7128;-74.006
63.217.206.160;63.217.207.255;39.0438;-77.4874
63.217.208.0;63.217.208.255;41.8781;-87.6298
63.217.209.0;63.217.209.255;39.0438;-77.4874
63.217.210.0;63.217.210.255;40.7128;-74.006
63.217.211.0;63.217.211.159;41.8781;-87.6298
63.217.211.160;63.217.213.15;39.0438;-77.4874
63.217.213.16;63.217.213.255;40.7128;-74.006
63.217.214.0;63.217.215.15;39.0438;-77.4874
63.217.215.16;63.217.215.175;40.7128;-74.006
63.217.215.176;63.217.217.47;39.0438;-77.4874
63.217.217.48;63.217.217.223;40.7128;-74.006
63.217.217.224;63.217.219.15;39.0438;-77.4874
63.217.219.16;63.217.219.255;40.7128;-74.006
63.217.220.0;63.217.221.15;38.9586;-77.357
63.217.221.16;63.217.222.15;39.0438;-77.4874
63.217.222.16;63.217.222.255;40.7128;-74.006
63.217.223.0;63.217.223.255;34.0633;-118.239
63.217.224.0;63.217.224.255;39.0438;-77.4874
63.217.225.0;63.217.225.191;32.7767;-96.797
63.217.225.192;63.217.227.79;39.0438;-77.4874
63.217.227.80;63.217.227.255;40.7128;-74.006
63.217.228.0;63.217.228.239;38.9586;-77.357
63.217.228.240;63.217.230.31;39.0438;-77.4874
63.217.230.32;63.217.230.223;40.7128;-74.006
63.217.230.224;63.217.232.15;39.0438;-77.4874
63.217.232.16;63.217.232.255;40.7128;-74.006
63.217.233.0;63.217.233.255;39.0438;-77.4874
63.217.234.0;63.217.235.255;37.4837;-121.942
63.217.236.0;63.217.237.31;39.0438;-77.4874
63.217.237.32;63.217.237.255;22.3193;114.169
63.217.238.0;63.217.239.15;40.7128;-74.006
63.217.239.16;63.217.239.255;39.0438;-77.4874
63.217.240.0;63.217.247.255;25.8484;-80.1949
63.217.248.0;63.217.249.63;39.0438;-77.4874
63.217.249.64;63.217.249.111;40.7128;-74.006
63.217.249.112;63.217.251.63;39.0438;-77.4874
63.217.251.64;63.217.251.239;40.7128;-74.006
63.217.251.240;63.217.253.15;39.0438;-77.4874
63.217.253.16;63.217.253.255;40.7128;-74.006
63.217.254.0;63.217.254.255;22.3193;114.169
63.217.255.0;63.217.255.239;40.7128;-74.006
63.217.255.240;63.218.0.255;39.0438;-77.4874
63.218.1.0;63.218.1.255;22.3193;114.169
63.218.2.0;63.218.2.255;51.5072;-0.127586
63.218.3.0;63.218.3.255;39.0438;-77.4874
63.218.4.0;63.218.4.255;41.8781;-87.6298
63.218.5.0;63.218.5.207;40.7128;-74.006
63.218.5.208;63.218.6.255;39.0438;-77.4874
63.218.7.0;63.218.7.255;40.7128;-74.006
63.218.8.0;63.218.8.255;34.6937;135.502
63.218.9.0;63.218.9.255;40.7128;-74.006
63.218.10.0;63.218.10.255;25.7617;-80.1918
63.218.11.0;63.218.11.255;39.0438;-77.4874
63.218.12.0;63.218.12.255;51.5072;-0.127586
63.218.13.0;63.218.13.239;40.7128;-74.006
63.218.13.240;63.218.14.255;50.1109;8.68213
63.218.15.0;63.218.15.239;40.7128;-74.006
63.218.15.240;63.218.16.223;39.0438;-77.4874
63.218.16.224;63.218.17.223;40.7128;-74.006
63.218.17.224;63.218.19.79;39.0438;-77.4874
63.218.19.80;63.218.19.255;40.7128;-74.006
63.218.20.0;63.218.21.95;39.0438;-77.4874
63.218.21.96;63.218.21.255;40.7128;-74.006
63.218.22.0;63.218.22.223;32.7767;-96.797
63.218.22.224;63.218.23.255;40.7128;-74.006
63.218.24.0;63.218.25.47;34.0549;-118.243
63.218.25.48;63.218.25.255;40.7128;-74.006
63.218.26.0;63.218.26.255;43.6532;-79.3832
63.218.27.0;63.218.28.15;40.7128;-74.006
63.218.28.16;63.218.29.47;39.0438;-77.4874
63.218.29.48;63.218.29.255;40.7128;-74.006
63.218.30.0;63.218.31.15;39.9526;-75.1652
63.218.31.16;63.218.31.255;39.0438;-77.4874
63.218.32.0;63.218.33.15;40.7128;-74.006
63.218.33.16;63.218.34.15;39.0438;-77.4874
63.218.34.16;63.218.34.255;40.7128;-74.006
63.218.35.0;63.218.36.31;39.0438;-77.4874
63.218.36.32;63.218.36.255;35.694;139.754
63.218.37.0;63.218.37.255;45.4685;9.1824
63.218.38.0;63.218.39.255;50.0742;14.4359
63.218.40.0;63.218.41.15;37.3387;-121.885
63.218.41.16;63.218.41.255;40.7128;-74.006
63.218.42.0;63.218.42.143;34.0549;-118.243
63.218.42.144;63.218.44.47;39.0438;-77.4874
63.218.44.48;63.218.44.255;43.2965;5.36978
63.218.45.0;63.218.45.255;28.598;-81.3596
63.218.46.0;63.218.46.143;40.7128;-74.006
63.218.46.144;63.218.47.255;39.0438;-77.4874
63.218.48.0;63.218.48.255;41.8536;-87.6183
63.218.49.0;63.218.51.255;41.9197;-89.0676
63.218.52.0;63.218.52.255;39.0438;-77.4874
63.218.53.0;63.218.53.255;41.9197;-89.0676
63.218.54.0;63.218.54.239;39.0438;-77.4874
63.218.54.240;63.218.55.255;40.7128;-74.006
63.218.56.0;63.218.56.255;25.9244;-80.2175
63.218.57.0;63.218.57.255;40.7128;-74.006
63.218.58.0;63.218.59.79;39.0438;-77.4874
63.218.59.80;63.218.59.191;40.7128;-74.006
63.218.59.192;63.218.60.255;39.0438;-77.4874
63.218.61.0;63.218.61.255;22.3193;114.169
63.218.62.0;63.218.62.223;39.0438;-77.4874
63.218.62.224;63.218.63.255;22.3193;114.169
63.218.64.0;63.218.65.7;39.0438;-77.4874
63.218.65.8;63.218.65.255;40.7389;-73.9919
63.218.66.0;63.218.66.255;52.3676;4.90414
63.218.67.0;63.218.67.255;39.0438;-77.4874
63.218.68.0;63.218.68.255;33.7488;-84.3877
63.218.69.0;63.218.69.255;40.7389;-73.9919
63.218.70.0;63.218.70.223;40.7128;-74.006
63.218.70.224;63.218.71.255;39.0438;-77.4874
63.218.72.0;63.218.72.255;34.0549;-118.243
63.218.73.0;63.218.74.31;39.0438;-77.4874
63.218.74.32;63.218.74.239;1.35208;103.82
63.218.74.240;63.218.76.31;39.0438;-77.4874
63.218.76.32;63.218.76.255;1.35208;103.82
63.218.77.0;63.218.77.255;39.0438;-77.4874
63.218.78.0;63.218.79.15;25.0689;121.591
63.218.79.16;63.218.79.255;40.7128;-74.006
63.218.80.0;63.218.81.31;59.3293;18.0686
63.218.81.32;63.218.81.255;39.0438;-77.4874
63.218.82.0;63.218.82.207;33.4484;-112.074
63.218.82.208;63.218.83.243;39.0438;-77.4874
63.218.83.244;63.218.85.15;40.7128;-74.006
63.218.85.16;63.218.86.63;39.0438;-77.4874
63.218.86.64;63.218.86.79;40.7128;-74.006
63.218.86.80;63.218.88.31;39.0438;-77.4874
63.218.88.32;63.218.88.255;43.6532;-79.3832
63.218.89.0;63.218.89.255;48.8566;2.35222
63.218.90.0;63.218.91.63;34.0549;-118.243
63.218.91.64;63.218.92.47;39.0438;-77.4874
63.218.92.48;63.218.92.255;38.9586;-77.357
63.218.93.0;63.218.95.111;39.0438;-77.4874
63.218.95.112;63.218.95.255;40.7128;-74.006
63.218.96.0;63.218.96.255;39.0997;-94.5786
63.218.97.0;63.218.97.239;17.9757;102.633
63.218.97.240;63.218.99.31;40.7128;-74.006
63.218.99.32;63.218.99.255;39.0438;-77.4874
63.218.100.0;63.218.101.255;50.8503;4.35171
63.218.102.0;63.218.103.63;39.0438;-77.4874
63.218.103.64;63.218.103.239;40.7128;-74.006
63.218.103.240;63.218.104.255;39.0438;-77.4874
63.218.105.0;63.218.105.255;40.7128;-74.006
63.218.106.0;63.218.106.255;50.4687;4.43196
63.218.107.0;63.218.107.255;1.35208;103.82
63.218.108.0;63.218.108.175;39.0438;-77.4874
63.218.108.176;63.218.110.15;40.7128;-74.006
63.218.110.16;63.218.111.63;39.0438;-77.4874
63.218.111.64;63.218.111.255;40.7128;-74.006
63.218.112.0;63.218.112.255;25.7617;-80.1918
63.218.113.0;63.218.113.255;40.7128;-74.006
63.218.114.0;63.218.114.255;22.3193;114.169
63.218.115.0;63.218.115.255;40.7128;-74.006
63.218.116.0;63.218.116.191;-33.8688;151.209
63.218.116.192;63.218.117.255;39.0438;-77.4874
63.218.118.0;63.218.119.63;-23.5558;-46.6396
63.218.119.64;63.218.120.15;39.0438;-77.4874
63.218.120.16;63.218.120.159;27.5036;-99.5076
63.218.120.160;63.218.121.255;39.0438;-77.4874
63.218.122.0;63.218.122.255;40.7128;-74.006
63.218.123.0;63.218.124.31;38.9586;-77.357
63.218.124.32;63.218.125.15;39.0438;-77.4874
63.218.125.16;63.218.125.223;35.3387;25.1442
63.218.125.224;63.218.127.31;39.0438;-77.4874
63.218.127.32;63.218.128.15;40.7128;-74.006
63.218.128.16;63.218.128.255;39.0438;-77.4874
63.218.129.0;63.218.129.223;15.3105;-61.3602
63.218.129.224;63.218.131.79;39.0438;-77.4874
63.218.131.80;63.218.131.223;40.7128;-74.006
63.218.131.224;63.218.133.79;39.0438;-77.4874
63.218.133.80;63.218.133.239;40.7128;-74.006
63.218.133.240;63.218.134.255;39.0438;-77.4874
63.218.135.0;63.218.135.255;38.9816;-76.9388
63.218.136.0;63.218.136.255;14.5995;120.984
63.218.137.0;63.218.137.255;43.6423;-72.2518
63.218.138.0;63.218.138.255;39.0438;-77.4874
63.218.139.0;63.218.139.191;40.7128;-74.006
63.218.139.192;63.218.140.255;39.0438;-77.4874
63.218.141.0;63.218.141.255;40.7367;-74.0067
63.218.142.0;63.218.143.255;40.4167;-3.70329
63.218.144.0;63.218.144.223;22.3193;114.169
63.218.144.224;63.218.145.255;39.0438;-77.4874
63.218.146.0;63.218.146.255;35.694;139.754
63.218.147.0;63.218.147.255;40.7128;-74.006
63.218.148.0;63.218.149.15;37.561;126.995
63.218.149.16;63.218.149.255;40.7128;-74.006
63.218.150.0;63.218.150.239;-28.9597;31.7501
63.218.150.240;63.218.151.255;39.0438;-77.4874
63.218.152.0;63.218.152.191;40.7128;-74.006
63.218.152.192;63.218.154.31;39.0438;-77.4874
63.218.154.32;63.218.155.15;40.7128;-74.006
63.218.155.16;63.218.155.255;39.0438;-77.4874
63.218.156.0;63.218.157.255;-33.8688;151.209
63.218.158.0;63.218.159.79;39.0438;-77.4874
63.218.159.80;63.218.159.255;40.7128;-74.006
63.218.160.0;63.218.161.159;26.2034;-98.23
63.218.161.160;63.218.161.255;39.0438;-77.4874
63.218.162.0;63.218.162.239;1.35208;103.82
63.218.162.240;63.218.163.255;39.0438;-77.4874
63.218.164.0;63.218.165.15;1.35208;103.82
63.218.165.16;63.218.166.15;39.0438;-77.4874
63.218.166.16;63.218.166.255;3.139;101.687
63.218.167.0;63.218.167.255;39.0438;-77.4874
63.218.168.0;63.218.169.15;40.7128;-74.006
63.218.169.16;63.218.169.255;39.0438;-77.4874
63.218.170.0;63.218.171.47;13.7563;100.502
63.218.171.48;63.218.171.255;-17.7952;25.1711
63.218.172.0;63.218.173.15;39.0438;-77.4874
63.218.173.16;63.218.173.255;37.9838;23.7275
63.218.174.0;63.218.175.79;22.3193;114.169
63.218.175.80;63.218.176.31;39.0438;-77.4874
63.218.176.32;63.218.176.255;53.3498;-6.26031
63.218.177.0;63.218.177.255;40.7128;-74.006
63.218.178.0;63.218.179.15;37.3387;-121.885
63.218.179.16;63.218.179.255;40.7128;-74.006
63.218.180.0;63.218.181.31;-6.19445;106.823
63.218.181.32;63.218.181.239;39.0438;-77.4874
63.218.181.240;63.218.182.255;40.7128;-74.006
63.218.183.0;63.218.183.255;35.694;139.754
63.218.184.0;63.218.185.255;21.0278;105.834
63.218.186.0;63.218.187.15;39.0438;-77.4874
63.218.187.16;63.218.187.255;40.7128;-74.006
63.218.188.0;63.218.188.255;-33.9249;18.4241
63.218.189.0;63.218.190.15;39.0438;-77.4874
63.218.190.16;63.218.190.223;22.3193;114.169
63.218.190.224;63.218.191.255;39.0438;-77.4874
63.218.192.0;63.218.195.255;48.856;2.3835
63.218.196.0;63.218.197.15;39.0438;-77.4874
63.218.197.16;63.218.198.15;40.7128;-74.006
63.218.198.16;63.218.198.255;44.8125;20.4612
63.218.199.0;63.218.200.15;39.0438;-77.4874
63.218.200.16;63.218.200.207;44.4268;26.1025
63.218.200.208;63.218.201.255;39.0438;-77.4874
63.218.202.0;63.218.202.255;40.7128;-74.006
63.218.203.0;63.218.203.255;42.6977;23.3219
63.218.204.0;63.218.204.239;22.3193;114.169
63.218.204.240;63.218.206.31;39.0438;-77.4874
63.218.206.32;63.218.207.15;51.5072;-0.127586
63.218.207.16;63.218.207.255;39.0438;-77.4874
63.218.208.0;63.218.208.223;3.139;101.687
63.218.208.224;63.218.209.255;39.0438;-77.4874
63.218.210.0;63.218.211.31;22.3193;114.169
63.218.211.32;63.218.211.255;39.0438;-77.4874
63.218.212.0;63.218.212.255;34.0549;-118.243
63.218.213.0;63.218.213.255;1.35208;103.82
63.218.214.0;63.218.215.15;22.3193;114.169
63.218.215.16;63.218.216.15;39.0438;-77.4874
63.218.216.16;63.218.216.239;53.3498;-6.26031
63.218.216.240;63.218.218.63;39.0438;-77.4874
63.218.218.64;63.218.218.79;48.8566;2.35222
63.218.218.80;63.218.219.239;39.0438;-77.4874
63.218.219.240;63.218.220.255;40.7128;-74.006
63.218.221.0;63.218.221.239;39.0438;-77.4874
63.218.221.240;63.218.222.255;40.7128;-74.006
63.218.223.0;63.218.223.255;45.8992;6.12938
63.218.224.0;63.218.224.255;34.22;-119.04
63.218.225.0;63.218.225.175;40.7128;-74.006
63.218.225.176;63.218.226.255;39.0438;-77.4874
63.218.227.0;63.218.227.255;40.7128;-74.006
63.218.228.0;63.218.228.255;22.3193;114.169
63.218.229.0;63.218.229.255;40.7128;-74.006
63.218.230.0;63.218.230.255;34.1943;-118.388
63.218.231.0;63.218.231.255;39.0438;-77.4874
63.218.232.0;63.218.232.239;50.1109;8.68213
63.218.232.240;63.218.233.207;40.7128;-74.006
63.218.233.208;63.218.235.207;39.0438;-77.4874
63.218.235.208;63.218.235.255;40.7128;-74.006
63.218.236.0;63.218.236.255;37.561;126.995
63.218.237.0;63.218.238.31;40.7128;-74.006
63.218.238.32;63.218.238.255;48.8566;2.35222
63.218.239.0;63.218.239.255;51.5072;-0.127586
63.218.240.0;63.218.241.47;22.3193;114.169
63.218.241.48;63.218.241.255;40.7128;-74.006
63.218.242.0;63.218.242.255;39.0438;-77.4874
63.218.243.0;63.218.244.15;40.7128;-74.006
63.218.244.16;63.218.245.47;39.0438;-77.4874
63.218.245.48;63.218.245.255;40.7128;-74.006
63.218.246.0;63.218.246.255;25.0689;121.591
63.218.247.0;63.218.247.255;38.9586;-77.357
63.218.248.0;63.218.248.255;1.35208;103.82
63.218.249.0;63.218.249.255;39.0438;-77.4874
63.218.250.0;63.218.251.63;35.694;139.754
63.218.251.64;63.218.251.255;40.7128;-74.006
63.218.252.0;63.218.252.239;39.0438;-77.4874
63.218.252.240;63.218.253.239;22.3193;114.169
63.218.253.240;63.218.254.255;40.7128;-74.006
63.218.255.0;63.218.255.255;22.3193;114.169
63.219.0.0;63.219.1.31;40.7128;-74.006
63.219.1.32;63.219.2.143;39.0438;-77.4874
63.219.2.144;63.219.2.255;40.7128;-74.006
63.219.3.0;63.219.3.255;39.0438;-77.4874
63.219.4.0;63.219.4.255;38.9586;-77.357
63.219.5.0;63.219.6.127;39.0438;-77.4874
63.219.6.128;63.219.6.255;40.7128;-74.006
63.219.7.0;63.219.7.255;27.3538;95.3153
63.219.8.0;63.219.8.223;40.7128;-74.006
63.219.8.224;63.219.10.63;39.0438;-77.4874
63.219.10.64;63.219.10.239;40.7128;-74.006
63.219.10.240;63.219.12.15;39.0438;-77.4874
63.219.12.16;63.219.12.207;40.7128;-74.006
63.219.12.208;63.219.13.255;39.0438;-77.4874
63.219.14.0;63.219.14.255;40.7128;-74.006
63.219.15.0;63.219.15.239;39.0438;-77.4874
63.219.15.240;63.219.16.255;40.7128;-74.006
63.219.17.0;63.219.18.15;39.0438;-77.4874
63.219.18.16;63.219.18.255;40.7128;-74.006
63.219.19.0;63.219.19.255;22.3193;114.169
63.219.20.0;63.219.21.15;39.0438;-77.4874
63.219.21.16;63.219.22.15;40.7128;-74.006
63.219.22.16;63.219.22.239;37.3387;-121.885
63.219.22.240;63.219.24.63;39.0438;-77.4874
63.219.24.64;63.219.24.255;40.7128;-74.006
63.219.25.0;63.219.25.255;34.0511;-118.254
63.219.26.0;63.219.26.255;39.0438;-77.4874
63.219.27.0;63.219.28.255;34.4422;-119.831
63.219.29.0;63.219.30.111;39.0438;-77.4874
63.219.30.112;63.219.30.143;40.7128;-74.006
63.219.30.144;63.219.32.79;39.0438;-77.4874
63.219.32.80;63.219.32.95;38.9586;-77.357
63.219.32.96;63.219.35.31;39.0438;-77.4874
63.219.35.32;63.219.36.15;40.7128;-74.006
63.219.36.16;63.219.37.63;39.0438;-77.4874
63.219.37.64;63.219.37.191;40.7128;-74.006
63.219.37.192;63.219.39.127;39.0438;-77.4874
63.219.39.128;63.219.39.255;40.7128;-74.006
63.219.40.0;63.219.40.255;39.0438;-77.4874
63.219.41.0;63.219.41.223;40.7128;-74.006
63.219.41.224;63.219.42.255;39.0438;-77.4874
63.219.43.0;63.219.44.15;40.7128;-74.006
63.219.44.16;63.219.45.47;39.0438;-77.4874
63.219.45.48;63.219.46.47;40.7128;-74.006
63.219.46.48;63.219.47.15;39.0438;-77.4874
63.219.47.16;63.219.47.239;40.7128;-74.006
63.219.47.240;63.219.48.255;39.0438;-77.4874
63.219.49.0;63.219.49.255;40.7128;-74.006
63.219.50.0;63.219.50.239;39.0438;-77.4874
63.219.50.240;63.219.51.255;40.7128;-74.006
63.219.52.0;63.219.52.223;6.52438;3.37921
63.219.52.224;63.219.54.15;39.0438;-77.4874
63.219.54.16;63.219.54.223;40.7128;-74.006
63.219.54.224;63.219.56.47;39.0438;-77.4874
63.219.56.48;63.219.56.255;40.7128;-74.006
63.219.57.0;63.219.58.15;39.0438;-77.4874
63.219.58.16;63.219.59.15;40.7128;-74.006
63.219.59.16;63.219.60.15;39.0438;-77.4874
63.219.60.16;63.219.60.223;40.7128;-74.006
63.219.60.224;63.219.62.15;39.0438;-77.4874
63.219.62.16;63.219.62.239;40.7128;-74.006
63.219.62.240;63.219.63.255;39.0438;-77.4874
63.219.64.0;63.219.64.255;45.5022;-73.5653
63.219.65.0;63.219.66.63;39.0438;-77.4874
63.219.66.64;63.219.67.15;40.7128;-74.006
63.219.67.16;63.219.68.47;39.0438;-77.4874
63.219.68.48;63.219.68.191;40.7128;-74.006
63.219.68.192;63.219.69.255;39.0438;-77.4874
63.219.70.0;63.219.70.191;40.7128;-74.006
63.219.70.192;63.219.71.255;39.0438;-77.4874
63.219.72.0;63.219.72.207;40.7128;-74.006
63.219.72.208;63.219.74.95;39.0438;-77.4874
63.219.74.96;63.219.74.255;40.7128;-74.006
63.219.75.0;63.219.75.255;39.0438;-77.4874
63.219.76.0;63.219.76.207;40.7128;-74.006
63.219.76.208;63.219.78.47;39.0438;-77.4874
63.219.78.48;63.219.78.111;38.9586;-77.357
63.219.78.112;63.219.80.31;39.0438;-77.4874
63.219.80.32;63.219.81.15;40.7128;-74.006
63.219.81.16;63.219.82.31;39.0438;-77.4874
63.219.82.32;63.219.82.255;40.7128;-74.006
63.219.83.0;63.219.84.47;39.0438;-77.4874
63.219.84.48;63.219.84.255;40.7128;-74.006
63.219.85.0;63.219.86.63;39.0438;-77.4874
63.219.86.64;63.219.86.255;40.7128;-74.006
63.219.87.0;63.219.88.47;39.0438;-77.4874
63.219.88.48;63.219.88.255;40.7128;-74.006
63.219.89.0;63.219.89.255;39.1094;-119.776
63.219.90.0;63.219.91.15;39.0438;-77.4874
63.219.91.16;63.219.91.255;40.7128;-74.006
63.219.92.0;63.219.92.255;33.7689;-118.184
63.219.93.0;63.219.94.47;39.0438;-77.4874
63.219.94.48;63.219.94.255;40.7128;-74.006
63.219.95.0;63.219.95.255;36.0665;-115.048
63.219.96.0;63.219.97.31;39.0438;-77.4874
63.219.97.32;63.219.97.255;40.7128;-74.006
63.219.98.0;63.219.98.255;39.0438;-77.4874
63.219.99.0;63.219.100.15;40.7128;-74.006
63.219.100.16;63.219.101.47;39.0438;-77.4874
63.219.101.48;63.219.101.191;40.7128;-74.006
63.219.101.192;63.219.103.15;39.0438;-77.4874
63.219.103.16;63.219.103.239;40.7128;-74.006
63.219.103.240;63.219.105.15;39.0438;-77.4874
63.219.105.16;63.219.105.223;40.7128;-74.006
63.219.105.224;63.219.106.239;39.0438;-77.4874
63.219.106.240;63.219.107.255;40.7128;-74.006
63.219.108.0;63.219.109.15;39.0438;-77.4874
63.219.109.16;63.219.109.175;40.7128;-74.006
63.219.109.176;63.219.110.255;39.0438;-77.4874
63.219.111.0;63.219.111.255;14.5995;120.984
63.219.112.0;63.219.113.47;39.0438;-77.4874
63.219.113.48;63.219.113.239;40.7128;-74.006
63.219.113.240;63.219.114.239;39.0438;-77.4874
63.219.114.240;63.219.115.255;40.7128;-74.006
63.219.116.0;63.219.117.63;39.0438;-77.4874
63.219.117.64;63.219.118.15;40.7128;-74.006
63.219.118.16;63.219.119.79;39.0438;-77.4874
63.219.119.80;63.219.119.175;38.9586;-77.357
63.219.119.176;63.219.121.47;39.0438;-77.4874
63.219.121.48;63.219.121.255;40.7128;-74.006
63.219.122.0;63.219.123.79;39.0438;-77.4874
63.219.123.80;63.219.123.255;40.7128;-74.006
63.219.124.0;63.219.125.127;39.0438;-77.4874
63.219.125.128;63.219.125.255;-26.2041;28.0473
63.219.126.0;63.219.126.255;39.0438;-77.4874
63.219.127.0;63.219.127.255;40.7128;-74.006
63.219.128.0;63.219.129.15;39.0438;-77.4874
63.219.129.16;63.219.129.255;40.7128;-74.006
63.219.130.0;63.219.130.255;39.0438;-77.4874
63.219.131.0;63.219.131.255;40.7128;-74.006
63.219.132.0;63.219.133.63;39.0438;-77.4874
63.219.133.64;63.219.133.207;40.7128;-74.006
63.219.133.208;63.219.135.79;39.0438;-77.4874
63.219.135.80;63.219.135.143;40.7128;-74.006
63.219.135.144;63.219.137.79;39.0438;-77.4874
63.219.137.80;63.219.138.15;40.7128;-74.006
63.219.138.16;63.219.139.15;39.0438;-77.4874
63.219.139.16;63.219.139.223;40.7128;-74.006
63.219.139.224;63.219.140.255;39.0438;-77.4874
63.219.141.0;63.219.141.255;40.7128;-74.006
63.219.142.0;63.219.143.95;39.0438;-77.4874
63.219.143.96;63.219.144.15;40.7128;-74.006
63.219.144.16;63.219.144.223;39.0438;-77.4874
63.219.144.224;63.219.146.15;40.7128;-74.006
63.219.146.16;63.219.146.255;39.0438;-77.4874
63.219.147.0;63.219.148.15;40.7128;-74.006
63.219.148.16;63.219.148.255;39.0438;-77.4874
63.219.149.0;63.219.150.15;40.7128;-74.006
63.219.150.16;63.219.150.255;39.0438;-77.4874
63.219.151.0;63.219.151.255;38.9542;-77.4017
63.219.152.0;63.219.152.207;40.7128;-74.006
63.219.152.208;63.219.154.15;39.0438;-77.4874
63.219.154.16;63.219.155.15;40.7128;-74.006
63.219.155.16;63.219.156.143;39.0438;-77.4874
63.219.156.144;63.219.156.159;40.7128;-74.006
63.219.156.160;63.219.157.255;39.0438;-77.4874
63.219.158.0;63.219.158.159;40.7128;-74.006
63.219.158.160;63.219.160.15;39.0438;-77.4874
63.219.160.16;63.219.161.15;40.7128;-74.006
63.219.161.16;63.219.162.47;39.0438;-77.4874
63.219.162.48;63.219.163.15;40.7128;-74.006
63.219.163.16;63.219.164.63;39.0438;-77.4874
63.219.164.64;63.219.165.15;40.7128;-74.006
63.219.165.16;63.219.165.239;39.0438;-77.4874
63.219.165.240;63.219.166.255;40.7128;-74.006
63.219.167.0;63.219.168.143;39.0438;-77.4874
63.219.168.144;63.219.169.31;40.7128;-74.006
63.219.169.32;63.219.169.255;39.0438;-77.4874
63.219.170.0;63.219.170.223;40.7128;-74.006
63.219.170.224;63.219.171.223;39.0438;-77.4874
63.219.171.224;63.219.172.239;40.7128;-74.006
63.219.172.240;63.219.174.31;39.0438;-77.4874
63.219.174.32;63.219.174.191;40.7128;-74.006
63.219.174.192;63.219.176.15;39.0438;-77.4874
63.219.176.16;63.219.177.15;15.3105;-61.3602
63.219.177.16;63.219.178.15;39.0438;-77.4874
63.219.178.16;63.219.178.95;40.7128;-74.006
63.219.178.96;63.219.179.255;15.3105;-61.3602
63.219.180.0;63.219.181.31;39.0438;-77.4874
63.219.181.32;63.219.182.15;40.7128;-74.006
63.219.182.16;63.219.183.15;39.0438;-77.4874
63.219.183.16;63.219.184.31;40.7128;-74.006
63.219.184.32;63.219.185.15;39.0438;-77.4874
63.219.185.16;63.219.186.15;40.7128;-74.006
63.219.186.16;63.219.187.47;39.0438;-77.4874
63.219.187.48;63.219.187.255;40.7128;-74.006
63.219.188.0;63.219.188.255;30.3622;-87.3393
63.219.189.0;63.219.189.239;39.0438;-77.4874
63.219.189.240;63.219.190.255;40.7128;-74.006
63.219.191.0;63.219.191.255;36.0665;-115.048
63.219.192.0;63.219.192.255;39.0438;-77.4874
63.219.193.0;63.219.193.255;33.4287;-117.613
63.219.194.0;63.219.195.31;39.0438;-77.4874
63.219.195.32;63.219.195.255;40.7128;-74.006
63.219.196.0;63.219.196.255;39.0438;-77.4874
63.219.197.0;63.219.197.255;40.7128;-74.006
63.219.198.0;63.219.198.255;34.1974;-119.178
63.219.199.0;63.219.200.63;39.0438;-77.4874
63.219.200.64;63.219.200.127;40.7128;-74.006
63.219.200.128;63.219.202.15;39.0438;-77.4874
63.219.202.16;63.219.202.223;40.7128;-74.006
63.219.202.224;63.219.204.79;39.0438;-77.4874
63.219.204.80;63.219.204.95;40.7128;-74.006
63.219.204.96;63.219.206.31;39.0438;-77.4874
63.219.206.32;63.219.206.143;40.7128;-74.006
63.219.206.144;63.219.208.15;39.0438;-77.4874
63.219.208.16;63.219.208.255;40.7128;-74.006
63.219.209.0;63.219.210.63;39.0438;-77.4874
63.219.210.64;63.219.210.255;40.7128;-74.006
63.219.211.0;63.219.212.15;42.6526;-73.7562
63.219.212.16;63.219.213.31;39.0438;-77.4874
63.219.213.32;63.219.213.223;40.7128;-74.006
63.219.213.224;63.219.214.255;39.0438;-77.4874
63.219.215.0;63.219.215.239;40.7128;-74.006
63.219.215.240;63.219.217.31;39.0438;-77.4874
63.219.217.32;63.219.217.223;40.7128;-74.006
63.219.217.224;63.219.218.255;39.0438;-77.4874
63.219.219.0;63.219.219.255;40.7128;-74.006
63.219.220.0;63.219.220.255;39.0438;-77.4874
63.219.221.0;63.219.222.15;40.7128;-74.006
63.219.222.16;63.219.223.31;39.0438;-77.4874
63.219.223.32;63.219.223.175;40.7128;-74.006
63.219.223.176;63.219.224.255;39.0438;-77.4874
63.219.225.0;63.219.225.255;38.9586;-77.357
63.219.226.0;63.219.226.255;40.7128;-74.006
63.219.227.0;63.219.227.255;39.0438;-77.4874
63.219.228.0;63.219.228.223;40.7128;-74.006
63.219.228.224;63.219.230.15;39.0438;-77.4874
63.219.230.16;63.219.231.15;40.7128;-74.006
63.219.231.16;63.219.231.255;39.0438;-77.4874
63.219.232.0;63.219.232.223;40.7128;-74.006
63.219.232.224;63.219.234.15;39.0438;-77.4874
63.219.234.16;63.219.235.15;40.7128;-74.006
63.219.235.16;63.219.236.191;39.0438;-77.4874
63.219.236.192;63.219.236.207;40.7128;-74.006
63.219.236.208;63.219.238.95;39.0438;-77.4874
63.219.238.96;63.219.238.255;40.7128;-74.006
63.219.239.0;63.219.240.79;39.0438;-77.4874
63.219.240.80;63.219.240.255;40.7128;-74.006
63.219.241.0;63.219.242.31;39.0438;-77.4874
63.219.242.32;63.219.242.239;40.7128;-74.006
63.219.242.240;63.219.243.255;39.0438;-77.4874
63.219.244.0;63.219.244.255;40.7128;-74.006
63.219.245.0;63.219.246.15;39.0438;-77.4874
63.219.246.16;63.219.246.79;40.7128;-74.006
63.219.246.80;63.219.248.15;39.0438;-77.4874
63.219.248.16;63.219.248.223;40.7128;-74.006
63.219.248.224;63.219.250.63;39.0438;-77.4874
63.219.250.64;63.219.250.175;40.7128;-74.006
63.219.250.176;63.219.252.31;39.0438;-77.4874
63.219.252.32;63.219.252.223;40.7128;-74.006
63.219.252.224;63.219.254.31;39.0438;-77.4874
63.219.254.32;63.219.255.31;40.7128;-74.006
63.219.255.32;63.220.0.79;39.0438;-77.4874
63.220.0.80;63.220.1.15;40.7128;-74.006
63.220.1.16;63.220.1.255;39.0438;-77.4874
63.220.2.0;63.220.2.255;22.2781;114.182
63.220.3.0;63.220.3.223;40.7128;-74.006
63.220.3.224;63.220.4.255;39.0438;-77.4874
63.220.5.0;63.220.5.223;40.7128;-74.006
63.220.5.224;63.220.7.239;39.0438;-77.4874
63.220.7.240;63.220.8.223;40.7128;-74.006
63.220.8.224;63.220.9.255;39.0438;-77.4874
63.220.10.0;63.220.10.207;40.7128;-74.006
63.220.10.208;63.220.12.63;39.0438;-77.4874
63.220.12.64;63.220.12.255;40.7128;-74.006
63.220.13.0;63.220.13.255;38.9586;-77.357
63.220.14.0;63.220.15.47;39.0438;-77.4874
63.220.15.48;63.220.15.223;40.7128;-74.006
63.220.15.224;63.220.17.127;39.0438;-77.4874
63.220.17.128;63.220.17.239;40.7128;-74.006
63.220.17.240;63.220.19.15;39.0438;-77.4874
63.220.19.16;63.220.19.175;40.7128;-74.006
63.220.19.176;63.220.21.79;39.0438;-77.4874
63.220.21.80;63.220.21.239;40.7128;-74.006
63.220.21.240;63.220.23.15;39.0438;-77.4874
63.220.23.16;63.220.23.255;40.7128;-74.006
63.220.24.0;63.220.25.47;39.0438;-77.4874
63.220.25.48;63.220.25.223;40.7128;-74.006
63.220.25.224;63.220.27.175;39.0438;-77.4874
63.220.27.176;63.220.27.239;40.7128;-74.006
63.220.27.240;63.220.29.15;39.0438;-77.4874
63.220.29.16;63.220.29.127;40.7128;-74.006
63.220.29.128;63.220.31.15;39.0438;-77.4874
63.220.31.16;63.220.31.239;40.7128;-74.006
63.220.31.240;63.220.33.63;39.0438;-77.4874
63.220.33.64;63.220.33.255;40.7128;-74.006
63.220.34.0;63.220.34.255;40.9095;-74.4994
63.220.35.0;63.220.36.127;39.0438;-77.4874
63.220.36.128;63.220.36.239;40.7128;-74.006
63.220.36.240;63.220.38.15;39.0438;-77.4874
63.220.38.16;63.220.38.223;40.7128;-74.006
63.220.38.224;63.220.40.15;39.0438;-77.4874
63.220.40.16;63.220.40.255;40.7128;-74.006
63.220.41.0;63.220.41.255;38.9029;-77.0425
63.220.42.0;63.220.42.239;40.7128;-74.006
63.220.42.240;63.220.44.15;39.0438;-77.4874
63.220.44.16;63.220.45.15;40.7128;-74.006
63.220.45.16;63.220.46.95;39.0438;-77.4874
63.220.46.96;63.220.46.239;40.7128;-74.006
63.220.46.240;63.220.48.47;39.0438;-77.4874
63.220.48.48;63.220.48.255;40.7128;-74.006
63.220.49.0;63.220.50.47;39.0438;-77.4874
63.220.50.48;63.220.50.239;40.7128;-74.006
63.220.50.240;63.220.51.255;39.0438;-77.4874
63.220.52.0;63.220.52.143;40.7128;-74.006
63.220.52.144;63.220.54.79;39.0438;-77.4874
63.220.54.80;63.220.55.15;40.7128;-74.006
63.220.55.16;63.220.56.143;39.0438;-77.4874
63.220.56.144;63.220.56.239;40.7128;-74.006
63.220.56.240;63.220.57.255;39.0438;-77.4874
63.220.58.0;63.220.58.143;40.7128;-74.006
63.220.58.144;63.220.60.47;39.0438;-77.4874
63.220.60.48;63.220.60.255;40.7128;-74.006
63.220.61.0;63.220.62.31;39.0438;-77.4874
63.220.62.32;63.220.62.239;42.6526;-73.7562
63.220.62.240;63.220.63.255;39.0438;-77.4874
63.220.64.0;63.220.64.255;6.52438;3.37921
63.220.65.0;63.220.65.255;22.3193;114.169
63.220.66.0;63.220.66.255;3.139;101.687
63.220.67.0;63.220.67.255;9.01919;38.7525
63.220.68.0;63.220.68.255;13.7563;100.502
63.220.69.0;63.220.69.255;1.35208;103.82
63.220.70.0;63.220.70.255;40.7128;-74.006
63.220.71.0;63.220.72.31;39.0438;-77.4874
63.220.72.32;63.220.72.255;40.7128;-74.006
63.220.73.0;63.220.74.111;39.0438;-77.4874
63.220.74.112;63.220.75.15;40.7128;-74.006
63.220.75.16;63.220.76.47;39.0438;-77.4874
63.220.76.48;63.220.76.255;42.6526;-73.7562
63.220.77.0;63.220.77.239;38.9586;-77.357
63.220.77.240;63.220.79.15;40.7128;-74.006
63.220.79.16;63.220.80.15;39.0438;-77.4874
63.220.80.16;63.220.80.175;40.7128;-74.006
63.220.80.176;63.220.82.47;39.0438;-77.4874
63.220.82.48;63.220.82.159;40.7128;-74.006
63.220.82.160;63.220.84.15;39.0438;-77.4874
63.220.84.16;63.220.84.223;40.7128;-74.006
63.220.84.224;63.220.86.15;39.0438;-77.4874
63.220.86.16;63.220.86.191;40.7128;-74.006
63.220.86.192;63.220.88.15;39.0438;-77.4874
63.220.88.16;63.220.88.239;40.7128;-74.006
63.220.88.240;63.220.90.95;39.0438;-77.4874
63.220.90.96;63.220.90.239;40.7128;-74.006
63.220.90.240;63.220.92.95;39.0438;-77.4874
63.220.92.96;63.220.92.223;42.6526;-73.7562
63.220.92.224;63.220.94.47;39.0438;-77.4874
63.220.94.48;63.220.94.255;40.7128;-74.006
63.220.95.0;63.220.96.15;39.0438;-77.4874
63.220.96.16;63.220.96.255;40.7128;-74.006
63.220.97.0;63.220.98.63;39.0438;-77.4874
63.220.98.64;63.220.98.207;40.7128;-74.006
63.220.98.208;63.220.100.15;39.0438;-77.4874
63.220.100.16;63.220.101.15;40.7128;-74.006
63.220.101.16;63.220.102.159;39.0438;-77.4874
63.220.102.160;63.220.102.223;40.7128;-74.006
63.220.102.224;63.220.104.159;39.0438;-77.4874
63.220.104.160;63.220.104.239;38.9586;-77.357
63.220.104.240;63.220.106.31;39.0438;-77.4874
63.220.106.32;63.220.106.255;40.7128;-74.006
63.220.107.0;63.220.108.15;39.0438;-77.4874
63.220.108.16;63.220.108.255;38.9586;-77.357
63.220.109.0;63.220.109.239;40.7128;-74.006
63.220.109.240;63.220.111.47;39.0438;-77.4874
63.220.111.48;63.220.111.191;40.7128;-74.006
63.220.111.192;63.220.113.15;39.0438;-77.4874
63.220.113.16;63.220.113.239;40.7128;-74.006
63.220.113.240;63.220.115.31;39.0438;-77.4874
63.220.115.32;63.220.115.239;40.7128;-74.006
63.220.115.240;63.220.117.79;39.0438;-77.4874
63.220.117.80;63.220.118.15;40.7128;-74.006
63.220.118.16;63.220.119.31;39.0438;-77.4874
63.220.119.32;63.220.119.159;40.7128;-74.006
63.220.119.160;63.220.121.31;39.0438;-77.4874
63.220.121.32;63.220.121.207;40.7128;-74.006
63.220.121.208;63.220.122.239;39.0438;-77.4874
63.220.122.240;63.220.123.239;40.7128;-74.006
63.220.123.240;63.220.124.255;39.0438;-77.4874
63.220.125.0;63.220.126.15;40.7128;-74.006
63.220.126.16;63.220.126.63;38.9586;-77.357
63.220.126.64;63.220.128.31;39.0438;-77.4874
63.220.128.32;63.220.129.15;40.7128;-74.006
63.220.129.16;63.220.130.79;39.0438;-77.4874
63.220.130.80;63.220.130.95;40.7128;-74.006
63.220.130.96;63.220.132.63;39.0438;-77.4874
63.220.132.64;63.220.132.239;42.6526;-73.7562
63.220.132.240;63.220.134.15;39.0438;-77.4874
63.220.134.16;63.220.134.239;40.7128;-74.006
63.220.134.240;63.220.136.63;39.0438;-77.4874
63.220.136.64;63.220.136.143;40.7128;-74.006
63.220.136.144;63.220.138.31;39.0438;-77.4874
63.220.138.32;63.220.138.239;40.7128;-74.006
63.220.138.240;63.220.139.191;39.0438;-77.4874
63.220.139.192;63.220.140.255;40.7128;-74.006
63.220.141.0;63.220.142.15;39.0438;-77.4874
63.220.142.16;63.220.143.15;40.7128;-74.006
63.220.143.16;63.220.143.255;39.0438;-77.4874
63.220.144.0;63.220.144.223;40.7128;-74.006
63.220.144.224;63.220.145.255;39.0438;-77.4874
63.220.146.0;63.220.147.31;40.7128;-74.006
63.220.147.32;63.220.148.31;39.0438;-77.4874
63.220.148.32;63.220.149.15;40.7128;-74.006
63.220.149.16;63.220.151.63;39.0438;-77.4874
63.220.151.64;63.220.152.31;40.7128;-74.006
63.220.152.32;63.220.153.31;39.0438;-77.4874
63.220.153.32;63.220.153.159;40.7128;-74.006
63.220.153.160;63.220.154.255;39.0438;-77.4874
63.220.155.0;63.220.155.255;38.9586;-77.357
63.220.156.0;63.220.156.207;40.7128;-74.006
63.220.156.208;63.220.157.255;39.0438;-77.4874
63.220.158.0;63.220.159.15;40.7128;-74.006
63.220.159.16;63.220.160.47;39.0438;-77.4874
63.220.160.48;63.220.160.207;40.7128;-74.006
63.220.160.208;63.220.161.255;39.0438;-77.4874
63.220.162.0;63.220.162.255;40.7128;-74.006
63.220.163.0;63.220.164.31;39.0438;-77.4874
63.220.164.32;63.220.164.191;40.7128;-74.006
63.220.164.192;63.220.165.255;39.0438;-77.4874
63.220.166.0;63.220.166.255;40.7128;-74.006
63.220.167.0;63.220.168.15;39.0438;-77.4874
63.220.168.16;63.220.168.223;40.7128;-74.006
63.220.168.224;63.220.170.79;39.0438;-77.4874
63.220.170.80;63.220.171.15;40.7128;-74.006
63.220.171.16;63.220.172.31;39.0438;-77.4874
63.220.172.32;63.220.172.175;40.7128;-74.006
63.220.172.176;63.220.173.223;39.0438;-77.4874
63.220.173.224;63.220.174.127;40.7128;-74.006
63.220.174.128;63.220.175.239;39.0438;-77.4874
63.220.175.240;63.220.176.223;40.7128;-74.006
63.220.176.224;63.220.178.63;39.0438;-77.4874
63.220.178.64;63.220.178.255;40.7128;-74.006
63.220.179.0;63.220.180.15;39.0438;-77.4874
63.220.180.16;63.220.180.255;40.7128;-74.006
63.220.181.0;63.220.182.47;39.0438;-77.4874
63.220.182.48;63.220.182.207;40.7128;-74.006
63.220.182.208;63.220.184.31;39.0438;-77.4874
63.220.184.32;63.220.185.15;40.7128;-74.006
63.220.185.16;63.220.186.15;39.0438;-77.4874
63.220.186.16;63.220.186.255;38.9586;-77.357
63.220.187.0;63.220.188.47;39.0438;-77.4874
63.220.188.48;63.220.188.255;40.7128;-74.006
63.220.189.0;63.220.190.15;39.0438;-77.4874
63.220.190.16;63.220.190.255;40.7128;-74.006
63.220.191.0;63.220.191.255;39.0438;-77.4874
63.220.192.0;63.220.193.15;40.7128;-74.006
63.220.193.16;63.220.193.255;22.3193;114.169
63.220.194.0;63.220.194.255;39.0438;-77.4874
63.220.195.0;63.220.195.255;-25.9692;32.5732
63.220.196.0;63.220.196.255;40.7128;-74.006
63.220.197.0;63.220.197.255;22.3193;114.169
63.220.198.0;63.220.198.255;39.0438;-77.4874
63.220.199.0;63.220.200.255;40.7128;-74.006
63.220.201.0;63.220.202.47;39.0438;-77.4874
63.220.202.48;63.220.202.255;45.5022;-73.5653
63.220.203.0;63.220.203.255;39.0438;-77.4874
63.220.204.0;63.220.204.255;39.7126;-104.988
63.220.205.0;63.220.205.223;40.7128;-74.006
63.220.205.224;63.220.206.255;39.0438;-77.4874
63.220.207.0;63.220.207.223;40.7128;-74.006
63.220.207.224;63.220.209.31;39.0438;-77.4874
63.220.209.32;63.220.210.15;40.7128;-74.006
63.220.210.16;63.220.210.255;39.0438;-77.4874
63.220.211.0;63.220.211.15;40.7128;-74.006
63.220.211.16;63.220.213.111;39.0438;-77.4874
63.220.213.112;63.220.214.47;40.7128;-74.006
63.220.214.48;63.220.215.15;39.0438;-77.4874
63.220.215.16;63.220.215.191;40.7128;-74.006
63.220.215.192;63.220.217.63;39.0438;-77.4874
63.220.217.64;63.220.217.191;40.7128;-74.006
63.220.217.192;63.220.219.31;39.0438;-77.4874
63.220.219.32;63.220.219.255;40.7128;-74.006
63.220.220.0;63.220.220.255;28.598;-81.3596
63.220.221.0;63.220.222.31;39.0438;-77.4874
63.220.222.32;63.220.222.223;40.7128;-74.006
63.220.222.224;63.220.224.15;39.0438;-77.4874
63.220.224.16;63.220.224.239;40.7128;-74.006
63.220.224.240;63.220.226.79;39.0438;-77.4874
63.220.226.80;63.220.226.239;40.7128;-74.006
63.220.226.240;63.220.228.15;39.0438;-77.4874
63.220.228.16;63.220.228.239;40.7128;-74.006
63.220.228.240;63.220.229.239;39.0438;-77.4874
63.220.229.240;63.220.230.255;40.7128;-74.006
63.220.231.0;63.220.232.175;39.0438;-77.4874
63.220.232.176;63.220.232.255;40.7128;-74.006
63.220.233.0;63.220.234.15;39.0438;-77.4874
63.220.234.16;63.220.234.255;40.7128;-74.006
63.220.235.0;63.220.236.15;39.0438;-77.4874
63.220.236.16;63.220.236.239;40.7128;-74.006
63.220.236.240;63.220.238.15;39.0438;-77.4874
63.220.238.16;63.220.238.239;40.7128;-74.006
63.220.238.240;63.220.239.255;39.0438;-77.4874
63.220.240.0;63.220.241.15;40.7128;-74.006
63.220.241.16;63.220.242.31;39.0438;-77.4874
63.220.242.32;63.220.242.143;40.7128;-74.006
63.220.242.144;63.220.244.95;39.0438;-77.4874
63.220.244.96;63.220.245.15;40.7128;-74.006
63.220.245.16;63.220.246.47;39.0438;-77.4874
63.220.246.48;63.220.247.15;40.7128;-74.006
63.220.247.16;63.220.247.255;39.0438;-77.4874
63.220.248.0;63.220.248.111;40.7128;-74.006
63.220.248.112;63.220.250.47;39.0438;-77.4874
63.220.250.48;63.220.250.175;40.7128;-74.006
63.220.250.176;63.220.252.15;39.0438;-77.4874
63.220.252.16;63.220.253.15;40.7128;-74.006
63.220.253.16;63.220.254.15;39.0438;-77.4874
63.220.254.16;63.220.254.255;40.7128;-74.006
63.220.255.0;63.221.0.143;39.0438;-77.4874
63.221.0.144;63.221.0.255;40.7128;-74.006
63.221.1.0;63.221.2.63;39.0438;-77.4874
63.221.2.64;63.221.2.207;38.9586;-77.357
63.221.2.208;63.221.4.15;39.0438;-77.4874
63.221.4.16;63.221.5.15;40.7128;-74.006
63.221.5.16;63.221.6.95;39.0438;-77.4874
63.221.6.96;63.221.7.15;40.7128;-74.006
63.221.7.16;63.221.7.255;39.0438;-77.4874
63.221.8.0;63.221.8.255;39.6299;-75.6629
63.221.9.0;63.221.10.15;39.0438;-77.4874
63.221.10.16;63.221.10.207;40.7128;-74.006
63.221.10.208;63.221.12.15;39.0438;-77.4874
63.221.12.16;63.221.13.15;40.7128;-74.006
63.221.13.16;63.221.14.15;39.0438;-77.4874
63.221.14.16;63.221.14.255;40.7128;-74.006
63.221.15.0;63.221.16.95;39.0438;-77.4874
63.221.16.96;63.221.16.255;40.7128;-74.006
63.221.17.0;63.221.17.223;39.0438;-77.4874
63.221.17.224;63.221.19.15;40.7128;-74.006
63.221.19.16;63.221.20.63;39.0438;-77.4874
63.221.20.64;63.221.20.239;40.7128;-74.006
63.221.20.240;63.221.22.15;39.0438;-77.4874
63.221.22.16;63.221.22.159;40.7128;-74.006
63.221.22.160;63.221.24.15;39.0438;-77.4874
63.221.24.16;63.221.24.111;40.7128;-74.006
63.221.24.112;63.221.26.31;39.0438;-77.4874
63.221.26.32;63.221.26.255;40.7128;-74.006
63.221.27.0;63.221.28.63;39.0438;-77.4874
63.221.28.64;63.221.29.15;40.7128;-74.006
63.221.29.16;63.221.30.47;39.0438;-77.4874
63.221.30.48;63.221.30.175;40.7128;-74.006
63.221.30.176;63.221.32.15;39.0438;-77.4874
63.221.32.16;63.221.32.239;40.7128;-74.006
63.221.32.240;63.221.34.15;39.0438;-77.4874
63.221.34.16;63.221.34.255;40.7128;-74.006
63.221.35.0;63.221.36.31;39.0438;-77.4874
63.221.36.32;63.221.36.207;40.7128;-74.006
63.221.36.208;63.221.38.175;39.0438;-77.4874
63.221.38.176;63.221.39.31;40.7128;-74.006
63.221.39.32;63.221.39.255;39.0438;-77.4874
63.221.40.0;63.221.40.255;40.7128;-74.006
63.221.41.0;63.221.42.111;39.0438;-77.4874
63.221.42.112;63.221.42.191;40.7128;-74.006
63.221.42.192;63.221.44.31;39.0438;-77.4874
63.221.44.32;63.221.44.255;40.7128;-74.006
63.221.45.0;63.221.46.255;34.3967;-119.516
63.221.47.0;63.221.47.255;39.0438;-77.4874
63.221.48.0;63.221.55.255;34.0505;-118.26
63.221.56.0;63.221.57.15;40.7128;-74.006
63.221.57.16;63.221.58.79;39.0438;-77.4874
63.221.58.80;63.221.58.143;40.7128;-74.006
63.221.58.144;63.221.60.95;39.0438;-77.4874
63.221.60.96;63.221.60.239;40.7128;-74.006
63.221.60.240;63.221.62.15;39.0438;-77.4874
63.221.62.16;63.221.62.239;40.7128;-74.006
63.221.62.240;63.221.63.255;39.0438;-77.4874
63.221.64.0;63.221.65.255;37.2978;-79.9386
63.221.66.0;63.221.66.255;44.2603;-121.178
63.221.67.0;63.221.67.207;40.7128;-74.006
63.221.67.208;63.221.69.79;39.0438;-77.4874
63.221.69.80;63.221.69.239;40.7128;-74.006
63.221.69.240;63.221.70.239;39.0438;-77.4874
63.221.70.240;63.221.71.255;40.7128;-74.006
63.221.72.0;63.221.79.255;34.0505;-118.26
63.221.80.0;63.221.80.255;39.0438;-77.4874
63.221.81.0;63.221.81.255;40.7128;-74.006
63.221.82.0;63.221.82.255;25.0689;121.591
63.221.83.0;63.221.83.255;40.7128;-74.006
63.221.84.0;63.221.84.239;39.0438;-77.4874
63.221.84.240;63.221.85.255;40.7128;-74.006
63.221.86.0;63.221.87.15;39.0438;-77.4874
63.221.87.16;63.221.87.255;40.7128;-74.006
63.221.88.0;63.221.88.255;35.4585;-80.8542
63.221.89.0;63.221.89.255;39.0438;-77.4874
63.221.90.0;63.221.90.255;40.7128;-74.006
63.221.91.0;63.221.92.255;36.1155;-115.135
63.221.93.0;63.221.93.255;40.7128;-74.006
63.221.94.0;63.221.94.255;39.0438;-77.4874
63.221.95.0;63.221.95.255;40.7128;-74.006
63.221.96.0;63.221.96.255;25.9228;-80.1562
63.221.97.0;63.221.97.255;39.0438;-77.4874
63.221.98.0;63.221.103.255;25.9228;-80.1562
63.221.104.0;63.221.111.255;43.5975;-79.6351
63.221.112.0;63.221.113.255;45.4953;-122.825
63.221.114.0;63.221.127.255;43.5975;-79.6351
63.221.128.0;63.221.129.31;39.0438;-77.4874
63.221.129.32;63.221.129.255;40.7128;-74.006
63.221.130.0;63.221.131.31;39.0438;-77.4874
63.221.131.32;63.221.131.255;40.7128;-74.006
63.221.132.0;63.221.133.255;32.7767;-96.797
63.221.134.0;63.221.135.79;39.0438;-77.4874
63.221.135.80;63.221.135.239;42.6526;-73.7562
63.221.135.240;63.221.137.79;39.0438;-77.4874
63.221.137.80;63.221.137.223;40.7128;-74.006
63.221.137.224;63.221.139.47;39.0438;-77.4874
63.221.139.48;63.221.140.15;40.7128;-74.006
63.221.140.16;63.221.140.255;39.0438;-77.4874
63.221.141.0;63.221.142.31;40.7128;-74.006
63.221.142.32;63.221.142.239;39.0438;-77.4874
63.221.142.240;63.221.143.255;22.3193;114.169
63.221.144.0;63.221.144.255;39.0438;-77.4874
63.221.145.0;63.221.146.15;40.7128;-74.006
63.221.146.16;63.221.148.15;39.0438;-77.4874
63.221.148.16;63.221.148.175;40.7128;-74.006
63.221.148.176;63.221.150.47;39.0438;-77.4874
63.221.150.48;63.221.150.159;40.7128;-74.006
63.221.150.160;63.221.151.255;39.0438;-77.4874
63.221.152.0;63.221.152.255;22.3193;114.169
63.221.153.0;63.221.153.255;40.4387;-80.0052
63.221.154.0;63.221.155.15;22.3193;114.169
63.221.155.16;63.221.155.255;39.0438;-77.4874
63.221.156.0;63.221.156.255;38.9586;-77.357
63.221.157.0;63.221.157.239;40.7128;-74.006
63.221.157.240;63.221.159.31;22.3193;114.169
63.221.159.32;63.221.159.255;40.7128;-74.006
63.221.160.0;63.221.161.15;39.0438;-77.4874
63.221.161.16;63.221.161.255;40.7128;-74.006
63.221.162.0;63.221.162.255;36.1155;-115.172
63.221.163.0;63.221.163.255;37.2978;-79.9386
63.221.164.0;63.221.165.47;39.0438;-77.4874
63.221.165.48;63.221.166.31;40.7128;-74.006
63.221.166.32;63.221.167.47;39.0438;-77.4874
63.221.167.48;63.221.167.255;40.7128;-74.006
63.221.168.0;63.221.169.79;34.0549;-118.243
63.221.169.80;63.221.169.207;39.0438;-77.4874
63.221.169.208;63.221.171.31;34.0549;-118.243
63.221.171.32;63.221.172.47;39.0438;-77.4874
63.221.172.48;63.221.172.191;40.7128;-74.006
63.221.172.192;63.221.174.15;39.0438;-77.4874
63.221.174.16;63.221.174.223;40.7128;-74.006
63.221.174.224;63.221.175.255;39.0438;-77.4874
63.221.176.0;63.221.176.207;40.7128;-74.006
63.221.176.208;63.221.178.79;39.0438;-77.4874
63.221.178.80;63.221.178.159;40.7128;-74.006
63.221.178.160;63.221.179.255;39.0438;-77.4874
63.221.180.0;63.221.180.223;51.5072;-0.127586
63.221.180.224;63.221.182.31;39.0438;-77.4874
63.221.182.32;63.221.183.15;40.7128;-74.006
63.221.183.16;63.221.183.255;39.0438;-77.4874
63.221.184.0;63.221.184.239;40.7128;-74.006
63.221.184.240;63.221.186.31;39.0438;-77.4874
63.221.186.32;63.221.186.223;40.7128;-74.006
63.221.186.224;63.221.188.31;39.0438;-77.4874
63.221.188.32;63.221.188.207;40.7128;-74.006
63.221.188.208;63.221.190.15;39.0438;-77.4874
63.221.190.16;63.221.190.255;40.7128;-74.006
63.221.191.0;63.221.192.15;39.0438;-77.4874
63.221.192.16;63.221.192.255;1.35208;103.82
63.221.193.0;63.221.194.127;22.3193;114.169
63.221.194.128;63.221.194.255;40.7128;-74.006
63.221.195.0;63.221.196.15;22.3193;114.169
63.221.196.16;63.221.196.239;40.7128;-74.006
63.221.196.240;63.221.197.255;39.0438;-77.4874
63.221.198.0;63.221.198.239;40.7128;-74.006
63.221.198.240;63.221.199.207;39.0438;-77.4874
63.221.199.208;63.221.201.15;40.7128;-74.006
63.221.201.16;63.221.201.255;39.0438;-77.4874
63.221.202.0;63.221.202.255;40.7128;-74.006
63.221.203.0;63.221.203.255;39.0438;-77.4874
63.221.204.0;63.221.204.239;40.7128;-74.006
63.221.204.240;63.221.206.63;39.0438;-77.4874
63.221.206.64;63.221.206.239;40.7128;-74.006
63.221.206.240;63.221.207.255;39.0438;-77.4874
63.221.208.0;63.221.223.255;42.0192;-87.6745
63.221.224.0;63.221.224.239;40.7128;-74.006
63.221.224.240;63.221.226.79;39.0438;-77.4874
63.221.226.80;63.221.226.255;40.7128;-74.006
63.221.227.0;63.221.227.127;38.9586;-77.357
63.221.227.128;63.221.229.31;39.0438;-77.4874
63.221.229.32;63.221.230.15;40.7128;-74.006
63.221.230.16;63.221.231.15;39.0438;-77.4874
63.221.231.16;63.221.231.239;40.7128;-74.006
63.221.231.240;63.221.233.31;39.0438;-77.4874
63.221.233.32;63.221.233.175;40.7128;-74.006
63.221.233.176;63.221.234.255;39.0438;-77.4874
63.221.235.0;63.221.235.255;45.5022;-73.5653
63.221.236.0;63.221.237.47;39.0438;-77.4874
63.221.237.48;63.221.237.111;40.7128;-74.006
63.221.237.112;63.221.239.15;39.0438;-77.4874
63.221.239.16;63.221.239.223;40.7128;-74.006
63.221.239.224;63.221.240.255;39.0438;-77.4874
63.221.241.0;63.221.241.223;40.7128;-74.006
63.221.241.224;63.221.242.255;39.0438;-77.4874
63.221.243.0;63.221.243.239;40.7128;-74.006
63.221.243.240;63.221.245.15;39.0438;-77.4874
63.221.245.16;63.221.245.239;38.9586;-77.357
63.221.245.240;63.221.247.63;39.0438;-77.4874
63.221.247.64;63.221.247.239;40.7128;-74.006
63.221.247.240;63.221.248.255;39.0438;-77.4874
63.221.249.0;63.221.249.255;40.7128;-74.006
63.221.250.0;63.221.250.223;39.0438;-77.4874
63.221.250.224;63.221.252.15;40.7128;-74.006
63.221.252.16;63.221.253.79;39.0438;-77.4874
63.221.253.80;63.221.254.15;40.7128;-74.006
63.221.254.16;63.221.254.255;39.0438;-77.4874
63.221.255.0;63.221.255.255;40.7128;-74.006
63.222.0.0;63.222.0.239;50.1109;8.68213
63.222.0.240;63.222.2.15;39.0438;-77.4874
63.222.2.16;63.222.2.207;40.7128;-74.006
63.222.2.208;63.222.3.255;39.0438;-77.4874
63.222.4.0;63.222.4.255;51.5072;-0.127586
63.222.5.0;63.222.6.15;39.0438;-77.4874
63.222.6.16;63.222.7.15;40.7128;-74.006
63.222.7.16;63.222.7.255;39.0438;-77.4874
63.222.8.0;63.222.9.15;40.7128;-74.006
63.222.9.16;63.222.10.31;39.0438;-77.4874
63.222.10.32;63.222.10.239;40.7128;-74.006
63.222.10.240;63.222.11.255;39.0438;-77.4874
63.222.12.0;63.222.12.239;38.9586;-77.357
63.222.12.240;63.222.14.63;39.0438;-77.4874
63.222.14.64;63.222.14.239;40.7128;-74.006
63.222.14.240;63.222.15.255;39.0438;-77.4874
63.222.16.0;63.222.16.255;14.4126;121.034
63.222.17.0;63.222.18.127;22.3193;114.169
63.222.18.128;63.222.18.255;40.7128;-74.006
63.222.19.0;63.222.19.255;22.2661;114.247
63.222.20.0;63.222.20.255;22.3193;114.169
63.222.21.0;63.222.22.15;40.7128;-74.006
63.222.22.16;63.222.22.255;39.9042;116.407
63.222.23.0;63.222.23.255;40.7128;-74.006
63.222.24.0;63.222.25.47;39.0438;-77.4874
63.222.25.48;63.222.25.207;38.9586;-77.357
63.222.25.208;63.222.27.15;39.0438;-77.4874
63.222.27.16;63.222.27.207;40.7128;-74.006
63.222.27.208;63.222.30.63;39.0438;-77.4874
63.222.30.64;63.222.30.255;42.6526;-73.7562
63.222.31.0;63.222.31.255;39.0438;-77.4874
63.222.32.0;63.222.32.127;40.7128;-74.006
63.222.32.128;63.222.34.15;39.0438;-77.4874
63.222.34.16;63.222.34.255;40.7128;-74.006
63.222.35.0;63.222.35.223;-6.79235;39.2083
63.222.35.224;63.222.37.31;39.0438;-77.4874
63.222.37.32;63.222.37.255;-25.9692;32.5732
63.222.38.0;63.222.38.255;6.52438;3.37921
63.222.39.0;63.222.39.255;40.7128;-74.006
63.222.40.0;63.222.40.255;25.0689;121.591
63.222.41.0;63.222.41.255;5.60372;-0.186964
63.222.42.0;63.222.42.255;-1.29207;36.8219
63.222.43.0;63.222.43.255;39.0438;-77.4874
63.222.44.0;63.222.44.159;-25.9692;32.5732
63.222.44.160;63.222.45.255;39.0438;-77.4874
63.222.46.0;63.222.46.255;26.2034;-98.23
63.222.47.0;63.222.47.255;27.5036;-99.5076
63.222.48.0;63.222.48.223;53.3498;-6.26031
63.222.48.224;63.222.49.255;40.7128;-74.006
63.222.50.0;63.222.50.255;39.0438;-77.4874
63.222.51.0;63.222.51.255;34.6937;135.502
63.222.52.0;63.222.52.255;-33.8688;151.209
63.222.53.0;63.222.53.255;39.0438;-77.4874
63.222.54.0;63.222.54.239;25.0689;121.591
63.222.54.240;63.222.55.255;39.0438;-77.4874
63.222.56.0;63.222.56.239;-31.9514;115.862
63.222.56.240;63.222.57.255;39.0438;-77.4874
63.222.58.0;63.222.59.15;40.7128;-74.006
63.222.59.16;63.222.59.255;39.0438;-77.4874
63.222.60.0;63.222.60.255;40.7128;-74.006
63.222.61.0;63.222.61.255;43.2965;5.36978
63.222.62.0;63.222.62.255;-25.9692;32.5732
63.222.63.0;63.222.64.15;39.0438;-77.4874
63.222.64.16;63.222.64.255;40.7128;-74.006
63.222.65.0;63.222.65.255;14.5995;120.984
63.222.66.0;63.222.66.255;39.0438;-77.4874
63.222.67.0;63.222.67.255;5.35995;-4.00826
63.222.68.0;63.222.69.15;39.0438;-77.4874
63.222.69.16;63.222.69.255;40.7128;-74.006
63.222.70.0;63.222.70.239;-6.19445;106.823
63.222.70.240;63.222.71.191;40.7128;-74.006
63.222.71.192;63.222.73.15;39.0438;-77.4874
63.222.73.16;63.222.73.207;40.7128;-74.006
63.222.73.208;63.222.74.255;39.0438;-77.4874
63.222.75.0;63.222.75.239;40.7128;-74.006
63.222.75.240;63.222.76.255;39.0438;-77.4874
63.222.77.0;63.222.77.255;-27.4705;153.026
63.222.78.0;63.222.78.239;30.3322;-81.6556
63.222.78.240;63.222.79.223;40.7128;-74.006
63.222.79.224;63.222.80.255;39.0438;-77.4874
63.222.81.0;63.222.81.239;40.7128;-74.006
63.222.81.240;63.222.83.111;39.0438;-77.4874
63.222.83.112;63.222.83.239;40.7128;-74.006
63.222.83.240;63.222.84.255;39.0438;-77.4874
63.222.85.0;63.222.85.255;34.5034;-82.6501
63.222.86.0;63.222.86.255;29.5321;35.0063
63.222.87.0;63.222.87.255;40.6023;-75.4714
63.222.88.0;63.222.88.255;35.8992;-78.8636
63.222.89.0;63.222.89.255;40.7128;-74.006
63.222.90.0;63.222.90.255;8.98267;-79.5296
63.222.91.0;63.222.91.207;11.5564;104.928
63.222.91.208;63.222.92.255;39.0438;-77.4874
63.222.93.0;63.222.93.255;-4.04348;39.6682
63.222.94.0;63.222.94.255;14.7167;-17.4677
63.222.95.0;63.222.95.255;-8.81466;13.2302
63.222.96.0;63.222.96.255;51.5072;-0.127586
63.222.97.0;63.222.97.223;40.7128;-74.006
63.222.97.224;63.222.99.31;39.0438;-77.4874
63.222.99.32;63.222.99.255;40.7128;-74.006
63.222.100.0;63.222.100.255;34.6937;135.502
63.222.101.0;63.222.101.255;24.7136;46.6753
63.222.102.0;63.222.102.255;26.0897;50.5472
63.222.103.0;63.222.103.255;39.0438;-77.4874
63.222.104.0;63.222.104.255;21.0308;105.783
63.222.105.0;63.222.105.255;25.0735;121.578
63.222.106.0;63.222.106.255;37.561;126.995
63.222.107.0;63.222.107.159;40.7128;-74.006
63.222.107.160;63.222.109.15;39.0438;-77.4874
63.222.109.16;63.222.109.191;40.7128;-74.006
63.222.109.192;63.222.110.255;39.0438;-77.4874
63.222.111.0;63.222.111.207;40.7128;-74.006
63.222.111.208;63.222.112.255;39.0438;-77.4874
63.222.113.0;63.222.113.255;25.7617;-80.1918
63.222.114.0;63.222.114.255;40.7128;-74.006
63.222.115.0;63.222.115.255;22.3193;114.169
63.222.116.0;63.222.116.239;43.6532;-79.3832
63.222.116.240;63.222.118.15;40.7128;-74.006
63.222.118.16;63.222.119.15;39.0438;-77.4874
63.222.119.16;63.222.119.223;40.7128;-74.006
63.222.119.224;63.222.121.15;39.0438;-77.4874
63.222.121.16;63.222.121.255;40.7128;-74.006
63.222.122.0;63.222.122.255;25.7617;-80.1918
63.222.123.0;63.222.123.255;40.7128;-74.006
63.222.124.0;63.222.124.255;19.2869;-81.3674
63.222.125.0;63.222.125.255;39.0438;-77.4874
63.222.126.0;63.222.126.255;40.7128;-74.006
63.222.127.0;63.222.127.255;22.3193;114.169
63.222.128.0;63.222.128.255;4.75457;-74.0648
63.222.129.0;63.222.129.255;-12.089;-76.9732
63.222.130.0;63.222.130.255;-33.4489;-70.6693
63.222.131.0;63.222.132.15;39.0438;-77.4874
63.222.132.16;63.222.132.191;40.7128;-74.006
63.222.132.192;63.222.134.31;39.0438;-77.4874
63.222.134.32;63.222.135.15;40.7128;-74.006
63.222.135.16;63.222.135.255;39.0438;-77.4874
63.222.136.0;63.222.136.255;14.5995;120.984
63.222.137.0;63.222.137.223;40.7128;-74.006
63.222.137.224;63.222.139.47;39.0438;-77.4874
63.222.139.48;63.222.139.255;40.7128;-74.006
63.222.140.0;63.222.140.255;38.9586;-77.357
63.222.141.0;63.222.142.31;39.0438;-77.4874
63.222.142.32;63.222.142.159;40.7128;-74.006
63.222.142.160;63.222.143.255;39.0438;-77.4874
63.222.144.0;63.222.144.255;40.7128;-74.006
63.222.145.0;63.222.145.255;22.3193;114.169
63.222.146.0;63.222.146.255;35.694;139.754
63.222.147.0;63.222.147.255;50.1282;8.60144
63.222.148.0;63.222.148.255;51.5116;-0.0012565
63.222.149.0;63.222.149.255;40.7128;-74.006
63.222.150.0;63.222.150.255;39.7392;-104.99
63.222.151.0;63.222.151.255;39.0438;-77.4874
63.222.152.0;63.222.152.255;1.35208;103.82
63.222.153.0;63.222.153.255;22.3193;114.169
63.222.154.0;63.222.154.255;35.694;139.754
63.222.155.0;63.222.155.255;50.1282;8.60144
63.222.156.0;63.222.156.255;40.7128;-74.006
63.222.157.0;63.222.157.255;39.0438;-77.4874
63.222.158.0;63.222.158.255;37.3387;-121.885
63.222.159.0;63.222.159.255;39.0438;-77.4874
63.222.160.0;63.222.160.255;40.7128;-74.006
63.222.161.0;63.222.161.255;37.3387;-121.885
63.222.162.0;63.222.162.239;40.7128;-74.006
63.222.162.240;63.222.163.255;37.2419;-121.782
63.222.164.0;63.222.164.255;39.7392;-104.99
63.222.165.0;63.222.166.15;40.7128;-74.006
63.222.166.16;63.222.166.255;39.7392;-104.99
63.222.167.0;63.222.167.255;37.2419;-121.782
63.222.168.0;63.222.169.31;39.0438;-77.4874
63.222.169.32;63.222.170.15;40.7128;-74.006
63.222.170.16;63.222.171.111;39.0438;-77.4874
63.222.171.112;63.222.171.255;40.7128;-74.006
63.222.172.0;63.222.173.31;39.0438;-77.4874
63.222.173.32;63.222.173.175;40.7128;-74.006
63.222.173.176;63.222.175.31;39.0438;-77.4874
63.222.175.32;63.222.176.15;40.7128;-74.006
63.222.176.16;63.222.176.255;39.0438;-77.4874
63.222.177.0;63.222.177.207;40.7128;-74.006
63.222.177.208;63.222.179.47;39.0438;-77.4874
63.222.179.48;63.222.179.223;40.7128;-74.006
63.222.179.224;63.222.181.31;39.0438;-77.4874
63.222.181.32;63.222.181.159;40.7128;-74.006
63.222.181.160;63.222.183.31;39.0438;-77.4874
63.222.183.32;63.222.183.255;40.7128;-74.006
63.222.184.0;63.222.184.255;13.9052;100.522
63.222.185.0;63.222.185.255;22.352;114.124
63.222.186.0;63.222.186.255;-6.23651;106.822
63.222.187.0;63.222.187.255;14.5608;121.017
63.222.188.0;63.222.188.255;3.13945;101.63
63.222.189.0;63.222.189.255;1.29556;103.79
63.222.190.0;63.222.190.255;35.6191;139.751
63.222.191.0;63.222.191.255;-33.9219;151.188
63.222.192.0;63.222.193.15;39.0438;-77.4874
63.222.193.16;63.222.193.239;40.7128;-74.006
63.222.193.240;63.222.194.239;39.0438;-77.4874
63.222.194.240;63.222.195.239;40.7128;-74.006
63.222.195.240;63.222.197.63;39.0438;-77.4874
63.222.197.64;63.222.197.255;40.7128;-74.006
63.222.198.0;63.222.199.223;39.0438;-77.4874
63.222.199.224;63.222.199.255;40.7128;-74.006
63.222.200.0;63.222.200.255;34.0487;-118.256
63.222.201.0;63.222.201.255;38.9506;-77.3646
63.222.202.0;63.222.202.255;19.4424;-99.2027
63.222.203.0;63.222.203.255;39.0438;-77.4874
63.222.204.0;63.222.205.15;40.7128;-74.006
63.222.205.16;63.222.205.255;39.0438;-77.4874
63.222.206.0;63.222.207.15;40.7128;-74.006
63.222.207.16;63.222.208.31;39.0438;-77.4874
63.222.208.32;63.222.208.239;40.7128;-74.006
63.222.208.240;63.222.210.63;39.0438;-77.4874
63.222.210.64;63.222.211.15;40.7128;-74.006
63.222.211.16;63.222.212.95;39.0438;-77.4874
63.222.212.96;63.222.212.255;40.7128;-74.006
63.222.213.0;63.222.214.31;39.0438;-77.4874
63.222.214.32;63.222.214.255;40.7128;-74.006
63.222.215.0;63.222.215.255;39.0438;-77.4874
63.222.216.0;63.222.216.255;50.1199;8.73589
63.222.217.0;63.222.217.255;51.5116;-0.0029163
63.222.218.0;63.222.219.63;39.0438;-77.4874
63.222.219.64;63.222.220.15;40.7128;-74.006
63.222.220.16;63.222.220.255;39.0438;-77.4874
63.222.221.0;63.222.221.223;40.7128;-74.006
63.222.221.224;63.222.223.47;39.0438;-77.4874
63.222.223.48;63.222.223.255;40.7128;-74.006
63.222.224.0;63.222.239.255;34.088;-118.38
63.222.240.0;63.222.240.255;39.0438;-77.4874
63.222.241.0;63.222.241.255;40.7128;-74.006
63.222.242.0;63.222.243.15;39.0438;-77.4874
63.222.243.16;63.222.243.223;40.7128;-74.006
63.222.243.224;63.222.244.239;39.0438;-77.4874
63.222.244.240;63.222.245.175;40.7128;-74.006
63.222.245.176;63.222.247.31;39.0438;-77.4874
63.222.247.32;63.222.247.255;40.7128;-74.006
63.222.248.0;63.222.248.255;25.1975;55.3965
63.222.249.0;63.222.249.255;30.0684;31.0238
63.222.250.0;63.222.250.255;-26.138;28.1975
63.222.251.0;63.222.251.255;-1.34014;36.8965
63.222.252.0;63.222.252.255;39.0438;-77.4874
63.222.253.0;63.222.253.111;40.7128;-74.006
63.222.253.112;63.222.255.31;39.0438;-77.4874
63.222.255.32;63.222.255.255;40.7128;-74.006
63.223.0.0;63.223.0.255;-15.3875;28.3228
63.223.1.0;63.223.1.255;40.7128;-74.006
63.223.2.0;63.223.2.255;39.0438;-77.4874
63.223.3.0;63.223.3.111;40.7128;-74.006
63.223.3.112;63.223.4.255;39.0438;-77.4874
63.223.5.0;63.223.6.15;-25.9692;32.5732
63.223.6.16;63.223.6.255;39.0438;-77.4874
63.223.7.0;63.223.7.255;6.52438;3.37921
63.223.8.0;63.223.8.255;39.0438;-77.4874
63.223.9.0;63.223.9.255;25.0689;121.591
63.223.10.0;63.223.10.255;5.60372;-0.186964
63.223.11.0;63.223.11.255;-1.29207;36.8219
63.223.12.0;63.223.12.255;39.0438;-77.4874
63.223.13.0;63.223.13.255;50.1109;8.68213
63.223.14.0;63.223.14.255;51.5072;-0.127586
63.223.15.0;63.223.16.15;39.0438;-77.4874
63.223.16.16;63.223.16.255;25.0689;121.591
63.223.17.0;63.223.17.255;22.3193;114.169
63.223.18.0;63.223.18.255;39.0438;-77.4874
63.223.19.0;63.223.20.15;40.7128;-74.006
63.223.20.16;63.223.20.223;22.3193;114.169
63.223.20.224;63.223.21.255;39.0438;-77.4874
63.223.22.0;63.223.22.255;40.7128;-74.006
63.223.23.0;63.223.23.255;53.3498;-6.26031
63.223.24.0;63.223.24.255;0.315169;32.5816
63.223.25.0;63.223.25.255;45.4685;9.1824
63.223.26.0;63.223.26.255;34.6937;135.502
63.223.27.0;63.223.27.255;-33.8688;151.209
63.223.28.0;63.223.28.255;39.0438;-77.4874
63.223.29.0;63.223.29.255;22.3193;114.169
63.223.30.0;63.223.30.255;39.0438;-77.4874
63.223.31.0;63.223.31.255;25.0689;121.591
63.223.32.0;63.223.32.255;32.7767;-96.797
63.223.33.0;63.223.33.255;35.694;139.754
63.223.34.0;63.223.34.255;1.35208;103.82
63.223.35.0;63.223.35.239;41.8781;-87.6298
63.223.35.240;63.223.37.15;40.7128;-74.006
63.223.37.16;63.223.37.255;25.2854;51.531
63.223.38.0;63.223.38.255;43.2965;5.36978
63.223.39.0;63.223.40.63;39.0438;-77.4874
63.223.40.64;63.223.40.191;35.694;139.754
63.223.40.192;63.223.41.255;39.0438;-77.4874
63.223.42.0;63.223.42.255;37.3387;-121.885
63.223.43.0;63.223.43.239;34.0549;-118.243
63.223.43.240;63.223.44.255;39.0438;-77.4874
63.223.45.0;63.223.45.255;38.9586;-77.357
63.223.46.0;63.223.46.255;25.7617;-80.1918
63.223.47.0;63.223.47.239;47.6061;-122.333
63.223.47.240;63.223.48.255;40.7128;-74.006
63.223.49.0;63.223.49.255;5.35995;-4.00826
63.223.50.0;63.223.50.255;39.0438;-77.4874
63.223.51.0;63.223.52.15;40.7128;-74.006
63.223.52.16;63.223.52.255;19.4326;-99.1332
63.223.53.0;63.223.53.159;-6.19445;106.823
63.223.53.160;63.223.54.255;39.0438;-77.4874
63.223.55.0;63.223.56.15;40.7128;-74.006
63.223.56.16;63.223.56.255;-12.0464;-77.0428
63.223.57.0;63.223.58.63;39.0438;-77.4874
63.223.58.64;63.223.58.255;1.35208;103.82
63.223.59.0;63.223.59.255;40.7128;-74.006
63.223.60.0;63.223.61.63;39.0438;-77.4874
63.223.61.64;63.223.61.255;50.1109;8.68213
63.223.62.0;63.223.62.255;43.2965;5.36978
63.223.63.0;63.223.63.255;-26.2041;28.0473
63.223.64.0;63.223.69.255;47.6062;-122.332
63.223.70.0;63.223.70.255;37.3387;-121.885
63.223.71.0;63.223.83.255;47.6062;-122.332
63.223.84.0;63.223.84.255;40.7128;-74.006
63.223.85.0;63.223.88.255;47.6062;-122.332
63.223.89.0;63.223.90.255;32.7767;-96.797
63.223.91.0;63.223.98.255;47.6062;-122.332
63.223.99.0;63.223.99.255;41.8781;-87.6298
63.223.100.0;63.223.105.255;47.6062;-122.332
63.223.106.0;63.223.106.255;32.7767;-96.797
63.223.107.0;63.223.108.255;47.6062;-122.332
63.223.109.0;63.223.109.255;32.7767;-96.797
63.223.110.0;63.223.116.255;47.6062;-122.332
63.223.117.0;63.223.117.255;41.8781;-87.6298
63.223.118.0;63.223.120.255;47.6062;-122.332
63.223.121.0;63.223.122.255;37.2416;-121.783
63.223.123.0;63.223.123.255;37.3387;-121.885
63.223.124.0;63.223.127.255;47.6062;-122.332
63.223.128.0;63.223.128.255;11.8251;42.5903
63.223.129.0;63.223.129.239;40.7128;-74.006
63.223.129.240;63.223.131.15;39.0438;-77.4874
63.223.131.16;63.223.131.239;30.3322;-81.6556
63.223.131.240;63.223.132.223;40.7128;-74.006
63.223.132.224;63.223.133.255;39.0438;-77.4874
63.223.134.0;63.223.134.255;40.7128;-74.006
63.223.135.0;63.223.136.15;39.0438;-77.4874
63.223.136.16;63.223.136.255;38.9586;-77.357
63.223.137.0;63.223.137.255;29.5321;35.0063
63.223.138.0;63.223.138.255;40.7128;-74.006
63.223.139.0;63.223.139.255;39.0438;-77.4874
63.223.140.0;63.223.140.255;50.1109;8.68213
63.223.141.0;63.223.141.255;-25.9692;32.5732
63.223.142.0;63.223.142.255;40.7128;-74.006
63.223.143.0;63.223.143.255;39.0438;-77.4874
63.223.144.0;63.223.144.255;34.0549;-118.243
63.223.145.0;63.223.145.255;39.0438;-77.4874
63.223.146.0;63.223.146.255;40.7128;-74.006
63.223.147.0;63.223.147.255;35.8992;-78.8636
63.223.148.0;63.223.148.191;19.4326;-99.1332
63.223.148.192;63.223.149.255;39.0438;-77.4874
63.223.150.0;63.223.150.223;40.7128;-74.006
63.223.150.224;63.223.151.255;39.0438;-77.4874
63.223.152.0;63.223.152.255;-4.04348;39.6682
63.223.153.0;63.223.153.255;14.7167;-17.4677
63.223.154.0;63.223.154.255;-8.81466;13.2302
63.223.155.0;63.223.155.191;40.7128;-74.006
63.223.155.192;63.223.157.15;39.0438;-77.4874
63.223.157.16;63.223.158.15;40.7128;-74.006
63.223.158.16;63.223.158.223;40.4168;-3.70379
63.223.158.224;63.223.160.95;39.0438;-77.4874
63.223.160.96;63.223.160.255;40.7128;-74.006
63.223.161.0;63.223.161.255;22.3193;114.169
63.223.162.0;63.223.162.255;40.7128;-74.006
63.223.163.0;63.223.163.255;39.0438;-77.4874
63.223.164.0;63.223.165.15;40.7128;-74.006
63.223.165.16;63.223.165.255;39.0438;-77.4874
63.223.166.0;63.223.166.255;50.1109;8.68213
63.223.167.0;63.223.167.255;39.0438;-77.4874
63.223.168.0;63.223.168.239;1.35208;103.82
63.223.168.240;63.223.171.15;39.0438;-77.4874
63.223.171.16;63.223.172.15;40.7128;-74.006
63.223.172.16;63.223.173.63;39.0438;-77.4874
63.223.173.64;63.223.173.255;40.7128;-74.006
63.223.174.0;63.223.175.15;39.0438;-77.4874
63.223.175.16;63.223.175.255;40.7128;-74.006
63.223.176.0;63.223.176.255;39.0438;-77.4874
63.223.177.0;63.223.177.223;40.7128;-74.006
63.223.177.224;63.223.179.143;39.0438;-77.4874
63.223.179.144;63.223.180.15;40.7128;-74.006
63.223.180.16;63.223.181.31;39.0438;-77.4874
63.223.181.32;63.223.182.15;40.7128;-74.006
63.223.182.16;63.223.182.239;39.0438;-77.4874
63.223.182.240;63.223.183.207;40.7128;-74.006
63.223.183.208;63.223.184.255;39.0438;-77.4874
63.223.185.0;63.223.185.207;40.7128;-74.006
63.223.185.208;63.223.186.239;39.0438;-77.4874
63.223.186.240;63.223.188.15;40.7128;-74.006
63.223.188.16;63.223.189.159;39.0438;-77.4874
63.223.189.160;63.223.189.175;40.7128;-74.006
63.223.189.176;63.223.191.31;39.0438;-77.4874
63.223.191.32;63.223.191.255;40.7128;-74.006
63.223.192.0;63.223.192.255;39.0438;-77.4874
63.223.193.0;63.223.194.15;22.3193;114.169
63.223.194.16;63.223.195.15;40.7128;-74.006
63.223.195.16;63.223.196.127;39.0438;-77.4874
63.223.196.128;63.223.196.223;40.7128;-74.006
63.223.196.224;63.223.198.15;39.0438;-77.4874
63.223.198.16;63.223.198.255;40.7128;-74.006
63.223.199.0;63.223.199.175;22.3193;114.169
63.223.199.176;63.223.200.239;39.0438;-77.4874
63.223.200.240;63.223.201.255;40.7128;-74.006
63.223.202.0;63.223.202.255;39.0438;-77.4874
63.223.203.0;63.223.203.255;40.7128;-74.006
63.223.204.0;63.223.204.255;39.0438;-77.4874
63.223.205.0;63.223.205.255;22.3193;114.169
63.223.206.0;63.223.207.15;39.0438;-77.4874
63.223.207.16;63.223.207.255;40.7128;-74.006
63.223.208.0;63.223.208.255;14.5995;120.984
63.223.209.0;63.223.209.255;39.0438;-77.4874
63.223.210.0;63.223.210.255;40.7128;-74.006
63.223.211.0;63.223.211.255;39.0438;-77.4874
63.223.212.0;63.223.212.223;40.7128;-74.006
63.223.212.224;63.223.213.255;39.0438;-77.4874
63.223.214.0;63.223.215.15;40.7128;-74.006
63.223.215.16;63.223.216.15;39.0438;-77.4874
63.223.216.16;63.223.216.239;40.7128;-74.006
63.223.216.240;63.223.218.47;39.0438;-77.4874
63.223.218.48;63.223.219.47;40.7128;-74.006
63.223.219.48;63.223.219.207;39.0438;-77.4874
63.223.219.208;63.223.221.31;40.7128;-74.006
63.223.221.32;63.223.222.15;39.0438;-77.4874
63.223.222.16;63.223.223.31;40.7128;-74.006
63.223.223.32;63.223.223.255;39.0438;-77.4874
63.223.224.0;63.223.225.31;38.9586;-77.357
63.223.225.32;63.223.226.63;39.0438;-77.4874
63.223.226.64;63.223.226.223;40.7128;-74.006
63.223.226.224;63.223.228.31;39.0438;-77.4874
63.223.228.32;63.223.229.31;40.7128;-74.006
63.223.229.32;63.223.230.79;39.0438;-77.4874
63.223.230.80;63.223.231.15;40.7128;-74.006
63.223.231.16;63.223.231.255;39.0438;-77.4874
63.223.232.0;63.223.233.255;38.9586;-77.357
63.223.234.0;63.223.235.79;39.0438;-77.4874
63.223.235.80;63.223.236.47;40.7128;-74.006
63.223.236.48;63.223.237.47;39.0438;-77.4874
63.223.237.48;63.223.238.31;40.7128;-74.006
63.223.238.32;63.223.239.63;39.0438;-77.4874
63.223.239.64;63.223.239.255;38.9586;-77.357
63.223.240.0;63.223.240.207;40.7128;-74.006
63.223.240.208;63.223.241.239;39.0438;-77.4874
63.223.241.240;63.223.242.255;40.7128;-74.006
63.223.243.0;63.223.244.47;39.0438;-77.4874
63.223.244.48;63.223.244.255;40.7128;-74.006
63.223.245.0;63.223.246.15;39.0438;-77.4874
63.223.246.16;63.223.246.239;40.7128;-74.006
63.223.246.240;63.223.248.47;39.0438;-77.4874
63.223.248.48;63.223.248.255;40.7128;-74.006
63.223.249.0;63.223.249.175;38.9586;-77.357
63.223.249.176;63.223.251.15;39.0438;-77.4874
63.223.251.16;63.223.252.15;40.7128;-74.006
63.223.252.16;63.223.252.255;39.0438;-77.4874
63.223.253.0;63.223.253.255;42.6526;-73.7562
63.223.254.0;63.223.254.223;40.7128;-74.006
63.223.254.224;63.223.255.255;39.0438;-77.4874
63.224.0.0;63.224.7.255;44.9778;-93.265
63.224.8.0;63.224.8.255;45.0404;-92.8071
63.224.9.0;63.224.9.255;45.4536;-94.4278
63.224.10.0;63.224.10.255;44.9755;-93.2444
63.224.11.0;63.224.11.255;44.915;-93.4214
63.224.12.0;63.224.12.255;44.8745;-93.3563
63.224.13.0;63.224.13.255;44.8937;-93.4094
63.224.14.0;63.224.15.255;40.7128;-74.006
63.224.16.0;63.224.16.255;44.9778;-93.265
63.224.17.0;63.224.17.255;44.8717;-93.0632
63.224.18.0;63.224.18.255;44.8606;-93.3983
63.224.19.0;63.224.23.255;44.9778;-93.265
63.224.24.0;63.224.24.255;44.7764;-93.3063
63.224.25.0;63.224.25.247;44.9802;-93.2888
63.224.25.248;63.224.26.255;44.9778;-93.265
63.224.27.0;63.224.27.255;44.9489;-93.0898
63.224.28.0;63.224.31.255;40.7128;-74.006
63.224.32.0;63.224.35.255;47.4748;-122.273
63.224.36.0;63.224.36.255;47.6626;-122.336
63.224.37.0;63.224.37.255;47.6185;-122.303
63.224.38.0;63.224.39.255;47.4748;-122.273
63.224.40.0;63.224.41.111;32.5891;-92.0664
63.224.41.112;63.224.41.255;47.4471;-122.252
63.224.42.0;63.224.42.255;47.6199;-122.203
63.224.43.0;63.224.43.255;47.616;-122.348
63.224.44.0;63.224.44.255;32.5891;-92.0664
63.224.45.0;63.224.45.255;47.6758;-117.329
63.224.46.0;63.224.47.255;47.4748;-122.273
63.224.48.0;63.224.48.255;47.6084;-122.325
63.224.49.0;63.224.50.255;46.9356;-122.556
63.224.51.0;63.224.51.255;47.62;-122.347
63.224.52.0;63.224.52.255;47.6201;-122.345
63.224.53.0;63.224.53.255;47.6062;-122.332
63.224.54.0;63.224.54.255;47.2017;-122.451
63.224.55.0;63.224.55.255;32.5891;-92.0664
63.224.56.0;63.224.57.255;47.4748;-122.273
63.224.58.0;63.224.58.255;32.5891;-92.0664
63.224.59.0;63.224.59.255;47.239;-122.426
63.224.60.0;63.224.61.255;47.4748;-122.273
63.224.62.0;63.224.62.255;32.5891;-92.0664
63.224.63.0;63.224.63.255;40.7128;-74.006
63.224.64.0;63.224.64.255;39.6987;-104.999
63.224.65.0;63.224.65.255;40.7128;-74.006
63.224.66.0;63.224.66.255;41.5236;-90.5776
63.224.67.0;63.224.67.255;40.7128;-74.006
63.224.68.0;63.224.69.7;32.5891;-92.0664
63.224.69.8;63.224.69.255;40.1897;-105.089
63.224.70.0;63.224.70.255;39.7659;-105.111
63.224.71.0;63.224.71.255;40.2004;-105.102
63.224.72.0;63.224.73.143;40.7128;-74.006
63.224.73.144;63.224.73.151;37.2498;-107.877
63.224.73.152;63.224.75.255;40.7128;-74.006
63.224.76.0;63.224.76.255;39.884;-105.077
63.224.77.0;63.224.77.255;40.3404;-105.566
63.224.78.0;63.224.78.255;40.7128;-74.006
63.224.79.0;63.224.82.255;39.5481;-104.974
63.224.83.0;63.224.83.255;31.1363;-97.7797
63.224.84.0;63.224.84.239;39.7286;-104.985
63.224.84.240;63.224.85.247;32.5891;-92.0664
63.224.85.248;63.224.86.255;39.5481;-104.974
63.224.87.0;63.224.87.255;40.7128;-74.006
63.224.88.0;63.224.88.255;32.1789;-110.961
63.224.89.0;63.224.89.255;39.724;-104.988
63.224.90.0;63.224.90.255;40.7128;-74.006
63.224.91.0;63.224.91.255;37.9391;-107.819
63.224.92.0;63.224.93.255;40.7128;-74.006
63.224.94.0;63.224.94.255;31.1363;-97.7797
63.224.95.0;63.224.95.255;40.7128;-74.006
63.224.96.0;63.224.96.255;40.6381;-111.477
63.224.97.0;63.224.97.255;37.1305;-113.508
63.224.98.0;63.224.98.255;40.7128;-74.006
63.224.99.0;63.224.99.255;43.6898;-116.341
63.224.100.0;63.224.100.255;40.7631;-111.888
63.224.101.0;63.224.101.255;40.7615;-111.898
63.224.102.0;63.224.102.255;40.7608;-111.891
63.224.103.0;63.224.103.255;41.0876;-111.998
63.224.104.0;63.224.104.255;40.5739;-111.81
63.224.105.0;63.224.105.23;40.7019;-111.8
63.224.105.24;63.224.107.31;40.7608;-111.891
63.224.107.32;63.224.107.47;40.5998;-111.993
63.224.107.48;63.224.111.255;40.7608;-111.891
63.224.112.0;63.224.112.255;40.6256;-111.954
63.224.113.0;63.224.113.255;41.7572;-111.848
63.224.114.0;63.224.114.255;40.3731;-111.781
63.224.115.0;63.224.115.255;43.5466;-96.7837
63.224.116.0;63.224.116.23;40.3308;-111.754
63.224.116.24;63.224.117.255;40.7608;-111.891
63.224.118.0;63.224.118.47;40.6742;-111.918
63.224.118.48;63.224.120.15;40.7608;-111.891
63.224.120.16;63.224.120.255;40.8134;-111.938
63.224.121.0;63.224.121.255;40.7035;-111.86
63.224.122.0;63.224.122.39;40.3572;-111.703
63.224.122.40;63.224.123.255;40.7608;-111.891
63.224.124.0;63.224.124.255;40.7128;-74.006
63.224.125.0;63.224.125.255;43.6611;-116.335
63.224.126.0;63.224.126.255;40.5734;-111.898
63.224.127.0;63.224.127.255;40.7215;-111.924
63.224.128.0;63.224.128.255;33.5293;-112.116
63.224.129.0;63.224.129.255;33.4843;-112.073
63.224.130.0;63.224.131.7;32.5891;-92.0664
63.224.131.8;63.224.132.255;33.4484;-112.074
63.224.133.0;63.224.133.255;33.4462;-112.096
63.224.134.0;63.224.137.255;33.4484;-112.074
63.224.138.0;63.224.138.255;40.7128;-74.006
63.224.139.0;63.224.139.255;26.0594;-80.1615
63.224.140.0;63.224.140.255;33.4484;-112.074
63.224.141.0;63.224.141.255;33.5735;-112.185
63.224.142.0;63.224.142.255;33.4484;-112.074
63.224.143.0;63.224.143.255;40.5274;-111.866
63.224.144.0;63.224.144.255;33.3784;-111.917
63.224.145.0;63.224.145.255;33.5433;-112.203
63.224.146.0;63.224.146.255;33.4484;-112.074
63.224.147.0;63.224.148.7;32.5891;-92.0664
63.224.148.8;63.224.148.255;33.4484;-112.074
63.224.149.0;63.224.149.255;33.6237;-111.925
63.224.150.0;63.224.150.255;40.7128;-74.006
63.224.151.0;63.224.151.255;33.4484;-112.074
63.224.152.0;63.224.152.255;40.7128;-74.006
63.224.153.0;63.224.154.255;33.4484;-112.074
63.224.155.0;63.224.155.255;39.748;-104.989
63.224.156.0;63.224.159.255;33.4484;-112.074
63.224.160.0;63.224.161.7;42.4577;-98.6479
63.224.161.8;63.224.161.255;26.7456;-81.4243
63.224.162.0;63.224.162.255;34.0549;-118.243
63.224.163.0;63.224.163.255;32.5891;-92.0664
63.224.164.0;63.224.164.255;33.4484;-112.074
63.224.165.0;63.224.165.255;41.4334;-96.4981
63.224.166.0;63.224.166.255;40.7128;-74.006
63.224.167.0;63.224.167.255;41.4043;-94.9847
63.224.168.0;63.224.168.255;37.6585;-121.902
63.224.169.0;63.224.173.255;41.2366;-96.1156
63.224.174.0;63.224.175.255;42.0335;-97.4123
63.224.176.0;63.224.176.255;42.0308;-93.6319
63.224.177.0;63.224.177.255;40.7128;-74.006
63.224.178.0;63.224.181.47;41.5868;-93.625
63.224.181.48;63.224.181.255;41.603;-93.7241
63.224.182.0;63.224.182.255;41.5851;-93.6302
63.224.183.0;63.224.188.255;41.5868;-93.625
63.224.189.0;63.224.189.255;43.1308;-93.3705
63.224.190.0;63.224.190.255;42.0206;-93.6632
63.224.191.0;63.224.191.255;40.7128;-74.006
63.224.192.0;63.224.193.255;42.4375;-123.325
63.224.194.0;63.224.194.255;44.6375;-123.069
63.224.195.0;63.224.195.255;44.0426;-123.091
63.224.196.0;63.224.196.255;44.0521;-123.087
63.224.197.0;63.224.199.255;40.7128;-74.006
63.224.200.0;63.224.203.255;44.0521;-123.087
63.224.204.0;63.224.204.255;32.5891;-92.0664
63.224.205.0;63.224.205.247;44.0548;-123.093
63.224.205.248;63.224.206.255;37.3387;-121.885
63.224.207.0;63.224.207.255;44.0549;-123.339
63.224.208.0;63.224.208.255;47.6205;-117.499
63.224.209.0;63.224.209.255;47.6582;-117.424
63.224.210.0;63.224.210.255;46.0664;-118.341
63.224.211.0;63.224.211.255;47.658;-117.424
63.224.212.0;63.224.212.255;40.7128;-74.006
63.224.213.0;63.224.213.255;47.6538;-117.435
63.224.214.0;63.224.215.255;47.658;-117.424
63.224.216.0;63.224.216.255;47.7001;-117.398
63.224.217.0;63.224.217.255;47.7203;-117.412
63.224.218.0;63.224.218.255;47.658;-117.424
63.224.219.0;63.224.219.255;34.1808;-118.309
63.224.220.0;63.224.223.255;47.658;-117.424
63.224.224.0;63.224.225.255;40.7128;-74.006
63.224.226.0;63.224.229.255;45.5152;-122.678
63.224.230.0;63.224.230.255;33.9207;-84.3348
63.224.231.0;63.224.231.255;44.795;-117.847
63.224.232.0;63.224.233.255;46.8042;-100.788
63.224.234.0;63.224.234.239;46.8064;-100.789
63.224.234.240;63.224.235.255;32.5891;-92.0664
63.224.236.0;63.224.239.255;46.8042;-100.788
63.224.240.0;63.224.241.7;39.7392;-104.99
63.224.241.8;63.224.241.255;43.6206;-116.418
63.224.242.0;63.224.242.255;43.615;-116.202
63.224.243.0;63.224.243.255;32.5891;-92.0664
63.224.244.0;63.224.244.255;31.905;-110.221
63.224.245.0;63.224.245.255;43.6824;-114.364
63.224.246.0;63.224.246.247;43.6086;-116.552
63.224.246.248;63.224.247.255;43.615;-116.202
63.224.248.0;63.224.248.255;45.5089;-122.773
63.224.249.0;63.224.249.247;39.174;-77.1565
63.224.249.248;63.224.253.23;45.5152;-122.678
63.224.253.24;63.224.253.255;45.5804;-122.656
63.224.254.0;63.224.254.255;45.5152;-122.678
63.224.255.0;63.224.255.255;45.6408;-122.624
63.225.0.0;63.225.0.255;35.0844;-106.65
63.225.1.0;63.225.1.255;34.0549;-118.243
63.225.2.0;63.225.2.255;40.7128;-74.006
63.225.3.0;63.225.3.255;35.1387;-107.379
63.225.4.0;63.225.4.255;35.1;-106.643
63.225.5.0;63.225.5.255;35.1151;-106.516
63.225.6.0;63.225.6.255;35.0941;-106.568
63.225.7.0;63.225.7.255;35.252;-106.654
63.225.8.0;63.225.8.255;33.5683;-111.876
63.225.9.0;63.225.9.255;40.7128;-74.006
63.225.10.0;63.225.10.255;32.2679;-106.932
63.225.11.0;63.225.11.255;34.064;-106.892
63.225.12.0;63.225.12.255;35.1442;-106.629
63.225.13.0;63.225.13.255;34.3935;-103.221
63.225.14.0;63.225.14.255;33.399;-104.525
63.225.15.0;63.225.15.255;39.7475;-104.99
63.225.16.0;63.225.16.255;40.7128;-74.006
63.225.17.0;63.225.17.255;39.6924;-104.938
63.225.18.0;63.225.18.255;39.598;-104.871
63.225.19.0;63.225.23.255;39.5481;-104.974
63.225.24.0;63.225.24.255;39.7115;-104.949
63.225.25.0;63.225.25.255;39.7392;-104.99
63.225.26.0;63.225.27.23;40.7128;-74.006
63.225.27.24;63.225.27.255;39.7392;-104.99
63.225.28.0;63.225.28.255;37.3088;-122.033
63.225.29.0;63.225.29.255;32.5891;-92.0664
63.225.30.0;63.225.30.255;40.7128;-74.006
63.225.31.0;63.225.31.255;39.7737;-104.865
63.225.32.0;63.225.32.255;32.254;-110.974
63.225.33.0;63.225.33.255;35.7736;-78.6777
63.225.34.0;63.225.34.255;32.254;-110.974
63.225.35.0;63.225.35.255;35.2068;-106.657
63.225.36.0;63.225.36.255;40.7128;-74.006
63.225.37.0;63.225.37.191;32.1988;-110.926
63.225.37.192;63.225.39.255;32.254;-110.974
63.225.40.0;63.225.40.255;31.3798;-110.942
63.225.41.0;63.225.41.255;32.254;-110.974
63.225.42.0;63.225.42.247;32.2446;-110.98
63.225.42.248;63.225.43.255;32.7767;-96.797
63.225.44.0;63.225.44.255;32.254;-110.974
63.225.45.0;63.225.45.223;33.505;-112.036
63.225.45.224;63.225.55.255;40.7128;-74.006
63.225.56.0;63.225.59.255;40.7608;-111.891
63.225.60.0;63.225.60.255;40.7128;-74.006
63.225.61.0;63.225.61.255;40.2113;-111.654
63.225.62.0;63.225.62.255;40.2891;-111.704
63.225.63.0;63.225.63.255;41.7051;-111.859
63.225.64.0;63.225.64.255;40.7128;-74.006
63.225.65.0;63.225.65.255;51.5072;-0.127586
63.225.66.0;63.225.66.255;40.7128;-74.006
63.225.67.0;63.225.67.255;45.5582;-94.1641
63.225.68.0;63.225.70.255;40.7128;-74.006
63.225.71.0;63.225.71.255;45.5681;-94.3146
63.225.72.0;63.225.72.255;45.5579;-94.1632
63.225.73.0;63.225.73.255;44.9891;-93.4046
63.225.74.0;63.225.77.255;45.5579;-94.1632
63.225.78.0;63.225.79.255;44.9778;-93.265
63.225.80.0;63.225.87.255;45.5152;-122.678
63.225.88.0;63.225.88.255;40.46;-78.6027
63.225.89.0;63.225.89.255;44.9272;-123.049
63.225.90.0;63.225.91.239;45.5152;-122.678
63.225.91.240;63.225.91.255;45.5297;-122.659
63.225.92.0;63.225.92.255;45.5288;-122.66
63.225.93.0;63.225.94.31;45.5152;-122.678
63.225.94.32;63.225.94.215;45.5531;-122.536
63.225.94.216;63.225.95.255;45.5152;-122.678
63.225.96.0;63.225.97.255;39.5481;-104.974
63.225.98.0;63.225.98.255;39.7392;-104.99
63.225.99.0;63.225.99.255;40.7128;-74.006
63.225.100.0;63.225.103.255;39.5481;-104.974
63.225.104.0;63.225.104.255;32.5891;-92.0664
63.225.105.0;63.225.105.247;40.0278;-105.227
63.225.105.248;63.225.106.255;32.5891;-92.0664
63.225.107.0;63.225.107.255;39.6202;-104.901
63.225.108.0;63.225.108.255;39.5481;-104.974
63.225.109.0;63.225.110.255;39.7392;-104.99
63.225.111.0;63.225.111.255;39.5481;-104.974
63.225.112.0;63.225.112.255;39.7244;-105.007
63.225.113.0;63.225.113.255;39.64;-104.793
63.225.114.0;63.225.114.255;39.779;-104.875
63.225.115.0;63.225.115.255;39.6424;-104.988
63.225.116.0;63.225.116.255;39.7448;-104.991
63.225.117.0;63.225.117.255;33.3924;-111.936
63.225.118.0;63.225.118.255;32.5891;-92.0664
63.225.119.0;63.225.119.255;39.9205;-105.087
63.225.120.0;63.225.120.255;39.7392;-104.99
63.225.121.0;63.225.121.255;39.7826;-104.916
63.225.122.0;63.225.122.255;40.4591;-106.804
63.225.123.0;63.225.123.255;39.7878;-104.943
63.225.124.0;63.225.124.255;39.84;-105.099
63.225.125.0;63.225.125.255;40.7039;-105.009
63.225.126.0;63.225.126.255;39.7733;-104.895
63.225.127.0;63.225.127.255;39.6056;-104.749
63.225.128.0;63.225.128.255;45.0105;-93.4555
63.225.129.0;63.225.129.255;44.9709;-93.2225
63.225.130.0;63.225.130.255;44.9729;-93.4659
63.225.131.0;63.225.131.255;44.9778;-93.265
63.225.132.0;63.225.132.255;44.971;-93.247
63.225.133.0;63.225.133.255;44.9778;-93.265
63.225.134.0;63.225.135.255;40.7128;-74.006
63.225.136.0;63.225.136.255;44.8041;-93.1669
63.225.137.0;63.225.137.255;44.7677;-93.2777
63.225.138.0;63.225.138.255;47.4151;-92.9247
63.225.139.0;63.225.139.255;44.9778;-93.265
63.225.140.0;63.225.140.255;44.9785;-93.2675
63.225.141.0;63.225.141.255;34.9078;-106.693
63.225.142.0;63.225.142.255;45.1201;-93.0536
63.225.143.0;63.225.143.255;44.9047;-93.2869
63.225.144.0;63.225.150.7;44.9778;-93.265
63.225.150.8;63.225.150.255;44.9841;-93.0364
63.225.151.0;63.225.153.255;44.9778;-93.265
63.225.154.0;63.225.154.255;44.9729;-93.2646
63.225.155.0;63.225.155.255;44.7714;-93.2789
63.225.156.0;63.225.157.255;40.7128;-74.006
63.225.158.0;63.225.158.127;44.8733;-93.4054
63.225.158.128;63.225.159.255;40.7128;-74.006
63.225.160.0;63.225.160.255;61.1435;-149.867
63.225.161.0;63.225.161.255;47.6;-122.332
63.225.162.0;63.225.163.15;32.5891;-92.0664
63.225.163.16;63.225.163.255;47.696;-122.517
63.225.164.0;63.225.165.7;47.4748;-122.273
63.225.165.8;63.225.165.55;47.2674;-122.366
63.225.165.56;63.225.167.7;47.4748;-122.273
63.225.167.8;63.225.167.63;47.6565;-122.386
63.225.167.64;63.225.168.255;47.4748;-122.273
63.225.169.0;63.225.169.255;47.021;-122.947
63.225.170.0;63.225.170.247;47.6784;-122.195
63.225.170.248;63.225.171.255;32.5891;-92.0664
63.225.172.0;63.225.177.39;47.4748;-122.273
63.225.177.40;63.225.177.47;43.1329;-115.691
63.225.177.48;63.225.179.255;47.4748;-122.273
63.225.180.0;63.225.180.255;32.5891;-92.0664
63.225.181.0;63.225.181.255;47.6699;-122.312
63.225.182.0;63.225.182.255;47.6142;-122.335
63.225.183.0;63.225.183.255;46.6691;-122.977
63.225.184.0;63.225.184.215;47.4374;-122.075
63.225.184.216;63.225.185.255;47.4748;-122.273
63.225.186.0;63.225.186.207;47.542;-122.133
63.225.186.208;63.225.187.255;47.4748;-122.273
63.225.188.0;63.225.188.255;47.2969;-122.313
63.225.189.0;63.225.189.255;47.2243;-122.434
63.225.190.0;63.225.190.255;47.6142;-122.335
63.225.191.0;63.225.191.255;47.2571;-122.432
63.225.192.0;63.225.193.31;33.4484;-112.074
63.225.193.32;63.225.193.255;33.4482;-112.078
63.225.194.0;63.225.194.247;33.5805;-112.352
63.225.194.248;63.225.196.7;33.4484;-112.074
63.225.196.8;63.225.196.255;33.4156;-111.766
63.225.197.0;63.225.197.255;39.9864;-105.152
63.225.198.0;63.225.198.255;33.6251;-111.872
63.225.199.0;63.225.199.255;33.4112;-112.037
63.225.200.0;63.225.201.15;33.4484;-112.074
63.225.201.16;63.225.201.63;33.4093;-111.966
63.225.201.64;63.225.202.255;33.4484;-112.074
63.225.203.0;63.225.203.255;33.4675;-111.71
63.225.204.0;63.225.204.239;33.7267;-111.915
63.225.204.240;63.225.205.255;33.4484;-112.074
63.225.206.0;63.225.206.87;33.6271;-111.91
63.225.206.88;63.225.208.7;33.4484;-112.074
63.225.208.8;63.225.208.255;33.8199;-111.922
63.225.209.0;63.225.210.7;33.4484;-112.074
63.225.210.8;63.225.210.255;33.4112;-112.021
63.225.211.0;63.225.213.47;33.4484;-112.074
63.225.213.48;63.225.213.255;33.3893;-111.841
63.225.214.0;63.225.214.55;33.4012;-111.962
63.225.214.56;63.225.215.255;33.4484;-112.074
63.225.216.0;63.225.216.255;40.7128;-74.006
63.225.217.0;63.225.217.255;33.2986;-111.961
63.225.218.0;63.225.218.255;41.8826;-87.6392
63.225.219.0;63.225.219.255;33.5655;-111.922
63.225.220.0;63.225.220.255;33.4484;-112.074
63.225.221.0;63.225.221.63;40.5923;-111.906
63.225.221.64;63.225.223.255;33.4484;-112.074
63.225.224.0;63.225.225.87;40.7608;-111.891
63.225.225.88;63.225.225.159;40.3548;-111.734
63.225.225.160;63.225.226.255;40.7608;-111.891
63.225.227.0;63.225.227.247;40.6503;-111.886
63.225.227.248;63.225.228.255;40.7608;-111.891
63.225.229.0;63.225.229.255;40.7128;-74.006
63.225.230.0;63.225.230.255;37.7754;-122.418
63.225.231.0;63.225.231.255;40.7128;-74.006
63.225.232.0;63.225.233.255;40.7608;-111.891
63.225.234.0;63.225.235.7;40.7128;-74.006
63.225.235.8;63.225.235.255;40.7608;-111.891
63.225.236.0;63.225.236.255;40.7128;-74.006
63.225.237.0;63.225.237.255;40.7608;-111.891
63.225.238.0;63.225.238.255;40.7646;-111.876
63.225.239.0;63.225.239.255;40.7128;-74.006
63.225.240.0;63.225.241.31;39.5481;-104.974
63.225.241.32;63.225.241.255;39.6644;-105.012
63.225.242.0;63.225.242.63;40.5263;-104.714
63.225.242.64;63.225.247.39;39.5481;-104.974
63.225.247.40;63.225.247.47;39.7294;-104.832
63.225.247.48;63.225.252.207;39.5481;-104.974
63.225.252.208;63.225.253.247;32.5891;-92.0664
63.225.253.248;63.225.254.255;39.7392;-104.99
63.225.255.0;63.225.255.255;32.5891;-92.0664
63.226.0.0;63.226.3.199;40.7128;-74.006
63.226.3.200;63.226.3.255;41.462;-81.0737
63.226.4.0;63.226.4.255;33.4484;-112.074
63.226.5.0;63.226.5.255;33.4942;-111.926
63.226.6.0;63.226.6.255;40.7128;-74.006
63.226.7.0;63.226.7.255;33.4544;-111.976
63.226.8.0;63.226.8.255;33.4484;-112.074
63.226.9.0;63.226.9.255;40.7128;-74.006
63.226.10.0;63.226.10.255;33.4226;-112.039
63.226.11.0;63.226.11.255;33.4373;-112.075
63.226.12.0;63.226.12.255;32.5891;-92.0664
63.226.13.0;63.226.13.255;33.6834;-112.088
63.226.14.0;63.226.18.255;33.4484;-112.074
63.226.19.0;63.226.19.255;33.3753;-111.899
63.226.20.0;63.226.21.7;33.4484;-112.074
63.226.21.8;63.226.21.255;32.5891;-92.0664
63.226.22.0;63.226.22.255;33.4269;-111.94
63.226.23.0;63.226.23.255;33.551;-111.893
63.226.24.0;63.226.27.255;33.4484;-112.074
63.226.28.0;63.226.28.255;33.4271;-111.941
63.226.29.0;63.226.29.255;33.5737;-112.222
63.226.30.0;63.226.30.255;33.4982;-112.169
63.226.31.0;63.226.31.255;40.7128;-74.006
63.226.32.0;63.226.32.255;38.8693;-77.215
63.226.33.0;63.226.33.255;41.8781;-87.6298
63.226.34.0;63.226.34.255;42.3654;-71.0879
63.226.35.0;63.226.35.255;40.7128;-74.006
63.226.36.0;63.226.36.255;33.51;-112.094
63.226.37.0;63.226.37.255;33.4877;-112.064
63.226.38.0;63.226.38.255;33.4484;-112.074
63.226.39.0;63.226.39.255;39.6989;-104.933
63.226.40.0;63.226.40.255;33.3769;-111.858
63.226.41.0;63.226.41.255;33.3059;-111.954
63.226.42.0;63.226.42.255;33.3552;-111.827
63.226.43.0;63.226.43.255;33.5027;-111.937
63.226.44.0;63.226.44.255;33.4484;-112.074
63.226.45.0;63.226.45.255;32.5891;-92.0664
63.226.46.0;63.226.46.255;40.7128;-74.006
63.226.47.0;63.226.47.255;33.488;-112.078
63.226.48.0;63.226.48.255;33.4166;-111.731
63.226.49.0;63.226.49.255;32.5891;-92.0664
63.226.50.0;63.226.54.87;33.4484;-112.074
63.226.54.88;63.226.54.95;33.502;-112.178
63.226.54.96;63.226.57.255;33.4484;-112.074
63.226.58.0;63.226.58.247;33.4807;-111.931
63.226.58.248;63.226.59.255;32.5891;-92.0664
63.226.60.0;63.226.60.255;33.4484;-112.074
63.226.61.0;63.226.61.255;33.4575;-112.074
63.226.62.0;63.226.62.255;34.7669;-113.097
63.226.63.0;63.226.63.255;33.6942;-112.097
63.226.64.0;63.226.65.255;40.7128;-74.006
63.226.66.0;63.226.66.255;40.7608;-111.891
63.226.67.0;63.226.70.39;40.7128;-74.006
63.226.70.40;63.226.70.255;40.4249;-111.798
63.226.71.0;63.226.73.39;40.7608;-111.891
63.226.73.40;63.226.73.255;44.9778;-93.265
63.226.74.0;63.226.74.255;31.7619;-106.485
63.226.75.0;63.226.75.255;40.7128;-74.006
63.226.76.0;63.226.76.255;33.8358;-118.348
63.226.77.0;63.226.77.255;40.5483;-111.938
63.226.78.0;63.226.78.255;40.3033;-111.657
63.226.79.0;63.226.79.255;37.1006;-113.557
63.226.80.0;63.226.80.255;40.565;-111.839
63.226.81.0;63.226.81.255;41.1138;-112.056
63.226.82.0;63.226.82.255;40.5131;-111.405
63.226.83.0;63.226.83.255;35.2271;-80.8431
63.226.84.0;63.226.84.255;40.7128;-74.006
63.226.85.0;63.226.85.255;39.9526;-75.1652
63.226.86.0;63.226.86.255;42.6409;-114.753
63.226.87.0;63.226.87.255;40.7539;-111.9
63.226.88.0;63.226.88.255;40.7156;-111.894
63.226.89.0;63.226.90.255;40.7128;-74.006
63.226.91.0;63.226.91.247;39.7392;-104.99
63.226.91.248;63.226.93.255;40.7608;-111.891
63.226.94.0;63.226.94.255;40.7635;-111.891
63.226.95.0;63.226.95.255;46.8632;-96.828
63.226.96.0;63.226.97.255;40.7608;-111.891
63.226.98.0;63.226.98.255;40.684;-111.906
63.226.99.0;63.226.99.255;40.9013;-111.865
63.226.100.0;63.226.103.255;40.7608;-111.891
63.226.104.0;63.226.104.239;40.6621;-112.009
63.226.104.240;63.226.106.119;40.7608;-111.891
63.226.106.120;63.226.106.199;30.1893;-82.6459
63.226.106.200;63.226.107.255;40.7608;-111.891
63.226.108.0;63.226.108.255;40.7349;-111.91
63.226.109.0;63.226.109.255;37.6692;-113.062
63.226.110.0;63.226.111.7;40.7128;-74.006
63.226.111.8;63.226.111.247;47.4748;-122.273
63.226.111.248;63.226.115.63;40.7128;-74.006
63.226.115.64;63.226.115.255;40.2348;-111.658
63.226.116.0;63.226.117.255;40.98;-111.887
63.226.118.0;63.226.119.255;40.7128;-74.006
63.226.120.0;63.226.120.255;40.7575;-111.89
63.226.121.0;63.226.121.255;34.1808;-118.309
63.226.122.0;63.226.122.255;40.7575;-111.89
63.226.123.0;63.226.123.255;40.7128;-74.006
63.226.124.0;63.226.124.255;40.5737;-111.908
63.226.125.0;63.226.127.255;37.8221;-112.436
63.226.128.0;63.226.136.131;44.9778;-93.265
63.226.136.132;63.226.136.255;56.6016;-169.548
63.226.137.0;63.226.137.255;40.7128;-74.006
63.226.138.0;63.226.138.255;44.9778;-93.265
63.226.139.0;63.226.139.255;44.9777;-93.2671
63.226.140.0;63.226.140.255;44.9778;-93.265
63.226.141.0;63.226.141.255;44.8716;-93.3543
63.226.142.0;63.226.142.255;45.1336;-93.2719
63.226.143.0;63.226.143.255;44.9776;-93.2685
63.226.144.0;63.226.148.255;44.9778;-93.265
63.226.149.0;63.226.149.255;40.7128;-74.006
63.226.150.0;63.226.154.255;44.9778;-93.265
63.226.155.0;63.226.155.255;44.9364;-93.2841
63.226.156.0;63.226.156.255;44.9525;-93.254
63.226.157.0;63.226.157.255;40.7128;-74.006
63.226.158.0;63.226.158.255;44.8428;-93.1692
63.226.159.0;63.226.159.255;44.5233;-89.5797
63.226.160.0;63.226.161.255;45.0115;-93.1988
63.226.162.0;63.226.162.255;39.7475;-104.99
63.226.163.0;63.226.163.255;40.7128;-74.006
63.226.164.0;63.226.164.255;40.7608;-111.891
63.226.165.0;63.226.165.255;44.9778;-93.265
63.226.166.0;63.226.166.255;44.8628;-93.3368
63.226.167.0;63.226.167.255;40.7128;-74.006
63.226.168.0;63.226.185.255;44.9778;-93.265
63.226.186.0;63.226.186.255;45.011;-93.1085
63.226.187.0;63.226.187.215;44.534;-92.4477
63.226.187.216;63.226.189.183;44.9778;-93.265
63.226.189.184;63.226.189.207;44.9554;-93.1727
63.226.189.208;63.226.191.255;44.9778;-93.265
63.226.192.0;63.226.193.255;47.4748;-122.273
63.226.194.0;63.226.195.15;32.5891;-92.0664
63.226.195.16;63.226.203.255;47.4748;-122.273
63.226.204.0;63.226.204.255;47.6074;-122.298
63.226.205.0;63.226.205.255;32.5891;-92.0664
63.226.206.0;63.226.206.255;47.6747;-122.374
63.226.207.0;63.226.207.255;32.5891;-92.0664
63.226.208.0;63.226.211.255;40.1837;-111.625
63.226.212.0;63.226.223.255;47.4748;-122.273
63.226.224.0;63.226.224.255;47.6367;-122.32
63.226.225.0;63.226.225.255;47.5933;-122.311
63.226.226.0;63.226.226.255;47.2482;-122.313
63.226.227.0;63.226.227.255;47.5994;-122.335
63.226.228.0;63.226.231.255;47.4748;-122.273
63.226.232.0;63.226.232.255;47.5533;-122.33
63.226.233.0;63.226.233.255;47.5967;-122.334
63.226.234.0;63.226.234.255;47.6169;-122.345
63.226.235.0;63.226.235.255;47.6055;-122.337
63.226.236.0;63.226.236.255;47.2021;-122.217
63.226.237.0;63.226.237.255;47.1786;-122.408
63.226.238.0;63.226.238.247;47.3721;-122.198
63.226.238.248;63.226.239.255;32.5891;-92.0664
63.226.240.0;63.226.240.255;47.4748;-122.273
63.226.241.0;63.226.241.255;47.6112;-122.348
63.226.242.0;63.226.242.255;47.1784;-122.293
63.226.243.0;63.226.243.255;47.444;-122.261
63.226.244.0;63.226.244.255;45.5152;-122.678
63.226.245.0;63.226.245.255;47.756;-122.346
63.226.246.0;63.226.247.255;47.4748;-122.273
63.226.248.0;63.226.248.255;47.6802;-122.144
63.226.249.0;63.226.249.255;47.651;-122.343
63.226.250.0;63.226.250.255;47.6023;-122.303
63.226.251.0;63.226.251.255;47.6271;-122.134
63.226.252.0;63.226.252.255;47.4748;-122.273
63.226.253.0;63.226.253.239;47.6704;-122.392
63.226.253.240;63.226.255.87;32.5891;-92.0664
63.226.255.88;63.226.255.255;47.4748;-122.273
63.227.0.0;63.227.13.255;39.5481;-104.974
63.227.14.0;63.227.14.255;39.6256;-104.897
63.227.15.0;63.227.15.255;39.6629;-104.862
63.227.16.0;63.227.16.255;40.7128;-74.006
63.227.17.0;63.227.17.255;39.6981;-104.94
63.227.18.0;63.227.18.255;39.7495;-104.996
63.227.19.0;63.227.19.255;39.7392;-104.99
63.227.20.0;63.227.20.255;39.7047;-105.081
63.227.21.0;63.227.21.255;32.5891;-92.0664
63.227.22.0;63.227.22.255;39.7448;-104.99
63.227.23.0;63.227.23.255;45.5152;-122.678
63.227.24.0;63.227.27.255;39.5481;-104.974
63.227.28.0;63.227.29.255;40.7128;-74.006
63.227.30.0;63.227.30.255;33.501;-111.919
63.227.31.0;63.227.31.255;40.7128;-74.006
63.227.32.0;63.227.32.255;40.5008;-105.057
63.227.33.0;63.227.33.255;39.5481;-104.974
63.227.34.0;63.227.34.255;39.5645;-105.098
63.227.35.0;63.227.35.255;40.287;-111.703
63.227.36.0;63.227.36.255;40.7128;-74.006
63.227.37.0;63.227.37.255;35.2271;-80.8431
63.227.38.0;63.227.47.255;39.5481;-104.974
63.227.48.0;63.227.48.255;39.9329;-105.274
63.227.49.0;63.227.49.255;39.6136;-104.992
63.227.50.0;63.227.50.255;32.2228;-110.883
63.227.51.0;63.227.51.255;32.243;-110.867
63.227.52.0;63.227.53.255;40.7128;-74.006
63.227.54.0;63.227.58.255;39.5481;-104.974
63.227.59.0;63.227.59.255;39.6601;-104.975
63.227.60.0;63.227.60.255;32.5891;-92.0664
63.227.61.0;63.227.61.255;40.7128;-74.006
63.227.62.0;63.227.63.255;39.5481;-104.974
63.227.64.0;63.227.67.255;41.5868;-93.625
63.227.68.0;63.227.69.247;41.8781;-87.6298
63.227.69.248;63.227.69.255;44.0879;-93.226
63.227.70.0;63.227.71.47;41.8781;-87.6298
63.227.71.48;63.227.71.207;42.0253;-93.6109
63.227.71.208;63.227.74.15;41.8781;-87.6298
63.227.74.16;63.227.74.255;34.1444;-118.259
63.227.75.0;63.227.75.255;41.8781;-87.6298
63.227.76.0;63.227.76.255;40.7128;-74.006
63.227.77.0;63.227.77.255;42.0335;-97.4123
63.227.78.0;63.227.78.255;40.7128;-74.006
63.227.79.0;63.227.79.255;42.0256;-93.6573
63.227.80.0;63.227.80.255;32.7767;-96.797
63.227.81.0;63.227.81.255;32.344;-110.986
63.227.82.0;63.227.84.7;32.7767;-96.797
63.227.84.8;63.227.84.223;32.1506;-110.964
63.227.84.224;63.227.86.7;32.7767;-96.797
63.227.86.8;63.227.86.255;32.1644;-110.914
63.227.87.0;63.227.87.255;31.3691;-110.928
63.227.88.0;63.227.90.215;32.7767;-96.797
63.227.90.216;63.227.90.239;44.0879;-93.226
63.227.90.240;63.227.93.143;32.7767;-96.797
63.227.93.144;63.227.93.223;34.0156;-118.148
63.227.93.224;63.227.95.255;32.7767;-96.797
63.227.96.0;63.227.103.255;47.658;-117.424
63.227.104.0;63.227.107.255;35.0844;-106.65
63.227.108.0;63.227.108.255;39.7392;-104.99
63.227.109.0;63.227.109.255;35.0844;-106.65
63.227.110.0;63.227.111.255;34.2368;-110.027
63.227.112.0;63.227.116.255;39.5481;-104.974
63.227.117.0;63.227.117.255;39.7962;-105.065
63.227.118.0;63.227.118.247;35.3844;-94.421
63.227.118.248;63.227.119.255;39.7392;-104.99
63.227.120.0;63.227.120.215;38.9167;-94.6567
63.227.120.216;63.227.122.87;32.5891;-92.0664
63.227.122.88;63.227.122.103;39.7392;-104.99
63.227.122.104;63.227.123.255;32.5891;-92.0664
63.227.124.0;63.227.127.255;39.5481;-104.974
63.227.128.0;63.227.128.255;39.7392;-104.99
63.227.129.0;63.227.131.255;43.615;-116.202
63.227.132.0;63.227.132.255;43.8221;-111.788
63.227.133.0;63.227.133.255;43.8148;-111.799
63.227.134.0;63.227.134.255;43.615;-116.202
63.227.135.0;63.227.135.255;40.7128;-74.006
63.227.136.0;63.227.136.255;39.7392;-104.99
63.227.137.0;63.227.137.255;38.8428;-104.821
63.227.138.0;63.227.138.255;39.2839;-106.063
63.227.139.0;63.227.139.255;38.9817;-105.069
63.227.140.0;63.227.140.255;38.8339;-104.821
63.227.141.0;63.227.141.255;38.2567;-104.633
63.227.142.0;63.227.142.255;40.7128;-74.006
63.227.143.0;63.227.143.255;38.8339;-104.821
63.227.144.0;63.227.144.255;41.2593;-96.0367
63.227.145.0;63.227.145.239;41.1951;-96.0439
63.227.145.240;63.227.146.255;39.7392;-104.99
63.227.147.0;63.227.147.255;39.777;-105.059
63.227.148.0;63.227.150.255;41.2565;-95.9345
63.227.151.0;63.227.151.255;39.7392;-104.99
63.227.152.0;63.227.152.255;41.2367;-96.0229
63.227.153.0;63.227.155.255;40.7128;-74.006
63.227.156.0;63.227.159.255;41.2565;-95.9345
63.227.160.0;63.227.160.255;41.7925;-110.54
63.227.161.0;63.227.161.255;42.8169;-106.384
63.227.162.0;63.227.162.255;42.8561;-106.338
63.227.163.0;63.227.163.255;47.5034;-111.299
63.227.164.0;63.227.167.15;40.7128;-74.006
63.227.167.16;63.227.167.255;31.1363;-97.7797
63.227.168.0;63.227.168.199;46.9299;-114.091
63.227.168.200;63.227.173.255;46.5891;-112.039
63.227.174.0;63.227.174.255;47.4957;-111.293
63.227.175.0;63.227.175.255;46.5879;-112.039
63.227.176.0;63.227.177.255;38.8339;-104.821
63.227.178.0;63.227.178.55;39.088;-104.796
63.227.178.56;63.227.180.255;38.8339;-104.821
63.227.181.0;63.227.181.255;39.7392;-104.99
63.227.182.0;63.227.182.255;38.9014;-104.833
63.227.183.0;63.227.183.255;27.966;-82.7985
63.227.184.0;63.227.184.255;40.7128;-74.006
63.227.185.0;63.227.186.255;47.658;-117.424
63.227.187.0;63.227.187.255;39.7392;-104.99
63.227.188.0;63.227.188.255;47.6743;-117.112
63.227.189.0;63.227.189.255;47.6583;-117.423
63.227.190.0;63.227.190.255;39.7392;-104.99
63.227.191.0;63.227.191.255;47.6582;-117.422
63.227.192.0;63.227.192.255;44.4484;-95.7912
63.227.193.0;63.227.193.255;41.14;-104.82
63.227.194.0;63.227.194.255;38.9717;-95.2353
63.227.195.0;63.227.195.255;41.8781;-87.6298
63.227.196.0;63.227.199.255;40.7128;-74.006
63.227.200.0;63.227.200.255;39.0997;-94.5786
63.227.201.0;63.227.201.255;28.5384;-81.3789
63.227.202.0;63.227.202.255;29.7604;-95.3698
63.227.203.0;63.227.207.255;40.7128;-74.006
63.227.208.0;63.227.208.255;45.6722;-122.548
63.227.209.0;63.227.211.255;45.5152;-122.678
63.227.212.0;63.227.212.255;45.5853;-122.728
63.227.213.0;63.227.213.255;45.5246;-122.691
63.227.214.0;63.227.216.255;45.5152;-122.678
63.227.217.0;63.227.217.247;45.6664;-122.551
63.227.217.248;63.227.218.255;45.5152;-122.678
63.227.219.0;63.227.219.255;45.409;-122.57
63.227.220.0;63.227.220.223;40.7128;-74.006
63.227.220.224;63.227.222.79;45.5152;-122.678
63.227.222.80;63.227.222.255;45.5122;-122.659
63.227.223.0;63.227.223.255;40.7128;-74.006
63.227.224.0;63.227.224.255;29.7604;-95.3698
63.227.225.0;63.227.225.255;33.1284;-107.253
63.227.226.0;63.227.226.255;35.095;-106.575
63.227.227.0;63.227.227.255;40.7128;-74.006
63.227.228.0;63.227.228.255;35.1665;-106.592
63.227.229.0;63.227.229.7;35.3293;-106.585
63.227.229.8;63.227.230.255;40.7128;-74.006
63.227.231.0;63.227.231.255;32.8995;-105.957
63.227.232.0;63.227.232.255;40.7357;-74.1724
63.227.233.0;63.227.233.255;40.7128;-74.006
63.227.234.0;63.227.234.255;33.4864;-111.918
63.227.235.0;63.227.235.255;31.3545;-110.966
63.227.236.0;63.227.237.255;40.7128;-74.006
63.227.238.0;63.227.239.255;35.5942;-105.223
63.227.240.0;63.227.240.255;43.5834;-116.273
63.227.241.0;63.227.241.255;42.7126;-114.518
63.227.242.0;63.227.243.255;43.8186;-111.803
63.227.244.0;63.227.245.143;43.615;-116.202
63.227.245.144;63.227.245.199;43.513;-111.964
63.227.245.200;63.227.247.255;43.615;-116.202
63.227.248.0;63.227.255.255;41.14;-104.82
63.228.0.0;63.228.0.255;44.9778;-93.265
63.228.1.0;63.228.1.255;44.8896;-93.2807
63.228.2.0;63.228.2.247;44.9781;-93.4055
63.228.2.248;63.228.9.7;44.9778;-93.265
63.228.9.8;63.228.9.15;44.8705;-93.3127
63.228.9.16;63.228.12.39;44.9778;-93.265
63.228.12.40;63.228.12.47;45.0288;-93.049
63.228.12.48;63.228.14.31;44.9778;-93.265
63.228.14.32;63.228.14.63;44.8115;-93.2785
63.228.14.64;63.228.15.255;44.9778;-93.265
63.228.16.0;63.228.23.255;45.0115;-93.1988
63.228.24.0;63.228.25.255;40.7128;-74.006
63.228.26.0;63.228.26.255;44.8742;-93.3204
63.228.27.0;63.228.29.79;44.9778;-93.265
63.228.29.80;63.228.29.255;44.9831;-93.2331
63.228.30.0;63.228.31.255;40.7128;-74.006
63.228.32.0;63.228.33.7;44.9778;-93.265
63.228.33.8;63.228.33.47;44.8856;-93.4585
63.228.33.48;63.228.34.255;44.9778;-93.265
63.228.35.0;63.228.35.7;45.2854;-93.011
63.228.35.8;63.228.38.23;44.9778;-93.265
63.228.38.24;63.228.38.63;44.8021;-93.211
63.228.38.64;63.228.55.255;44.9778;-93.265
63.228.56.0;63.228.56.255;45.0407;-93.2475
63.228.57.0;63.228.57.255;44.8969;-93.0724
63.228.58.0;63.228.59.47;44.9778;-93.265
63.228.59.48;63.228.59.183;44.8626;-93.322
63.228.59.184;63.228.63.255;44.9778;-93.265
63.228.64.0;63.228.64.255;39.7392;-104.99
63.228.65.0;63.228.65.199;39.6141;-105.017
63.228.65.200;63.228.67.47;32.5891;-92.0664
63.228.67.48;63.228.67.255;39.7015;-104.941
63.228.68.0;63.228.71.31;39.5481;-104.974
63.228.71.32;63.228.71.255;40.3915;-104.71
63.228.72.0;63.228.72.255;32.5891;-92.0664
63.228.73.0;63.228.73.183;39.5481;-104.974
63.228.73.184;63.228.75.23;32.5891;-92.0664
63.228.75.24;63.228.78.255;39.5481;-104.974
63.228.79.0;63.228.79.255;39.7392;-104.99
63.228.80.0;63.228.81.7;39.5481;-104.974
63.228.81.8;63.228.81.15;39.6497;-107.06
63.228.81.16;63.228.83.55;39.5481;-104.974
63.228.83.56;63.228.83.247;39.6497;-107.06
63.228.83.248;63.228.87.255;39.5481;-104.974
63.228.88.0;63.228.88.239;39.9157;-105.08
63.228.88.240;63.228.89.255;32.5891;-92.0664
63.228.90.0;63.228.90.255;39.5481;-104.974
63.228.91.0;63.228.91.255;39.7276;-104.989
63.228.92.0;63.228.92.255;32.5891;-92.0664
63.228.93.0;63.228.94.7;39.7392;-104.99
63.228.94.8;63.228.94.255;32.5891;-92.0664
63.228.95.0;63.228.95.255;39.5481;-104.974
63.228.96.0;63.228.98.255;47.4748;-122.273
63.228.99.0;63.228.99.255;47.1825;-122.256
63.228.100.0;63.228.107.255;47.4748;-122.273
63.228.108.0;63.228.109.15;32.5891;-92.0664
63.228.109.16;63.228.109.223;47.5516;-122.325
63.228.109.224;63.228.111.23;32.5891;-92.0664
63.228.111.24;63.228.111.255;47.6076;-122.335
63.228.112.0;63.228.115.255;47.4748;-122.273
63.228.116.0;63.228.116.255;32.5891;-92.0664
63.228.117.0;63.228.117.239;47.6101;-122.202
63.228.117.240;63.228.119.7;32.5891;-92.0664
63.228.119.8;63.228.119.255;47.602;-122.332
63.228.120.0;63.228.120.231;47.4803;-111.34
63.228.120.232;63.228.126.15;40.7128;-74.006
63.228.126.16;63.228.126.231;47.3017;-122.324
63.228.126.232;63.228.127.255;40.7128;-74.006
63.228.128.0;63.228.128.199;33.5091;-112.021
63.228.128.200;63.228.129.247;32.5891;-92.0664
63.228.129.248;63.228.130.255;33.4484;-112.074
63.228.131.0;63.228.131.255;32.5891;-92.0664
63.228.132.0;63.228.132.247;33.5314;-111.928
63.228.132.248;63.228.134.23;32.5891;-92.0664
63.228.134.24;63.228.134.255;33.5099;-112.103
63.228.135.0;63.228.135.255;32.5891;-92.0664
63.228.136.0;63.228.136.31;32.7627;-111.65
63.228.136.32;63.228.138.63;33.4484;-112.074
63.228.138.64;63.228.138.199;33.5089;-112.048
63.228.138.200;63.228.149.255;33.4484;-112.074
63.228.150.0;63.228.150.223;32.5891;-92.0664
63.228.150.224;63.228.151.255;33.4484;-112.074
63.228.152.0;63.228.154.255;33.4773;-112.074
63.228.155.0;63.228.155.255;34.54;-112.454
63.228.156.0;63.228.157.255;33.5023;-112.074
63.228.158.0;63.228.158.255;40.7128;-74.006
63.228.159.0;63.228.159.255;33.4915;-111.922
63.228.160.0;63.228.163.255;41.9779;-91.6656
63.228.164.0;63.228.165.255;39.7392;-104.99
63.228.166.0;63.228.166.255;41.9779;-91.6656
63.228.167.0;63.228.167.255;40.7128;-74.006
63.228.168.0;63.228.168.255;35.7344;-79.4399
63.228.169.0;63.228.169.255;33.4484;-112.074
63.228.170.0;63.228.170.255;27.9517;-82.4588
63.228.171.0;63.228.171.255;40.7128;-74.006
63.228.172.0;63.228.174.255;45.5152;-122.678
63.228.175.0;63.228.175.255;45.5166;-122.679
63.228.176.0;63.228.176.255;43.615;-116.202
63.228.177.0;63.228.177.255;43.6119;-116.27
63.228.178.0;63.228.178.255;43.615;-116.202
63.228.179.0;63.228.179.255;39.7392;-104.99
63.228.180.0;63.228.180.255;33.4484;-112.074
63.228.181.0;63.228.181.255;31.4554;-110.982
63.228.182.0;63.228.182.255;43.6629;-116.687
63.228.183.0;63.228.183.255;41.8781;-87.6298
63.228.184.0;63.228.184.255;40.9682;-74.2959
63.228.185.0;63.228.185.255;42.1623;-87.8806
63.228.186.0;63.228.186.255;40.7128;-74.006
63.228.187.0;63.228.187.255;28.5384;-81.3789
63.228.188.0;63.228.188.255;39.7392;-104.99
63.228.189.0;63.228.189.255;42.5531;-114.474
63.228.190.0;63.228.191.23;39.7392;-104.99
63.228.191.24;63.228.191.255;43.6164;-116.206
63.228.192.0;63.228.202.255;40.7608;-111.891
63.228.203.0;63.228.203.135;40.6848;-111.88
63.228.203.136;63.228.207.255;40.7608;-111.891
63.228.208.0;63.228.208.255;43.5916;-116.536
63.228.209.0;63.228.209.255;40.7128;-74.006
63.228.210.0;63.228.210.255;40.8091;-111.954
63.228.211.0;63.228.211.255;40.7608;-111.891
63.228.212.0;63.228.212.255;40.6204;-111.983
63.228.213.0;63.228.214.255;40.7128;-74.006
63.228.215.0;63.228.215.255;40.2193;-75.5406
63.228.216.0;63.228.216.255;40.7128;-74.006
63.228.217.0;63.228.217.255;40.7608;-111.891
63.228.218.0;63.228.218.255;40.7128;-74.006
63.228.219.0;63.228.219.255;40.6312;-111.938
63.228.220.0;63.228.220.255;47.4748;-122.273
63.228.221.0;63.228.221.255;40.7128;-74.006
63.228.222.0;63.228.222.255;47.4748;-122.273
63.228.223.0;63.228.223.255;43.2119;-112.413
63.228.224.0;63.228.224.223;32.5891;-92.0664
63.228.224.224;63.228.225.255;37.3387;-121.885
63.228.226.0;63.228.226.255;28.5384;-81.3789
63.228.227.0;63.228.227.255;39.0248;-77.1382
63.228.228.0;63.228.228.255;39.7392;-104.99
63.228.229.0;63.228.229.255;44.1422;-123.057
63.228.230.0;63.228.231.39;40.7128;-74.006
63.228.231.40;63.228.231.255;42.3265;-122.876
63.228.232.0;63.228.232.255;44.7741;-106.944
63.228.233.0;63.228.233.255;43.6354;-116.258
63.228.234.0;63.228.235.255;41.14;-104.82
63.228.236.0;63.228.237.255;44.2846;-105.492
63.228.238.0;63.228.238.255;41.5867;-109.218
63.228.239.0;63.228.239.255;41.8781;-87.6298
63.228.240.0;63.228.240.255;43.62;-116.219
63.228.241.0;63.228.241.255;43.5788;-116.56
63.228.242.0;63.228.242.255;43.6089;-116.325
63.228.243.0;63.228.243.255;43.5913;-116.265
63.228.244.0;63.228.244.255;39.0997;-94.5786
63.228.245.0;63.228.245.255;43.1904;-112.346
63.228.246.0;63.228.246.255;43.8221;-111.788
63.228.247.0;63.228.255.255;40.7128;-74.006
63.229.0.0;63.229.1.255;47.4748;-122.273
63.229.2.0;63.229.2.167;47.6061;-122.333
63.229.2.168;63.229.3.255;32.5891;-92.0664
63.229.4.0;63.229.7.255;47.4748;-122.273
63.229.8.0;63.229.9.7;32.5891;-92.0664
63.229.9.8;63.229.10.7;47.6061;-122.333
63.229.10.8;63.229.10.255;47.4748;-122.273
63.229.11.0;63.229.11.255;32.5891;-92.0664
63.229.12.0;63.229.12.255;47.6061;-122.333
63.229.13.0;63.229.13.223;47.3323;-122.29
63.229.13.224;63.229.14.255;32.5891;-92.0664
63.229.15.0;63.229.15.255;47.6084;-122.342
63.229.16.0;63.229.19.255;47.4748;-122.273
63.229.20.0;63.229.21.39;32.5891;-92.0664
63.229.21.40;63.229.21.255;38.8339;-104.821
63.229.22.0;63.229.22.239;47.6061;-122.333
63.229.22.240;63.229.23.239;32.5891;-92.0664
63.229.23.240;63.229.27.255;47.4748;-122.273
63.229.28.0;63.229.28.255;47.6061;-122.333
63.229.29.0;63.229.29.255;47.4748;-122.273
63.229.30.0;63.229.30.255;47.6189;-122.326
63.229.31.0;63.229.31.255;47.6142;-122.348
63.229.32.0;63.229.33.255;33.4484;-112.074
63.229.34.0;63.229.34.255;38.9072;-77.0369
63.229.35.0;63.229.35.255;40.7128;-74.006
63.229.36.0;63.229.36.255;41.2565;-95.9345
63.229.37.0;63.229.37.255;38.9072;-77.0369
63.229.38.0;63.229.38.63;31.1363;-97.7797
63.229.38.64;63.229.39.255;40.7128;-74.006
63.229.40.0;63.229.43.255;44.9778;-93.265
63.229.44.0;63.229.44.255;33.4494;-112.189
63.229.45.0;63.229.45.255;47.9769;-122.214
63.229.46.0;63.229.46.255;33.6446;-111.896
63.229.47.0;63.229.47.255;40.7128;-74.006
63.229.48.0;63.229.48.255;41.8781;-87.6298
63.229.49.0;63.229.49.255;41.8531;-87.6183
63.229.50.0;63.229.50.255;40.7608;-111.891
63.229.51.0;63.229.51.255;40.7128;-74.006
63.229.52.0;63.229.52.255;40.7426;-74.1687
63.229.53.0;63.229.54.255;40.7128;-74.006
63.229.55.0;63.229.55.255;40.7765;-74.0698
63.229.56.0;63.229.56.255;47.4748;-122.273
63.229.57.0;63.229.58.15;40.7128;-74.006
63.229.58.16;63.229.58.255;47.2509;-122.254
63.229.59.0;63.229.59.255;40.7128;-74.006
63.229.60.0;63.229.60.255;40.5757;-111.892
63.229.61.0;63.229.61.255;33.4375;-112.164
63.229.62.0;63.229.63.7;40.7128;-74.006
63.229.63.8;63.229.63.255;36.0468;-115.407
63.229.64.0;63.229.65.15;32.5891;-92.0664
63.229.65.16;63.229.65.255;33.4484;-112.074
63.229.66.0;63.229.66.255;32.5891;-92.0664
63.229.67.0;63.229.67.247;33.4484;-112.074
63.229.67.248;63.229.69.47;32.5891;-92.0664
63.229.69.48;63.229.69.255;33.3263;-111.963
63.229.70.0;63.229.70.255;33.4843;-112.073
63.229.71.0;63.229.72.7;33.4484;-112.074
63.229.72.8;63.229.72.255;32.5891;-92.0664
63.229.73.0;63.229.86.39;33.4484;-112.074
63.229.86.40;63.229.86.47;40.7128;-74.006
63.229.86.48;63.229.88.255;33.4484;-112.074
63.229.89.0;63.229.89.255;40.7128;-74.006
63.229.90.0;63.229.90.255;41.8781;-87.6298
63.229.91.0;63.229.91.255;40.7128;-74.006
63.229.92.0;63.229.92.255;37.3688;-122.036
63.229.93.0;63.229.93.255;33.8061;-118.038
63.229.94.0;63.229.94.255;33.4484;-112.074
63.229.95.0;63.229.95.255;29.9511;-90.0715
63.229.96.0;63.229.96.255;40.7128;-74.006
63.229.97.0;63.229.97.255;31.8394;-106.564
63.229.98.0;63.229.98.255;35.1986;-111.647
63.229.99.0;63.229.99.255;40.7128;-74.006
63.229.100.0;63.229.101.255;33.3552;-111.827
63.229.102.0;63.229.102.255;40.7128;-74.006
63.229.103.0;63.229.103.255;33.3776;-111.844
63.229.104.0;63.229.104.255;40.7128;-74.006
63.229.105.0;63.229.105.255;41.8781;-87.6298
63.229.106.0;63.229.106.255;40.7128;-74.006
63.229.107.0;63.229.107.255;33.4484;-112.074
63.229.108.0;63.229.108.255;34.1808;-118.309
63.229.109.0;63.229.110.255;40.7128;-74.006
63.229.111.0;63.229.118.255;33.4484;-112.074
63.229.119.0;63.229.119.247;32.5891;-92.0664
63.229.119.248;63.229.125.255;33.4484;-112.074
63.229.126.0;63.229.127.15;32.5891;-92.0664
63.229.127.16;63.229.127.255;33.4484;-112.074
63.229.128.0;63.229.136.255;45.5152;-122.678
63.229.137.0;63.229.137.231;45.5257;-122.68
63.229.137.232;63.229.138.255;45.5152;-122.678
63.229.139.0;63.229.139.223;40.0289;-105.246
63.229.139.224;63.229.143.47;45.5152;-122.678
63.229.143.48;63.229.143.255;45.5202;-122.674
63.229.144.0;63.229.159.255;40.7128;-74.006
63.229.160.0;63.229.160.255;35.0844;-106.65
63.229.161.0;63.229.161.255;40.4406;-79.9959
63.229.162.0;63.229.162.255;39.7392;-104.99
63.229.163.0;63.229.163.255;42.3601;-71.0589
63.229.164.0;63.229.164.255;35.5267;-108.742
63.229.165.0;63.229.165.255;32.2913;-106.791
63.229.166.0;63.229.167.255;34.4048;-103.205
63.229.168.0;63.229.168.63;41.5236;-90.5776
63.229.168.64;63.229.171.255;40.7128;-74.006
63.229.172.0;63.229.175.255;41.5236;-90.5776
63.229.176.0;63.229.176.255;32.7767;-96.797
63.229.177.0;63.229.177.255;32.2022;-110.968
63.229.178.0;63.229.179.7;32.7767;-96.797
63.229.179.8;63.229.179.255;32.1947;-110.856
63.229.180.0;63.229.181.255;32.254;-110.974
63.229.182.0;63.229.182.255;40.5818;-111.888
63.229.183.0;63.229.183.255;34.7581;-106.057
63.229.184.0;63.229.186.63;42.4963;-96.4049
63.229.186.64;63.229.186.255;40.7128;-74.006
63.229.187.0;63.229.188.255;42.4963;-96.4049
63.229.189.0;63.229.189.167;40.8136;-96.7026
63.229.189.168;63.229.191.255;40.7128;-74.006
63.229.192.0;63.229.205.55;44.9778;-93.265
63.229.205.56;63.229.205.247;45.0287;-93.1679
63.229.205.248;63.229.207.71;44.9778;-93.265
63.229.207.72;63.229.207.255;44.9537;-93.09
63.229.208.0;63.229.220.223;44.9778;-93.265
63.229.220.224;63.229.220.231;43.9825;-94.6269
63.229.220.232;63.229.223.255;44.9778;-93.265
63.229.224.0;63.229.224.255;32.5891;-92.0664
63.229.225.0;63.229.225.223;39.5481;-104.974
63.229.225.224;63.229.227.39;32.5891;-92.0664
63.229.227.40;63.229.227.231;39.5481;-104.974
63.229.227.232;63.229.229.15;32.5891;-92.0664
63.229.229.16;63.229.230.15;39.7392;-104.99
63.229.230.16;63.229.230.223;39.5481;-104.974
63.229.230.224;63.229.231.255;32.5891;-92.0664
63.229.232.0;63.229.232.223;39.7392;-104.99
63.229.232.224;63.229.234.23;32.5891;-92.0664
63.229.234.24;63.229.234.255;39.7444;-104.991
63.229.235.0;63.229.235.199;39.5481;-104.974
63.229.235.200;63.229.236.255;32.5891;-92.0664
63.229.237.0;63.229.237.255;39.6141;-104.897
63.229.238.0;63.229.238.255;39.7506;-104.997
63.229.239.0;63.229.239.255;39.7692;-105.043
63.229.240.0;63.229.240.255;38.9072;-77.0369
63.229.241.0;63.229.241.255;39.5916;-104.841
63.229.242.0;63.229.242.255;41.2335;-96.1104
63.229.243.0;63.229.243.255;35.2271;-80.8431
63.229.244.0;63.229.244.255;40.7128;-74.006
63.229.245.0;63.229.245.247;47.4748;-122.273
63.229.245.248;63.229.247.255;40.7128;-74.006
63.229.248.0;63.229.248.255;40.1823;-105.126
63.229.249.0;63.229.249.255;31.1363;-97.7797
63.229.250.0;63.229.251.255;40.7128;-74.006
63.229.252.0;63.229.252.223;39.863;-104.674
63.229.252.224;63.229.254.255;40.7128;-74.006
63.229.255.0;63.230.4.143;40.7608;-111.891
63.230.4.144;63.230.4.159;40.1652;-111.611
63.230.4.160;63.230.9.15;40.7608;-111.891
63.230.9.16;63.230.9.255;40.3878;-111.851
63.230.10.0;63.230.12.255;40.7608;-111.891
63.230.13.0;63.230.13.255;40.8909;-111.89
63.230.14.0;63.230.15.7;40.7608;-111.891
63.230.15.8;63.230.15.255;40.7501;-111.846
63.230.16.0;63.230.19.255;40.7608;-111.891
63.230.20.0;63.230.20.255;40.7182;-111.941
63.230.21.0;63.230.21.255;40.9171;-111.88
63.230.22.0;63.230.22.255;40.2337;-111.659
63.230.23.0;63.230.23.255;40.617;-111.885
63.230.24.0;63.230.24.255;40.3628;-111.739
63.230.25.0;63.230.25.239;40.3521;-111.732
63.230.25.240;63.230.27.7;40.7608;-111.891
63.230.27.8;63.230.27.247;40.723;-111.856
63.230.27.248;63.230.31.255;40.7608;-111.891
63.230.32.0;63.230.32.255;40.7128;-74.006
63.230.33.0;63.230.33.255;41.2563;-95.9434
63.230.34.0;63.230.36.255;40.7128;-74.006
63.230.37.0;63.230.37.247;27.9517;-82.4588
63.230.37.248;63.230.39.255;40.7128;-74.006
63.230.40.0;63.230.40.255;41.2623;-96.0489
63.230.41.0;63.230.41.255;41.258;-95.8508
63.230.42.0;63.230.42.255;39.7392;-104.99
63.230.43.0;63.230.43.255;41.207;-96.0987
63.230.44.0;63.230.47.255;41.2565;-95.9345
63.230.48.0;63.230.55.255;41.5868;-93.625
63.230.56.0;63.230.56.255;41.5912;-93.7646
63.230.57.0;63.230.57.255;42.0015;-93.6325
63.230.58.0;63.230.59.15;32.5891;-92.0664
63.230.59.16;63.230.59.255;39.0997;-94.5786
63.230.60.0;63.230.63.255;41.5868;-93.625
63.230.64.0;63.230.64.255;38.4433;-105.237
63.230.65.0;63.230.65.255;38.8313;-104.824
63.230.66.0;63.230.66.255;38.9367;-104.816
63.230.67.0;63.230.67.255;40.7128;-74.006
63.230.68.0;63.230.68.7;39.7392;-104.99
63.230.68.8;63.230.69.255;38.8339;-104.821
63.230.70.0;63.230.70.255;39.7392;-104.99
63.230.71.0;63.230.72.255;38.8339;-104.821
63.230.73.0;63.230.73.255;38.8569;-104.746
63.230.74.0;63.230.74.255;38.7512;-104.724
63.230.75.0;63.230.75.255;39.7392;-104.99
63.230.76.0;63.230.79.255;38.8339;-104.821
63.230.80.0;63.230.80.63;45.5579;-94.1632
63.230.80.64;63.230.83.167;44.9778;-93.265
63.230.83.168;63.230.83.255;44.9689;-93.3538
63.230.84.0;63.230.85.255;45.5579;-94.1632
63.230.86.0;63.230.87.255;44.9778;-93.265
63.230.88.0;63.230.89.255;40.7128;-74.006
63.230.90.0;63.230.90.255;45.6156;-94.1787
63.230.91.0;63.230.91.255;40.7128;-74.006
63.230.92.0;63.230.95.255;45.577;-94.1832
63.230.96.0;63.230.99.255;35.0844;-106.65
63.230.100.0;63.230.101.255;33.8509;-118.304
63.230.102.0;63.230.102.255;35.2642;-106.629
63.230.103.0;63.230.103.255;35.1107;-106.62
63.230.104.0;63.230.106.255;41.8781;-87.6298
63.230.107.0;63.230.107.255;46.8711;-96.7919
63.230.108.0;63.230.109.63;44.0121;-92.4802
63.230.109.64;63.230.111.255;41.8781;-87.6298
63.230.112.0;63.230.112.255;33.8162;-84.3672
63.230.113.0;63.230.113.255;33.6221;-84.3691
63.230.114.0;63.230.114.255;43.6519;-116.255
63.230.115.0;63.230.115.255;40.7128;-74.006
63.230.116.0;63.230.117.255;43.5916;-116.298
63.230.118.0;63.230.118.255;43.8221;-111.788
63.230.119.0;63.230.119.255;40.7128;-74.006
63.230.120.0;63.230.121.255;43.615;-116.202
63.230.122.0;63.230.122.255;39.7392;-104.99
63.230.123.0;63.230.123.255;43.6157;-116.224
63.230.124.0;63.230.124.255;43.615;-116.202
63.230.125.0;63.230.125.255;39.7392;-104.99
63.230.126.0;63.230.127.255;43.615;-116.202
63.230.128.0;63.230.128.255;45.7729;-108.491
63.230.129.0;63.230.129.255;47.6869;-117.285
63.230.130.0;63.230.130.255;47.6576;-117.422
63.230.131.0;63.230.132.63;39.7392;-104.99
63.230.132.64;63.230.132.71;47.6588;-117.426
63.230.132.72;63.230.133.255;39.7392;-104.99
63.230.134.0;63.230.134.255;47.528;-122.327
63.230.135.0;63.230.135.255;47.7318;-117.412
63.230.136.0;63.230.137.255;46.8042;-100.788
63.230.138.0;63.230.139.7;32.5891;-92.0664
63.230.139.8;63.230.139.255;46.8069;-100.786
63.230.140.0;63.230.140.159;48.2668;-101.305
63.230.140.160;63.230.141.255;32.5891;-92.0664
63.230.142.0;63.230.143.255;46.8042;-100.788
63.230.144.0;63.230.144.183;41.8781;-87.6298
63.230.144.184;63.230.145.255;32.5891;-92.0664
63.230.146.0;63.230.146.255;43.568;-96.7509
63.230.147.0;63.230.147.255;43.5044;-96.773
63.230.148.0;63.230.148.255;43.5725;-96.7435
63.230.149.0;63.230.149.255;32.5891;-92.0664
63.230.150.0;63.230.150.255;43.5392;-96.7318
63.230.151.0;63.230.151.255;43.546;-96.7313
63.230.152.0;63.230.152.255;41.6361;-91.5665
63.230.153.0;63.230.153.255;34.1808;-118.309
63.230.154.0;63.230.154.255;40.7128;-74.006
63.230.155.0;63.230.155.255;41.9779;-91.6656
63.230.156.0;63.230.156.255;39.7392;-104.99
63.230.157.0;63.230.157.255;42.0261;-91.62
63.230.158.0;63.230.159.255;39.7392;-104.99
63.230.160.0;63.230.163.255;45.5152;-122.678
63.230.164.0;63.230.164.247;45.6907;-122.657
63.230.164.248;63.230.166.255;45.5152;-122.678
63.230.167.0;63.230.167.255;45.5143;-122.679
63.230.168.0;63.230.168.255;45.4859;-122.763
63.230.169.0;63.230.170.255;45.5152;-122.678
63.230.171.0;63.230.171.255;45.675;-122.664
63.230.172.0;63.230.173.255;45.5152;-122.678
63.230.174.0;63.230.174.255;47.631;-122.192
63.230.175.0;63.230.175.255;45.5152;-122.678
63.230.176.0;63.230.179.255;45.5353;-122.694
63.230.180.0;63.230.180.255;40.7128;-74.006
63.230.181.0;63.230.181.255;44.9778;-93.265
63.230.182.0;63.230.182.255;33.4484;-112.074
63.230.183.0;63.230.183.255;40.7128;-74.006
63.230.184.0;63.230.187.255;43.6006;-116.198
63.230.188.0;63.230.188.255;44.9202;-123.316
63.230.189.0;63.230.189.255;40.7128;-74.006
63.230.190.0;63.230.191.255;45.5165;-122.396
63.230.192.0;63.230.199.255;33.4484;-112.074
63.230.200.0;63.230.200.255;33.3236;-111.791
63.230.201.0;63.230.201.255;33.619;-112.012
63.230.202.0;63.230.202.255;33.4917;-112.075
63.230.203.0;63.230.207.255;33.4484;-112.074
63.230.208.0;63.230.208.255;33.5511;-111.893
63.230.209.0;63.230.209.255;33.6278;-112.122
63.230.210.0;63.230.212.255;33.4484;-112.074
63.230.213.0;63.230.213.255;33.4805;-111.948
63.230.214.0;63.230.214.255;33.4484;-112.074
63.230.215.0;63.230.215.255;32.5891;-92.0664
63.230.216.0;63.230.216.231;33.509;-112.103
63.230.216.232;63.230.218.23;32.5891;-92.0664
63.230.218.24;63.230.218.255;33.6416;-112.064
63.230.219.0;63.230.219.255;33.4797;-111.981
63.230.220.0;63.230.220.255;32.5891;-92.0664
63.230.221.0;63.230.221.255;33.6301;-112.122
63.230.222.0;63.230.222.223;33.46;-112.171
63.230.222.224;63.230.223.247;32.5891;-92.0664
63.230.223.248;63.230.225.255;33.4484;-112.074
63.230.226.0;63.230.226.255;33.3079;-111.902
63.230.227.0;63.230.227.255;33.2954;-111.893
63.230.228.0;63.230.228.239;33.4805;-111.948
63.230.228.240;63.230.229.255;33.4484;-112.074
63.230.230.0;63.230.231.7;32.5891;-92.0664
63.230.231.8;63.230.231.255;33.4655;-112.076
63.230.232.0;63.230.232.255;33.6856;-112.236
63.230.233.0;63.230.233.231;33.6044;-112.286
63.230.233.232;63.230.234.255;32.5891;-92.0664
63.230.235.0;63.230.235.247;33.4504;-112.164
63.230.235.248;63.230.239.255;33.4484;-112.074
63.230.240.0;63.230.240.255;40.0769;-75.418
63.230.241.0;63.230.241.255;38.2527;-85.7585
63.230.242.0;63.230.243.255;40.7128;-74.006
63.230.244.0;63.230.244.255;41.3643;-81.5264
63.230.245.0;63.230.245.255;35.8308;-78.7811
63.230.246.0;63.230.246.255;34.5528;-112.484
63.230.247.0;63.230.248.127;40.7128;-74.006
63.230.248.128;63.230.248.255;35.0793;-106.606
63.230.249.0;63.230.249.255;33.4208;-111.55
63.230.250.0;63.230.250.255;33.4484;-112.074
63.230.251.0;63.230.251.255;32.8984;-111.763
63.230.252.0;63.230.252.255;33.3362;-111.956
63.230.253.0;63.230.253.255;33.4817;-112.073
63.230.254.0;63.230.254.255;44.4723;-73.1867
63.230.255.0;63.230.255.255;33.1284;-107.253
63.231.0.0;63.231.0.255;47.4464;-122.223
63.231.1.0;63.231.1.255;61.2176;-149.9
63.231.2.0;63.231.2.255;40.7608;-111.891
63.231.3.0;63.231.4.255;40.7128;-74.006
63.231.5.0;63.231.5.255;32.7555;-97.3308
63.231.6.0;63.231.6.255;47.6293;-122.15
63.231.7.0;63.231.7.215;47.4748;-122.273
63.231.7.216;63.231.8.255;40.7128;-74.006
63.231.9.0;63.231.9.255;35.2271;-80.8431
63.231.10.0;63.231.10.255;47.4748;-122.273
63.231.11.0;63.231.11.255;40.7128;-74.006
63.231.12.0;63.231.12.255;32.5891;-92.0664
63.231.13.0;63.231.13.255;47.1685;-122.599
63.231.14.0;63.231.14.231;47.6061;-122.333
63.231.14.232;63.231.16.7;32.5891;-92.0664
63.231.16.8;63.231.16.255;47.3986;-122.325
63.231.17.0;63.231.17.255;47.6058;-122.33
63.231.18.0;63.231.19.7;32.5891;-92.0664
63.231.19.8;63.231.19.255;47.6093;-122.341
63.231.20.0;63.231.27.255;47.4748;-122.273
63.231.28.0;63.231.28.255;32.5891;-92.0664
63.231.29.0;63.231.29.247;47.6146;-122.337
63.231.29.248;63.231.30.255;32.5891;-92.0664
63.231.31.0;63.231.31.255;47.612;-122.121
63.231.32.0;63.231.32.255;48.7575;-122.455
63.231.33.0;63.231.33.255;47.3613;-122.118
63.231.34.0;63.231.34.255;47.1768;-122.313
63.231.35.0;63.231.35.255;47.5571;-122.045
63.231.36.0;63.231.39.255;47.4748;-122.273
63.231.40.0;63.231.40.255;47.6061;-122.333
63.231.41.0;63.231.41.255;47.4748;-122.273
63.231.42.0;63.231.42.255;32.5891;-92.0664
63.231.43.0;63.231.43.255;47.4748;-122.273
63.231.44.0;63.231.44.247;47.67;-122.381
63.231.44.248;63.231.45.255;47.4748;-122.273
63.231.46.0;63.231.46.255;32.5891;-92.0664
63.231.47.0;63.231.47.255;47.6689;-122.284
63.231.48.0;63.231.54.255;47.4748;-122.273
63.231.55.0;63.231.55.255;47.6062;-122.332
63.231.56.0;63.231.56.255;47.245;-122.447
63.231.57.0;63.231.57.255;32.5891;-92.0664
63.231.58.0;63.231.61.255;47.4748;-122.273
63.231.62.0;63.231.63.23;32.5891;-92.0664
63.231.63.24;63.231.63.255;47.6061;-122.333
63.231.64.0;63.231.65.23;39.5481;-104.974
63.231.65.24;63.231.65.255;39.569;-104.892
63.231.66.0;63.231.66.255;40.1571;-104.989
63.231.67.0;63.231.67.255;39.8538;-105.049
63.231.68.0;63.231.68.255;39.9946;-105.227
63.231.69.0;63.231.69.255;32.5891;-92.0664
63.231.70.0;63.231.70.255;39.7427;-104.988
63.231.71.0;63.231.73.255;39.5481;-104.974
63.231.74.0;63.231.74.255;32.5891;-92.0664
63.231.75.0;63.231.76.255;39.5481;-104.974
63.231.77.0;63.231.78.47;32.5891;-92.0664
63.231.78.48;63.231.78.255;39.5481;-104.974
63.231.79.0;63.231.79.255;32.5891;-92.0664
63.231.80.0;63.231.80.255;39.9194;-105.144
63.231.81.0;63.231.82.255;39.5481;-104.974
63.231.83.0;63.231.83.255;32.5891;-92.0664
63.231.84.0;63.231.85.255;39.5481;-104.974
63.231.86.0;63.231.86.255;32.5891;-92.0664
63.231.87.0;63.231.87.255;39.5481;-104.974
63.231.88.0;63.231.90.191;32.5891;-92.0664
63.231.90.192;63.231.90.247;31.1363;-97.7797
63.231.90.248;63.231.91.255;32.5891;-92.0664
63.231.92.0;63.231.92.255;40.0284;-105.254
63.231.93.0;63.231.94.7;32.5891;-92.0664
63.231.94.8;63.231.94.255;39.6261;-104.814
63.231.95.0;63.231.95.255;39.7392;-104.99
63.231.96.0;63.231.96.255;38.8394;-104.777
63.231.97.0;63.231.98.47;39.7392;-104.99
63.231.98.48;63.231.98.255;32.9497;-96.7706
63.231.99.0;63.231.99.255;38.2757;-104.614
63.231.100.0;63.231.111.255;38.8339;-104.821
63.231.112.0;63.231.113.255;35.0844;-106.65
63.231.114.0;63.231.114.255;39.7392;-104.99
63.231.115.0;63.231.115.255;35.0844;-106.65
63.231.116.0;63.231.116.255;35.1334;-106.632
63.231.117.0;63.231.121.255;35.0844;-106.65
63.231.122.0;63.231.122.255;35.134;-106.638
63.231.123.0;63.231.123.255;35.0921;-106.567
63.231.124.0;63.231.124.255;44.9777;-93.2671
63.231.125.0;63.231.125.255;41.9253;-87.9428
63.231.126.0;63.231.126.255;32.849;-104.411
63.231.127.0;63.231.127.255;35.1858;-106.592
63.231.128.0;63.231.131.151;44.9778;-93.265
63.231.131.152;63.231.131.247;45.3038;-93.5672
63.231.131.248;63.231.133.47;44.9778;-93.265
63.231.133.48;63.231.133.95;44.953;-92.9952
63.231.133.96;63.231.136.239;44.9778;-93.265
63.231.136.240;63.231.136.247;45.3408;-93.3269
63.231.136.248;63.231.141.7;44.9778;-93.265
63.231.141.8;63.231.141.31;44.9309;-93.204
63.231.141.32;63.231.149.39;44.9778;-93.265
63.231.149.40;63.231.149.47;44.953;-92.9952
63.231.149.48;63.231.153.127;44.9778;-93.265
63.231.153.128;63.231.153.135;44.9444;-93.0933
63.231.153.136;63.231.156.135;44.9778;-93.265
63.231.156.136;63.231.156.143;44.98;-93.2638
63.231.156.144;63.231.164.127;44.9778;-93.265
63.231.164.128;63.231.164.199;45.1597;-93.3497
63.231.164.200;63.231.171.255;44.9778;-93.265
63.231.172.0;63.231.172.239;44.9559;-93.2877
63.231.172.240;63.231.174.255;44.9778;-93.265
63.231.175.0;63.231.175.255;44.9866;-93.3978
63.231.176.0;63.231.176.223;44.8882;-93.3019
63.231.176.224;63.231.178.23;44.9778;-93.265
63.231.178.24;63.231.178.255;44.8526;-93.4594
63.231.179.0;63.231.179.255;44.7758;-93.2684
63.231.180.0;63.231.180.255;44.9778;-93.265
63.231.181.0;63.231.181.255;44.8601;-93.2389
63.231.182.0;63.231.183.31;44.9778;-93.265
63.231.183.32;63.231.183.247;44.8589;-93.4016
63.231.183.248;63.231.189.255;44.9778;-93.265
63.231.190.0;63.231.190.255;44.826;-93.47
63.231.191.0;63.231.191.255;44.9213;-92.925
63.231.192.0;63.231.192.255;33.4942;-111.926
63.231.193.0;63.231.193.255;33.551;-111.893
63.231.194.0;63.231.194.255;40.7128;-74.006
63.231.195.0;63.231.195.255;44.9778;-93.265
63.231.196.0;63.231.198.255;45.0107;-93.2686
63.231.199.0;63.231.199.255;41.8781;-87.6298
63.231.200.0;63.231.201.255;45.0107;-93.2686
63.231.202.0;63.231.202.255;40.7128;-74.006
63.231.203.0;63.231.203.255;33.4842;-112.071
63.231.204.0;63.231.204.255;40.7128;-74.006
63.231.205.0;63.231.205.63;44.9778;-93.265
63.231.205.64;63.231.207.255;40.7128;-74.006
63.231.208.0;63.231.208.255;45.0467;-93.3982
63.231.209.0;63.231.209.255;42.5639;-70.9833
63.231.210.0;63.231.210.255;40.7128;-74.006
63.231.211.0;63.231.211.255;50.1196;8.73469
63.231.212.0;63.231.212.255;40.0912;-75.3698
63.231.213.0;63.231.215.31;40.7128;-74.006
63.231.215.32;63.231.215.255;40.5282;-105.075
63.231.216.0;63.231.223.255;40.7128;-74.006
63.231.224.0;63.231.227.255;44.9778;-93.265
63.231.228.0;63.231.228.247;44.9356;-93.0975
63.231.228.248;63.231.231.7;44.9778;-93.265
63.231.231.8;63.231.231.255;44.8637;-93.3404
63.231.232.0;63.231.232.255;44.9778;-93.265
63.231.233.0;63.231.233.255;45.0983;-93.193
63.231.234.0;63.231.234.255;44.9902;-93.2754
63.231.235.0;63.231.235.255;45.2261;-93.302
63.231.236.0;63.231.236.247;45.1976;-93.3869
63.231.236.248;63.231.237.255;44.9778;-93.265
63.231.238.0;63.231.238.255;44.8459;-93.1396
63.231.239.0;63.231.240.23;44.9778;-93.265
63.231.240.24;63.231.240.255;45.0334;-93.2793
63.231.241.0;63.231.241.255;44.9681;-93.4379
63.231.242.0;63.231.242.247;45.1183;-93.2681
63.231.242.248;63.231.244.255;44.9778;-93.265
63.231.245.0;63.231.245.247;45.0199;-93.1301
63.231.245.248;63.231.246.255;44.9778;-93.265
63.231.247.0;63.231.247.239;44.9203;-92.9735
63.231.247.240;63.231.248.255;44.9778;-93.265
63.231.249.0;63.231.249.255;44.9211;-93.4111
63.231.250.0;63.231.252.23;44.9778;-93.265
63.231.252.24;63.231.252.255;44.9251;-93.4892
63.231.253.0;63.231.253.255;45.1718;-93.8748
63.231.254.0;63.231.254.255;44.8659;-93.3246
63.231.255.0;63.231.255.255;44.9778;-93.265
63.232.0.0;63.232.1.255;40.7128;-74.006
63.232.2.0;63.232.2.255;32.9628;-111.525
63.232.3.0;63.232.3.255;43.5969;-116.21
63.232.4.0;63.232.5.255;40.7128;-74.006
63.232.6.0;63.232.6.255;37.3489;-108.586
63.232.7.0;63.232.15.255;40.7128;-74.006
63.232.16.0;63.232.16.255;33.4425;-112.182
63.232.17.0;63.232.17.255;33.4598;-111.76
63.232.18.0;63.232.19.47;40.7128;-74.006
63.232.19.48;63.232.19.255;47.4748;-122.273
63.232.20.0;63.232.20.255;35.687;-105.938
63.232.21.0;63.232.24.255;40.7128;-74.006
63.232.25.0;63.232.25.255;30.4066;-87.6836
63.232.26.0;63.232.26.255;40.7128;-74.006
63.232.27.0;63.232.27.255;29.787;-95.4403
63.232.28.0;63.232.28.231;41.0702;-85.1706
63.232.28.232;63.232.30.63;39.7684;-86.1581
63.232.30.64;63.232.30.255;32.9959;-96.7072
63.232.31.0;63.232.31.255;40.7128;-74.006
63.232.32.0;63.232.34.255;44.9778;-93.265
63.232.35.0;63.232.35.255;44.9033;-94.1955
63.232.36.0;63.232.37.255;36.7103;-108.005
63.232.38.0;63.232.39.63;40.7128;-74.006
63.232.39.64;63.232.39.255;4.6667;-74.35
63.232.40.0;63.232.40.255;40.6262;-76.1715
63.232.41.0;63.232.41.255;40.7128;-74.006
63.232.42.0;63.232.43.255;38.1074;-122.57
63.232.44.0;63.232.44.255;38.9248;-77.2311
63.232.45.0;63.232.45.255;40.6677;-111.939
63.232.46.0;63.232.47.255;40.7128;-74.006
63.232.48.0;63.232.48.255;38.8802;-77.115
63.232.49.0;63.232.49.255;39.7259;-105.207
63.232.50.0;63.232.50.255;28.5874;-81.4319
63.232.51.0;63.232.51.255;38.9456;-77.316
63.232.52.0;63.232.52.255;47.6593;-117.421
63.232.53.0;63.232.53.255;47.6011;-122.325
63.232.54.0;63.232.54.127;27.9532;-82.8009
63.232.54.128;63.232.55.255;40.7128;-74.006
63.232.56.0;63.232.57.255;41.8796;-87.6304
63.232.58.0;63.232.58.255;39.6809;-104.938
63.232.59.0;63.232.59.255;33.0166;-96.7985
63.232.60.0;63.232.60.255;47.5432;-122.039
63.232.61.0;63.232.61.255;40.7128;-74.006
63.232.62.0;63.232.62.255;33.8501;-84.3641
63.232.63.0;63.232.63.255;37.5366;-122.327
63.232.64.0;63.232.64.255;44.9554;-93.188
63.232.65.0;63.232.65.255;35.2041;-114.024
63.232.66.0;63.232.66.255;41.5874;-93.5196
63.232.67.0;63.232.67.255;35.9821;-115.1
63.232.68.0;63.232.71.255;33.4152;-111.904
63.232.72.0;63.232.73.255;40.7128;-74.006
63.232.74.0;63.232.74.255;36.6777;-121.656
63.232.75.0;63.232.75.255;25.8462;-80.1539
63.232.76.0;63.232.77.255;40.7128;-74.006
63.232.78.0;63.232.78.255;33.2196;-111.877
63.232.79.0;63.232.79.255;40.7128;-74.006
63.232.80.0;63.232.80.255;38.8331;-104.816
63.232.81.0;63.232.83.255;40.7128;-74.006
63.232.84.0;63.232.84.255;33.5435;-112.172
63.232.85.0;63.232.85.255;40.7128;-74.006
63.232.86.0;63.232.86.255;32.3405;-110.966
63.232.87.0;63.232.87.255;44.9567;-93.0848
63.232.88.0;63.232.89.255;42.2236;-91.1886
63.232.90.0;63.232.91.255;40.7128;-74.006
63.232.92.0;63.232.92.255;45.3939;-92.8166
63.232.93.0;63.232.93.255;44.8617;-93.0312
63.232.94.0;63.232.94.255;46.9514;-102.792
63.232.95.0;63.232.95.255;41.566;-93.7681
63.232.96.0;63.232.97.95;40.7128;-74.006
63.232.97.96;63.232.97.255;32.3142;-90.8757
63.232.98.0;63.232.100.7;40.7128;-74.006
63.232.100.8;63.232.100.239;47.6523;-122.678
63.232.100.240;63.232.101.255;40.7128;-74.006
63.232.102.0;63.232.102.255;40.7357;-74.1724
63.232.103.0;63.232.104.255;40.7128;-74.006
63.232.105.0;63.232.105.255;32.777;-108.276
63.232.106.0;63.232.106.255;39.2585;-121.654
63.232.107.0;63.232.109.255;40.7128;-74.006
63.232.110.0;63.232.110.255;40.6182;-111.86
63.232.111.0;63.232.111.255;32.9589;-96.8232
63.232.112.0;63.232.112.255;40.7128;-74.006
63.232.113.0;63.232.113.255;45.2454;-92.2661
63.232.114.0;63.232.114.255;36.7478;-108.168
63.232.115.0;63.232.115.255;32.2806;-106.77
63.232.116.0;63.232.118.255;40.7128;-74.006
63.232.119.0;63.232.119.255;32.9338;-96.9054
63.232.120.0;63.232.120.255;33.4482;-112.078
63.232.121.0;63.232.121.255;44.98;-93.2638
63.232.122.0;63.232.123.255;33.4931;-111.925
63.232.124.0;63.232.124.255;40.7128;-74.006
63.232.125.0;63.232.125.255;45.7529;-94.2223
63.232.126.0;63.232.126.255;40.7128;-74.006
63.232.127.0;63.232.127.255;29.7551;-95.3633
63.232.128.0;63.232.131.255;37.7831;-122.404
63.232.132.0;63.232.135.127;40.7128;-74.006
63.232.135.128;63.232.135.159;39.0997;-94.5786
63.232.135.160;63.232.143.255;40.7128;-74.006
63.232.144.0;63.232.144.255;33.4544;-111.976
63.232.145.0;63.232.145.255;33.5319;-112.264
63.232.146.0;63.232.151.255;40.7128;-74.006
63.232.152.0;63.232.152.255;39.0997;-94.5786
63.232.153.0;63.232.173.255;40.7128;-74.006
63.232.174.0;63.232.174.255;33.4484;-112.074
63.232.175.0;63.232.176.103;40.7128;-74.006
63.232.176.104;63.232.176.111;32.5891;-92.0664
63.232.176.112;63.232.188.31;40.7128;-74.006
63.232.188.32;63.232.188.255;47.4624;-122.222
63.232.189.0;63.232.193.255;40.7128;-74.006
63.232.194.0;63.232.194.255;39.7895;-104.994
63.232.195.0;63.232.195.255;32.7371;-97.1076
63.232.196.0;63.232.196.255;40.7128;-74.006
63.232.197.0;63.232.197.255;45.0499;-93.2271
63.232.198.0;63.232.198.255;40.7128;-74.006
63.232.199.0;63.232.199.255;42.6889;-84.283
63.232.200.0;63.232.200.255;40.7128;-74.006
63.232.201.0;63.232.201.255;44.8399;-91.5465
63.232.202.0;63.232.205.255;40.7128;-74.006
63.232.206.0;63.232.206.255;30.3385;-97.6839
63.232.207.0;63.232.207.255;41.5768;-90.5613
63.232.208.0;63.232.208.255;41.7163;-87.5672
63.232.209.0;63.232.209.255;42.2444;-71.0257
63.232.210.0;63.232.211.255;40.7128;-74.006
63.232.212.0;63.232.212.255;36.0341;-83.8761
63.232.213.0;63.232.213.255;40.7128;-74.006
63.232.214.0;63.232.214.255;34.7747;-111.766
63.232.215.0;63.232.215.255;44.9969;-93.2723
63.232.216.0;63.232.217.255;40.7128;-74.006
63.232.218.0;63.232.218.255;38.7115;-90.6772
63.232.219.0;63.232.219.255;40.7128;-74.006
63.232.220.0;63.232.220.255;25.8375;-80.3211
63.232.221.0;63.232.223.255;40.7128;-74.006
63.232.224.0;63.232.225.255;34.1532;-118.342
63.232.226.0;63.232.226.255;45.5295;-122.825
63.232.227.0;63.232.227.255;38.9483;-76.8309
63.232.228.0;63.232.228.255;34.1999;-118.344
63.232.229.0;63.232.229.255;40.7128;-74.006
63.232.230.0;63.232.230.255;40.7257;-73.996
63.232.231.0;63.232.231.255;42.2884;-84.3092
63.232.232.0;63.232.233.255;40.7257;-73.996
63.232.234.0;63.232.235.39;40.7128;-74.006
63.232.235.40;63.232.235.255;43.6486;-79.3923
63.232.236.0;63.232.236.255;41.8796;-87.6304
63.232.237.0;63.232.237.255;47.6582;-117.422
63.232.238.0;63.232.238.255;40.758;-73.9708
63.232.239.0;63.232.247.255;40.7128;-74.006
63.232.248.0;63.232.248.255;40.2343;-74.7698
63.232.249.0;63.232.249.255;40.7199;-111.898
63.232.250.0;63.232.250.255;46.0912;-91.8295
63.232.251.0;63.232.251.255;33.9207;-84.3348
63.232.252.0;63.232.252.255;38.8814;-94.8199
63.232.253.0;63.232.253.255;40.7128;-74.006
63.232.254.0;63.232.255.255;39.0997;-94.5786
63.233.0.0;63.233.0.255;39.5729;-104.861
63.233.1.0;63.233.1.255;32.9773;-97.3098
63.233.2.0;63.233.2.255;42.3654;-71.0879
63.233.3.0;63.233.3.255;38.1726;-84.8162
63.233.4.0;63.233.7.255;40.7128;-74.006
63.233.8.0;63.233.9.255;41.7138;-93.6165
63.233.10.0;63.233.15.247;40.7128;-74.006
63.233.15.248;63.233.15.255;34.1808;-118.309
63.233.16.0;63.233.23.15;40.7128;-74.006
63.233.23.16;63.233.23.255;43.5788;-116.56
63.233.24.0;63.233.28.255;40.7128;-74.006
63.233.29.0;63.233.29.255;51.5232;-0.101148
63.233.30.0;63.233.31.111;40.7128;-74.006
63.233.31.112;63.233.31.255;32.5891;-92.0664
63.233.32.0;63.233.36.55;40.7128;-74.006
63.233.36.56;63.233.36.255;27.9575;-82.4962
63.233.37.0;63.233.40.255;40.7128;-74.006
63.233.41.0;63.233.41.255;33.5379;-112.309
63.233.42.0;63.233.43.15;40.7128;-74.006
63.233.43.16;63.233.43.255;39.9612;-82.9988
63.233.44.0;63.233.45.15;40.7128;-74.006
63.233.45.16;63.233.45.255;39.7684;-86.1581
63.233.46.0;63.233.47.255;40.7128;-74.006
63.233.48.0;63.233.48.255;40.7644;-73.9756
63.233.49.0;63.233.49.255;34.2113;-118.482
63.233.50.0;63.233.53.255;40.7128;-74.006
63.233.54.0;63.233.54.255;47.6249;-122.36
63.233.55.0;63.233.55.255;40.7128;-74.006
63.233.56.0;63.233.56.255;41.601;-93.7849
63.233.57.0;63.233.57.255;40.7128;-74.006
63.233.58.0;63.233.58.255;45.0211;-122.975
63.233.59.0;63.233.59.255;40.7128;-74.006
63.233.60.0;63.233.60.255;46.8721;-113.994
63.233.61.0;63.233.62.255;40.7128;-74.006
63.233.63.0;63.233.63.255;41.9109;-87.9189
63.233.64.0;63.233.66.7;40.7128;-74.006
63.233.66.8;63.233.66.255;35.6057;-105.924
63.233.67.0;63.233.67.255;40.3831;-86.8616
63.233.68.0;63.233.68.255;40.7128;-74.006
63.233.69.0;63.233.69.255;47.1628;-122.301
63.233.70.0;63.233.70.255;37.1552;-113.687
63.233.71.0;63.233.71.255;47.2974;-122.503
63.233.72.0;63.233.72.255;35.1262;-106.617
63.233.73.0;63.233.74.255;40.7128;-74.006
63.233.75.0;63.233.75.255;45.1923;-93.5387
63.233.76.0;63.233.76.255;37.3911;-122.05
63.233.77.0;63.233.77.255;33.3448;-111.72
63.233.78.0;63.233.78.255;39.6355;-105.004
63.233.79.0;63.233.79.255;42.9124;-85.5202
63.233.80.0;63.233.80.255;41.9955;-87.7221
63.233.81.0;63.233.81.255;40.7128;-74.006
63.233.82.0;63.233.82.255;43.4156;-84.0749
63.233.83.0;63.233.83.255;40.7128;-74.006
63.233.84.0;63.233.84.255;43.3903;-89.4029
63.233.85.0;63.233.85.255;41.8781;-87.6298
63.233.86.0;63.233.87.23;40.7128;-74.006
63.233.87.24;63.233.87.255;33.4484;-112.074
63.233.88.0;63.233.88.255;44.9942;-93.2171
63.233.89.0;63.233.89.255;40.9264;-98.342
63.233.90.0;63.233.90.255;44.9769;-93.2708
63.233.91.0;63.233.91.255;40.7128;-74.006
63.233.92.0;63.233.92.255;42.3654;-71.0879
63.233.93.0;63.233.93.255;34.0509;-118.257
63.233.94.0;63.233.100.63;40.7128;-74.006
63.233.100.64;63.233.100.255;40.5626;-111.941
63.233.101.0;63.233.101.255;40.7128;-74.006
63.233.102.0;63.233.102.255;41.2579;-95.9389
63.233.103.0;63.233.103.255;47.7985;-122.326
63.233.104.0;63.233.104.255;40.7128;-74.006
63.233.105.0;63.233.105.255;41.0256;-73.7189
63.233.106.0;63.233.106.255;34.1875;-77.9276
63.233.107.0;63.233.110.15;40.7128;-74.006
63.233.110.16;63.233.110.255;33.6143;-84.5003
63.233.111.0;63.233.111.255;40.7128;-74.006
63.233.112.0;63.233.112.255;42.3644;-71.0891
63.233.113.0;63.233.116.255;40.7128;-74.006
63.233.117.0;63.233.117.255;41.2641;-84.3596
63.233.118.0;63.233.121.255;40.7128;-74.006
63.233.122.0;63.233.122.255;37.4185;-121.952
63.233.123.0;63.233.123.255;33.4348;-111.861
63.233.124.0;63.233.124.255;40.7128;-74.006
63.233.125.0;63.233.125.255;32.9483;-96.7299
63.233.126.0;63.233.126.255;42.3649;-71.0888
63.233.127.0;63.233.127.255;39.7392;-104.99
63.233.128.0;63.233.128.255;46.4414;-92.7778
63.233.129.0;63.233.129.255;39.5993;-104.898
63.233.130.0;63.233.130.255;47.2974;-122.503
63.233.131.0;63.233.131.255;40.7128;-74.006
63.233.132.0;63.233.132.255;43.9841;-90.5156
63.233.133.0;63.233.133.255;30.2861;-97.7394
63.233.134.0;63.233.134.255;39.0797;-108.533
63.233.135.0;63.233.135.255;36.3288;-119.348
63.233.136.0;63.233.136.255;40.7128;-74.006
63.233.137.0;63.233.137.223;41.737;-111.834
63.233.137.224;63.233.138.255;40.7128;-74.006
63.233.139.0;63.233.139.255;38.269;-104.61
63.233.140.0;63.233.140.255;28.6625;-81.3796
63.233.141.0;63.233.141.255;40.7128;-74.006
63.233.142.0;63.233.142.255;45.5579;-94.1632
63.233.143.0;63.233.147.255;40.7128;-74.006
63.233.148.0;63.233.148.255;39.8457;-82.9172
63.233.149.0;63.233.149.255;47.7856;-116.921
63.233.150.0;63.233.151.7;40.7128;-74.006
63.233.151.8;63.233.151.255;40.0691;-74.1322
63.233.152.0;63.233.152.255;34.7455;-86.6919
63.233.153.0;63.233.153.255;33.7488;-84.3877
63.233.154.0;63.233.154.255;35.0805;-78.9648
63.233.155.0;63.233.155.255;33.553;-111.895
63.233.156.0;63.233.156.255;44.9537;-93.09
63.233.157.0;63.233.157.255;37.5947;-122.364
63.233.158.0;63.233.158.255;40.7128;-74.006
63.233.159.0;63.233.159.239;25.9677;-97.5111
63.233.159.240;63.233.191.255;40.7128;-74.006
63.233.192.0;63.233.193.255;41.5292;-90.5756
63.233.194.0;63.233.194.255;46.5941;-120.549
63.233.195.0;63.233.195.255;33.4931;-111.925
63.233.196.0;63.233.196.255;39.748;-104.834
63.233.197.0;63.233.197.255;40.7128;-74.006
63.233.198.0;63.233.198.255;35.1734;-106.623
63.233.199.0;63.233.199.255;35.5942;-105.223
63.233.200.0;63.233.200.255;40.7128;-74.006
63.233.201.0;63.233.201.255;38.8901;-77.0782
63.233.202.0;63.233.202.255;40.7128;-74.006
63.233.203.0;63.233.203.255;39.0997;-94.5786
63.233.204.0;63.233.204.255;43.1905;-112.345
63.233.205.0;63.233.205.255;40.7128;-74.006
63.233.206.0;63.233.207.255;39.9778;-105.132
63.233.208.0;63.233.208.255;40.7128;-74.006
63.233.209.0;63.233.209.255;46.3113;-96.4041
63.233.210.0;63.233.210.255;26.5629;-81.9495
63.233.211.0;63.233.211.255;33.9812;-118.461
63.233.212.0;63.233.212.255;34.9659;-106.661
63.233.213.0;63.233.213.255;41.6739;-78.8267
63.233.214.0;63.233.215.255;37.3135;-121.977
63.233.216.0;63.233.217.255;40.7128;-74.006
63.233.218.0;63.233.218.255;31.5629;-110.252
63.233.219.0;63.233.219.255;42.8599;-106.396
63.233.220.0;63.233.221.255;35.5451;-105.942
63.233.222.0;63.233.222.255;41.884;-87.6473
63.233.223.0;63.233.223.255;46.8721;-113.994
63.233.224.0;63.233.224.255;42.3644;-71.0891
63.233.225.0;63.233.225.255;42.3649;-71.0888
63.233.226.0;63.233.226.255;42.3644;-71.0891
63.233.227.0;63.233.227.255;26.3494;-80.1589
63.233.228.0;63.233.228.255;33.3039;-111.962
63.233.229.0;63.233.229.255;33.6461;-112.236
63.233.230.0;63.233.232.255;40.7128;-74.006
63.233.233.0;63.233.233.255;31.3349;-109.537
63.233.234.0;63.233.234.255;40.9236;-98.3407
63.233.235.0;63.233.236.255;40.7128;-74.006
63.233.237.0;63.233.237.255;41.2133;-96.0615
63.233.238.0;63.233.240.255;40.7128;-74.006
63.233.241.0;63.233.241.255;39.7392;-104.99
63.233.242.0;63.233.242.255;40.7128;-74.006
63.233.243.0;63.233.243.255;40.0594;-76.564
63.233.244.0;63.233.245.255;44.7747;-117.83
63.233.246.0;63.233.246.255;38.6846;-90.3868
63.233.247.0;63.233.249.255;40.7128;-74.006
63.233.250.0;63.233.250.255;37.7053;-121.811
63.233.251.0;63.233.251.255;43.6198;-116.212
63.233.252.0;63.233.252.255;40.7128;-74.006
63.233.253.0;63.233.253.255;36.0715;-115.222
63.233.254.0;63.233.254.255;34.085;-117.185
63.233.255.0;63.233.255.255;40.7128;-74.006
63.234.0.0;63.234.0.255;39.0997;-94.5786
63.234.1.0;63.234.1.255;40.7128;-74.006
63.234.2.0;63.234.2.255;33.5068;-112.064
63.234.3.0;63.234.3.255;36.0807;-115.249
63.234.4.0;63.234.4.255;33.4227;-111.968
63.234.5.0;63.234.5.255;40.7128;-74.006
63.234.6.0;63.234.6.255;41.6604;-91.531
63.234.7.0;63.234.7.255;40.7128;-74.006
63.234.8.0;63.234.8.255;42.4613;-96.4293
63.234.9.0;63.234.9.255;33.6241;-111.942
63.234.10.0;63.234.10.255;40.7128;-74.006
63.234.11.0;63.234.11.255;41.8009;-88.1276
63.234.12.0;63.234.12.255;47.5436;-122.677
63.234.13.0;63.234.13.255;38.985;-77.0952
63.234.14.0;63.234.14.255;45.0062;-93.1841
63.234.15.0;63.234.15.255;40.7608;-111.891
63.234.16.0;63.234.17.255;40.7128;-74.006
63.234.18.0;63.234.19.255;38.7304;-104.775
63.234.20.0;63.234.20.255;40.7128;-74.006
63.234.21.0;63.234.21.255;33.8866;-84.4613
63.234.22.0;63.234.22.255;47.7128;-122.337
63.234.23.0;63.234.23.255;39.6478;-104.988
63.234.24.0;63.234.24.255;40.7128;-74.006
63.234.25.0;63.234.25.255;31.4474;-110.967
63.234.26.0;63.234.26.255;34.0487;-118.445
63.234.27.0;63.234.27.255;34.1885;-118.466
63.234.28.0;63.234.28.255;40.7128;-74.006
63.234.29.0;63.234.29.255;39.0438;-77.4874
63.234.30.0;63.234.30.255;45.0627;-93.1508
63.234.31.0;63.234.31.255;40.7128;-74.006
63.234.32.0;63.234.32.255;44.8596;-93.2298
63.234.33.0;63.234.33.255;38.9072;-77.0369
63.234.34.0;63.234.34.255;43.5031;-112.051
63.234.35.0;63.234.35.255;40.7222;-111.546
63.234.36.0;63.234.39.255;40.7128;-74.006
63.234.40.0;63.234.43.255;38.8985;-77.0176
63.234.44.0;63.234.46.255;40.7128;-74.006
63.234.47.0;63.234.47.255;42.1032;-80.1154
63.234.48.0;63.234.51.255;38.8339;-104.821
63.234.52.0;63.234.52.255;40.7128;-74.006
63.234.53.0;63.234.53.255;38.8382;-104.461
63.234.54.0;63.234.57.7;40.7128;-74.006
63.234.57.8;63.234.57.255;32.7767;-96.797
63.234.58.0;63.234.58.255;40.7128;-74.006
63.234.59.0;63.234.59.255;33.3998;-111.948
63.234.60.0;63.234.60.255;40.7592;-73.8688
63.234.61.0;63.234.61.255;34.058;-118.413
63.234.62.0;63.234.62.255;33.6143;-84.5003
63.234.63.0;63.234.63.255;40.7128;-74.006
63.234.64.0;63.234.64.255;42.0534;-88.0582
63.234.65.0;63.234.65.255;40.7128;-74.006
63.234.66.0;63.234.66.255;38.8823;-77.1711
63.234.67.0;63.234.67.255;38.9506;-77.3646
63.234.68.0;63.234.68.255;40.7128;-74.006
63.234.69.0;63.234.69.255;41.2614;-111.995
63.234.70.0;63.234.70.255;40.7128;-74.006
63.234.71.0;63.234.71.255;39.9526;-75.1652
63.234.72.0;63.234.79.255;41.2614;-111.995
63.234.80.0;63.234.80.255;42.1292;-80.0851
63.234.81.0;63.234.81.255;43.6971;-116.342
63.234.82.0;63.234.82.255;41.5962;-93.7642
63.234.83.0;63.234.83.255;29.6138;-95.6049
63.234.84.0;63.234.85.255;40.7128;-74.006
63.234.86.0;63.234.86.255;39.612;-105.1
63.234.87.0;63.234.87.255;33.6134;-111.892
63.234.88.0;63.234.89.255;40.7128;-74.006
63.234.90.0;63.234.90.255;46.2553;-119.181
63.234.91.0;63.234.91.255;40.7128;-74.006
63.234.92.0;63.234.92.255;40.8129;-73.2678
63.234.93.0;63.234.93.255;42.2313;-87.9528
63.234.94.0;63.234.94.255;36.3871;-82.4185
63.234.95.0;63.234.95.255;40.7128;-74.006
63.234.96.0;63.234.96.255;32.5891;-92.0664
63.234.97.0;63.234.97.255;40.7128;-74.006
63.234.98.0;63.234.98.255;34.7318;-112.014
63.234.99.0;63.234.99.255;37.3621;-118.395
63.234.100.0;63.234.102.255;40.7128;-74.006
63.234.103.0;63.234.103.255;44.4715;-93.1539
63.234.104.0;63.234.104.255;40.7128;-74.006
63.234.105.0;63.234.105.255;40.4145;-99.4173
63.234.106.0;63.234.106.255;40.7128;-74.006
63.234.107.0;63.234.107.255;39.7315;-84.6247
63.234.108.0;63.234.108.255;32.9959;-96.7072
63.234.109.0;63.234.109.255;40.7128;-74.006
63.234.110.0;63.234.110.255;30.4066;-87.6836
63.234.111.0;63.234.111.255;42.8487;-106.298
63.234.112.0;63.234.112.255;25.9435;-97.455
63.234.113.0;63.234.114.15;40.7128;-74.006
63.234.114.16;63.234.114.255;39.9216;-105.072
63.234.115.0;63.234.115.255;38.9534;-92.3279
63.234.116.0;63.234.116.255;40.7128;-74.006
63.234.117.0;63.234.117.255;33.4544;-111.976
63.234.118.0;63.234.119.255;40.7128;-74.006
63.234.120.0;63.234.120.255;33.397;-111.805
63.234.121.0;63.234.121.255;44.9809;-93.2736
63.234.122.0;63.234.122.255;40.7128;-74.006
63.234.123.0;63.234.123.255;30.3783;-86.3474
63.234.124.0;63.234.126.255;40.7128;-74.006
63.234.127.0;63.234.127.255;38.6464;-121.486
63.234.128.0;63.234.128.127;33.6785;-84.4289
63.234.128.128;63.234.135.255;40.7128;-74.006
63.234.136.0;63.234.136.255;39.66;-105.015
63.234.137.0;63.234.140.255;40.7128;-74.006
63.234.141.0;63.234.141.255;34.041;-118.24
63.234.142.0;63.234.142.255;42.7921;-78.8491
63.234.143.0;63.234.143.255;40.7128;-74.006
63.234.144.0;63.234.144.255;39.0466;-94.445
63.234.145.0;63.234.145.255;45.6192;-122.525
63.234.146.0;63.234.146.255;40.7128;-74.006
63.234.147.0;63.234.147.255;43.2623;-91.4763
63.234.148.0;63.234.149.31;40.7128;-74.006
63.234.149.32;63.234.149.255;47.3756;-122.243
63.234.150.0;63.234.150.255;42.5112;-90.7044
63.234.151.0;63.234.154.255;40.7128;-74.006
63.234.155.0;63.234.155.255;33.5819;-111.983
63.234.156.0;63.234.156.255;28.5183;-81.4701
63.234.157.0;63.234.158.7;40.7128;-74.006
63.234.158.8;63.234.158.255;39.7457;-105.009
63.234.159.0;63.234.159.255;33.3503;-111.833
63.234.160.0;63.234.161.255;40.7128;-74.006
63.234.162.0;63.234.162.255;33.4945;-112.129
63.234.163.0;63.234.163.255;40.7128;-74.006
63.234.164.0;63.234.164.255;33.4206;-112.004
63.234.165.0;63.234.166.255;40.7128;-74.006
63.234.167.0;63.234.167.255;39.7392;-104.99
63.234.168.0;63.234.168.255;42.5531;-70.9312
63.234.169.0;63.234.169.255;41.9391;-83.4047
63.234.170.0;63.234.170.255;41.5638;-93.652
63.234.171.0;63.234.171.255;40.335;-74.0957
63.234.172.0;63.234.172.255;35.6075;-97.5434
63.234.173.0;63.234.173.255;26.1851;-97.731
63.234.174.0;63.234.174.255;40.7128;-74.006
63.234.175.0;63.234.175.255;35.0571;-106.522
63.234.176.0;63.234.178.255;40.7128;-74.006
63.234.179.0;63.234.179.255;32.9959;-96.7072
63.234.180.0;63.234.180.255;35.8025;-78.7082
63.234.181.0;63.234.181.255;40.7631;-111.881
63.234.182.0;63.234.182.255;40.1512;-75.4765
63.234.183.0;63.234.183.255;40.5215;-74.3402
63.234.184.0;63.234.184.255;40.7128;-74.006
63.234.185.0;63.234.185.255;39.5575;-105.004
63.234.186.0;63.234.186.255;37.3721;-121.986
63.234.187.0;63.234.187.255;47.9769;-122.214
63.234.188.0;63.234.188.255;40.7128;-74.006
63.234.189.0;63.234.189.255;40.0722;-105.508
63.234.190.0;63.234.192.31;40.7128;-74.006
63.234.192.32;63.234.192.255;33.906;-84.4594
63.234.193.0;63.234.193.255;40.1245;-87.63
63.234.194.0;63.234.194.255;40.955;-73.85
63.234.195.0;63.234.195.255;33.4414;-112.036
63.234.196.0;63.234.199.255;40.7128;-74.006
63.234.200.0;63.234.200.255;41.9391;-83.4047
63.234.201.0;63.234.201.255;40.7128;-74.006
63.234.202.0;63.234.202.255;35.7209;-81.3527
63.234.203.0;63.234.204.255;40.7128;-74.006
63.234.205.0;63.234.206.255;39.6269;-104.902
63.234.207.0;63.234.207.255;39.9061;-82.782
63.234.208.0;63.234.208.255;40.7128;-74.006
63.234.209.0;63.234.209.255;34.1008;-117.774
63.234.210.0;63.234.210.255;40.7128;-74.006
63.234.211.0;63.234.211.255;38.9028;-94.7874
63.234.212.0;63.234.212.255;45.4071;-122.568
63.234.213.0;63.234.213.255;40.7128;-74.006
63.234.214.0;63.234.214.255;29.616;-98.459
63.234.215.0;63.234.215.255;37.4188;-120.012
63.234.216.0;63.234.216.255;33.6596;-112.024
63.234.217.0;63.234.217.255;41.6652;-103.102
63.234.218.0;63.234.218.255;40.7128;-74.006
63.234.219.0;63.234.219.255;40.0241;-105.227
63.234.220.0;63.234.220.255;40.7128;-74.006
63.234.221.0;63.234.221.255;46.5891;-112.039
63.234.222.0;63.234.222.255;37.7805;-97.3237
63.234.223.0;63.234.223.255;40.7128;-74.006
63.234.224.0;63.234.224.255;41.8781;-87.6298
63.234.225.0;63.234.225.255;46.6718;-122.977
63.234.226.0;63.234.226.255;42.3644;-71.0891
63.234.227.0;63.234.227.255;40.6342;-111.8
63.234.228.0;63.234.228.255;33.9157;-117.887
63.234.229.0;63.234.229.255;42.5095;-90.7201
63.234.230.0;63.234.230.255;45.4786;-94.1542
63.234.231.0;63.234.231.255;40.7128;-74.006
63.234.232.0;63.234.232.255;36.9746;-122.034
63.234.233.0;63.234.236.255;40.7128;-74.006
63.234.237.0;63.234.237.255;22.2815;114.161
63.234.238.0;63.234.238.255;38.8922;-77.0025
63.234.239.0;63.234.239.255;40.7128;-74.006
63.234.240.0;63.234.240.255;51.5233;-0.635757
63.234.241.0;63.234.241.255;42.3189;-83.6813
63.234.242.0;63.234.242.255;37.6045;-77.6437
63.234.243.0;63.234.243.255;40.7128;-74.006
63.234.244.0;63.234.244.255;41.6102;-93.6258
63.234.245.0;63.234.245.247;34.1795;-118.542
63.234.245.248;63.234.246.255;40.7128;-74.006
63.234.247.0;63.234.247.255;42.3357;-89.0708
63.234.248.0;63.234.249.255;42.3649;-71.0888
63.234.250.0;63.234.250.255;38.2314;-122.59
63.234.251.0;63.234.251.255;33.8653;-118.091
63.234.252.0;63.234.252.255;40.7128;-74.006
63.234.253.0;63.234.253.255;48.0219;-123.011
63.234.254.0;63.235.0.255;40.7128;-74.006
63.235.1.0;63.235.1.255;33.4484;-112.074
63.235.2.0;63.235.2.255;40.7128;-74.006
63.235.3.0;63.235.3.255;33.9156;-84.353
63.235.4.0;63.235.4.255;42.5152;-121.883
63.235.5.0;63.235.5.255;40.7128;-74.006
63.235.6.0;63.235.6.255;29.5958;-90.7195
63.235.7.0;63.235.7.255;39.1897;-119.745
63.235.8.0;63.235.8.255;38.0675;-122.542
63.235.9.0;63.235.9.255;40.7128;-74.006
63.235.10.0;63.235.10.255;32.2623;-110.943
63.235.11.0;63.235.11.255;39.7774;-104.968
63.235.12.0;63.235.12.255;40.7128;-74.006
63.235.13.0;63.235.13.255;37.3387;-121.885
63.235.14.0;63.235.15.255;40.7128;-74.006
63.235.16.0;63.235.16.255;39.7666;-105.007
63.235.17.0;63.235.18.7;40.7128;-74.006
63.235.18.8;63.235.18.255;43.6701;-116.772
63.235.19.0;63.235.19.255;39.9032;-105.099
63.235.20.0;63.235.21.255;32.7872;-96.7942
63.235.22.0;63.235.22.255;37.325;-121.946
63.235.23.0;63.235.23.255;35.3933;-78.7976
63.235.24.0;63.235.24.255;34.9001;-95.6919
63.235.25.0;63.235.25.255;29.76;-95.3621
63.235.26.0;63.235.26.255;40.444;-79.9927
63.235.27.0;63.235.30.255;40.7128;-74.006
63.235.31.0;63.235.31.255;39.052;-95.672
63.235.32.0;63.235.32.255;38.8838;-104.835
63.235.33.0;63.235.35.15;40.7128;-74.006
63.235.35.16;63.235.35.255;41.1573;-85.4883
63.235.36.0;63.235.37.255;42.3649;-71.0888
63.235.38.0;63.235.39.7;40.7128;-74.006
63.235.39.8;63.235.39.255;32.8686;-96.7739
63.235.40.0;63.235.45.255;40.7128;-74.006
63.235.46.0;63.235.46.255;40.9478;-90.3712
63.235.47.0;63.235.47.255;45.6697;-111.02
63.235.48.0;63.235.48.255;33.7488;-84.3877
63.235.49.0;63.235.50.15;40.7128;-74.006
63.235.50.16;63.235.50.255;44.5183;-98.9884
63.235.51.0;63.235.51.255;29.7545;-95.1827
63.235.52.0;63.235.52.255;32.9483;-96.7299
63.235.53.0;63.235.53.255;47.4817;-111.346
63.235.54.0;63.235.55.159;40.7128;-74.006
63.235.55.160;63.235.55.255;38.8114;-89.9532
63.235.56.0;63.235.56.255;40.7128;-74.006
63.235.57.0;63.235.57.255;41.3856;-73.4243
63.235.58.0;63.235.58.255;43.1534;-93.1983
63.235.59.0;63.235.59.255;45.4341;-122.579
63.235.60.0;63.235.60.255;40.7128;-74.006
63.235.61.0;63.235.61.255;39.7392;-104.99
63.235.62.0;63.235.62.255;41.5875;-109.203
63.235.63.0;63.235.63.255;41.3263;-96.0595
63.235.64.0;63.235.65.255;26.2858;-98.1665
63.235.66.0;63.235.67.119;40.7128;-74.006
63.235.67.120;63.235.67.255;31.1363;-97.7797
63.235.68.0;63.235.69.255;40.7128;-74.006
63.235.70.0;63.235.70.255;39.6855;-104.941
63.235.71.0;63.235.71.255;40.2778;-84.1772
63.235.72.0;63.235.80.255;40.7128;-74.006
63.235.81.0;63.235.81.255;33.4518;-112.017
63.235.82.0;63.235.82.255;40.7128;-74.006
63.235.83.0;63.235.83.255;26.0594;-80.1615
63.235.84.0;63.235.84.255;40.7128;-74.006
63.235.85.0;63.235.85.255;35.1468;-106.603
63.235.86.0;63.235.86.255;40.7128;-74.006
63.235.87.0;63.235.87.255;41.1954;-73.4379
63.235.88.0;63.235.88.255;40.7128;-74.006
63.235.89.0;63.235.89.255;45.3567;-84.2098
63.235.90.0;63.235.90.255;39.9692;-105.087
63.235.91.0;63.235.92.255;40.7128;-74.006
63.235.93.0;63.235.93.255;40.7384;-111.988
63.235.94.0;63.235.94.255;38.7445;-104.844
63.235.95.0;63.235.95.255;45.1977;-93.3872
63.235.96.0;63.235.98.255;40.7128;-74.006
63.235.99.0;63.235.99.255;29.4841;-98.541
63.235.100.0;63.235.100.255;42.1599;-70.8795
63.235.101.0;63.235.101.255;40.7128;-74.006
63.235.102.0;63.235.102.255;35.1983;-111.651
63.235.103.0;63.235.107.255;40.7128;-74.006
63.235.108.0;63.235.108.255;32.9374;-97.0791
63.235.109.0;63.235.109.255;45.6156;-122.651
63.235.110.0;63.235.110.247;39.0997;-94.5786
63.235.110.248;63.235.111.255;40.7128;-74.006
63.235.112.0;63.235.112.255;32.222;-110.861
63.235.113.0;63.235.113.255;41.0763;-111.997
63.235.114.0;63.235.114.255;28.4572;-81.4752
63.235.115.0;63.235.115.255;46.264;-119.253
63.235.116.0;63.235.116.255;44.8697;-93.4131
63.235.117.0;63.235.117.255;40.1083;-83.1843
63.235.118.0;63.235.119.255;40.7128;-74.006
63.235.120.0;63.235.120.255;47.5868;-117.563
63.235.121.0;63.235.121.255;40.7128;-74.006
63.235.122.0;63.235.122.255;40.7557;-73.9727
63.235.123.0;63.235.123.255;40.7128;-74.006
63.235.124.0;63.235.124.255;41.9918;-88.0196
63.235.125.0;63.235.125.255;40.7635;-111.891
63.235.126.0;63.235.126.255;41.2641;-96.0536
63.235.127.0;63.235.127.255;34.2113;-118.482
63.235.128.0;63.235.128.255;33.6589;-112.111
63.235.129.0;63.235.129.255;40.7128;-74.006
63.235.130.0;63.235.130.255;42.5198;-70.8979
63.235.131.0;63.235.131.255;40.4298;-111.894
63.235.132.0;63.235.132.255;40.7128;-74.006
63.235.133.0;63.235.133.247;34.9124;-111.851
63.235.133.248;63.235.134.255;40.7128;-74.006
63.235.135.0;63.235.135.255;39.5612;-104.846
63.235.136.0;63.235.137.255;37.692;-85.8586
63.235.138.0;63.235.138.255;48.3823;-114.171
63.235.139.0;63.235.139.255;35.0844;-106.65
63.235.140.0;63.235.140.255;41.3643;-81.5264
63.235.141.0;63.235.141.255;40.0888;-83.1398
63.235.142.0;63.235.142.255;41.4695;-81.4956
63.235.143.0;63.235.143.255;41.8787;-87.6248
63.235.144.0;63.235.144.255;32.8328;-97.0408
63.235.145.0;63.235.145.255;33.8419;-118.338
63.235.146.0;63.235.146.255;40.7128;-74.006
63.235.147.0;63.235.147.255;35.1905;-111.621
63.235.148.0;63.235.149.255;40.7128;-74.006
63.235.150.0;63.235.150.255;39.9557;-75.1698
63.235.151.0;63.235.151.255;35.2041;-114.024
63.235.152.0;63.235.152.255;42.8562;-106.34
63.235.153.0;63.235.153.255;40.7128;-74.006
63.235.154.0;63.235.154.255;33.9021;-118.387
63.235.155.0;63.235.155.255;40.7128;-74.006
63.235.156.0;63.235.156.255;32.9711;-96.7008
63.235.157.0;63.235.157.255;32.7767;-96.797
63.235.158.0;63.235.158.255;44.0659;-123.099
63.235.159.0;63.235.159.255;29.7492;-95.4505
63.235.160.0;63.235.160.255;32.4037;-86.2412
63.235.161.0;63.235.161.255;35.0844;-106.65
63.235.162.0;63.235.162.255;38.8946;-77.021
63.235.163.0;63.235.167.255;40.7128;-74.006
63.235.168.0;63.235.169.255;33.4518;-111.988
63.235.170.0;63.235.171.255;40.7128;-74.006
63.235.172.0;63.235.173.255;38.9256;-77.0543
63.235.174.0;63.235.174.255;33.4484;-112.074
63.235.175.0;63.235.175.255;38.9256;-77.0543
63.235.176.0;63.235.176.255;32.9959;-96.7072
63.235.177.0;63.235.177.255;33.3316;-111.949
63.235.178.0;63.235.178.255;31.8331;-106.542
63.235.179.0;63.235.179.255;40.7128;-74.006
63.235.180.0;63.235.181.255;42.0288;-97.4447
63.235.182.0;63.235.183.255;40.7128;-74.006
63.235.184.0;63.235.185.255;32.3765;-112.872
63.235.186.0;63.235.186.255;32.3717;-112.861
63.235.187.0;63.235.187.255;32.3765;-112.872
63.235.188.0;63.235.188.255;36.997;-86.4457
63.235.189.0;63.235.189.255;36.8803;-86.4183
63.235.190.0;63.235.190.255;41.8781;-87.6298
63.235.191.0;63.235.191.255;41.1043;-80.8913
63.235.192.0;63.236.0.31;40.7128;-74.006
63.236.0.32;63.236.0.127;40.751;-73.9852
63.236.0.128;63.236.2.79;40.7128;-74.006
63.236.2.80;63.236.2.255;33.997;-118.221
63.236.3.0;63.236.3.211;34.1567;-118.331
63.236.3.212;63.236.4.255;40.7128;-74.006
63.236.5.0;63.236.5.255;34.2359;-118.568
63.236.6.0;63.236.6.255;40.7128;-74.006
63.236.7.0;63.236.7.143;38.8661;-77.0171
63.236.7.144;63.236.8.255;40.7128;-74.006
63.236.9.0;63.236.9.127;34.1808;-118.309
63.236.9.128;63.236.11.35;40.7128;-74.006
63.236.11.36;63.236.11.43;38.9072;-77.0369
63.236.11.44;63.236.12.255;40.7128;-74.006
63.236.13.0;63.236.13.255;34.1952;-118.448
63.236.14.0;63.236.14.255;31.1363;-97.7797
63.236.15.0;63.236.15.255;34.1808;-118.309
63.236.16.0;63.236.16.131;40.7062;-74.0138
63.236.16.132;63.236.17.255;40.7128;-74.006
63.236.18.0;63.236.18.255;42.2971;-71.213
63.236.19.0;63.236.19.255;40.7128;-74.006
63.236.20.0;63.236.20.255;33.997;-118.221
63.236.21.0;63.236.24.255;40.7128;-74.006
63.236.25.0;63.236.25.231;40.7357;-74.1724
63.236.25.232;63.236.26.255;40.7128;-74.006
63.236.27.0;63.236.27.255;40.6878;-74.3937
63.236.28.0;63.236.28.127;28.519;-81.4678
63.236.28.128;63.236.30.211;40.7128;-74.006
63.236.30.212;63.236.30.215;40.7357;-74.1724
63.236.30.216;63.236.33.3;40.7128;-74.006
63.236.33.4;63.236.33.255;37.3688;-122.036
63.236.34.0;63.236.34.231;34.0072;-118.146
63.236.34.232;63.236.37.3;40.7128;-74.006
63.236.37.4;63.236.38.11;37.3688;-122.036
63.236.38.12;63.236.38.231;41.0648;-86.2158
63.236.38.232;63.236.40.127;40.7128;-74.006
63.236.40.128;63.236.40.255;37.3688;-122.036
63.236.41.0;63.236.41.191;37.3712;-121.999
63.236.41.192;63.236.48.251;40.7128;-74.006
63.236.48.252;63.236.49.207;37.3688;-122.036
63.236.49.208;63.236.50.255;40.7128;-74.006
63.236.51.0;63.236.51.255;33.852;-84.3663
63.236.52.0;63.236.52.223;37.3688;-122.036
63.236.52.224;63.236.56.31;40.7128;-74.006
63.236.56.32;63.236.56.151;37.3688;-122.036
63.236.56.152;63.236.59.255;40.7128;-74.006
63.236.60.0;63.236.60.191;27.9517;-82.4588
63.236.60.192;63.236.62.67;40.7128;-74.006
63.236.62.68;63.236.62.111;37.3387;-121.885
63.236.62.112;63.236.63.255;40.7128;-74.006
63.236.64.0;63.236.64.247;40.7357;-74.1724
63.236.64.248;63.236.67.255;40.7128;-74.006
63.236.68.0;63.236.68.255;40.0646;-75.4605
63.236.69.0;63.236.72.31;40.7128;-74.006
63.236.72.32;63.236.72.247;40.7357;-74.1724
63.236.72.248;63.236.75.255;40.7128;-74.006
63.236.76.0;63.236.77.255;41.8796;-87.6304
63.236.78.0;63.236.80.59;40.7128;-74.006
63.236.80.60;63.236.80.127;40.7357;-74.1724
63.236.80.128;63.236.81.255;40.7128;-74.006
63.236.82.0;63.236.82.183;40.7157;-74.306
63.236.82.184;63.236.84.3;40.7128;-74.006
63.236.84.4;63.236.85.3;40.7357;-74.1724
63.236.85.4;63.236.86.35;40.7128;-74.006
63.236.86.36;63.236.86.155;40.7357;-74.1724
63.236.86.156;63.236.88.67;40.7128;-74.006
63.236.88.68;63.236.88.255;40.7357;-74.1724
63.236.89.0;63.236.89.255;40.7128;-74.006
63.236.90.0;63.236.90.255;34.0836;-118.382
63.236.91.0;63.236.92.63;40.7128;-74.006
63.236.92.64;63.236.93.7;40.7357;-74.1724
63.236.93.8;63.236.94.3;40.7128;-74.006
63.236.94.4;63.236.94.191;40.7357;-74.1724
63.236.94.192;63.236.96.15;40.7128;-74.006
63.236.96.16;63.236.96.31;45.5257;-122.681
63.236.96.32;63.236.97.255;40.7128;-74.006
63.236.98.0;63.236.98.255;38.8966;-77.0511
63.236.99.0;63.236.99.255;40.7128;-74.006
63.236.100.0;63.236.100.255;39.0554;-76.8963
63.236.101.0;63.236.101.255;39.2878;-77.8601
63.236.102.0;63.236.103.175;40.7128;-74.006
63.236.103.176;63.236.103.255;39.0277;-77.1404
63.236.104.0;63.236.104.255;40.7128;-74.006
63.236.105.0;63.236.105.239;37.3367;-122.003
63.236.105.240;63.236.106.255;40.7128;-74.006
63.236.107.0;63.236.107.215;38.8938;-77.0716
63.236.107.216;63.236.108.255;40.7128;-74.006
63.236.109.0;63.236.109.247;39.4674;-76.6408
63.236.109.248;63.236.111.3;40.7128;-74.006
63.236.111.4;63.236.111.255;38.9072;-77.0369
63.236.112.0;63.236.112.239;47.6173;-122.305
63.236.112.240;63.236.114.255;40.7128;-74.006
63.236.115.0;63.236.115.255;37.4153;-122.147
63.236.116.0;63.236.116.243;47.4748;-122.273
63.236.116.244;63.236.118.127;40.7128;-74.006
63.236.118.128;63.236.118.191;47.67;-122.386
63.236.118.192;63.236.119.255;40.7128;-74.006
63.236.120.0;63.236.121.3;47.4748;-122.273
63.236.121.4;63.236.121.255;36.0999;-80.2442
63.236.122.0;63.236.122.255;40.7128;-74.006
63.236.123.0;63.236.123.255;39.0067;-77.4291
63.236.124.0;63.236.125.255;30.8983;-83.3514
63.236.126.0;63.236.126.255;40.7128;-74.006
63.236.127.0;63.236.127.247;32.7767;-96.797
63.236.127.248;63.236.128.255;40.7128;-74.006
63.236.129.0;63.236.129.255;40.8562;-73.2946
63.236.130.0;63.236.130.255;42.406;-71.2563
63.236.131.0;63.236.131.255;40.7559;-73.9785
63.236.132.0;63.236.133.15;40.7128;-74.006
63.236.133.16;63.236.133.255;34.1808;-118.309
63.236.134.0;63.236.134.255;41.3605;-93.7908
63.236.135.0;63.236.136.15;40.7128;-74.006
63.236.136.16;63.236.136.255;37.3677;-121.918
63.236.137.0;63.236.137.255;37.7855;-122.398
63.236.138.0;63.236.138.255;25.9498;-80.1933
63.236.139.0;63.236.139.255;38.1321;-122.215
63.236.140.0;63.236.140.255;40.7128;-74.006
63.236.141.0;63.236.141.95;41.9109;-87.6389
63.236.141.96;63.236.143.255;40.7128;-74.006
63.236.144.0;63.236.144.255;39.1797;-76.8466
63.236.145.0;63.236.145.255;39.1433;-77.2199
63.236.146.0;63.236.146.255;39.3575;-76.7883
63.236.147.0;63.236.148.31;40.7128;-74.006
63.236.148.32;63.236.148.255;34.0142;-118.495
63.236.149.0;63.236.149.255;40.7128;-74.006
63.236.150.0;63.236.150.255;33.8985;-117.912
63.236.151.0;63.236.151.255;34.1674;-118.308
63.236.152.0;63.236.152.255;47.4633;-122.244
63.236.153.0;63.236.153.255;47.6002;-122.331
63.236.154.0;63.236.157.15;40.7128;-74.006
63.236.157.16;63.236.157.23;38.5594;-121.699
63.236.157.24;63.236.160.7;40.7128;-74.006
63.236.160.8;63.236.160.143;33.8134;-117.867
63.236.160.144;63.236.162.31;40.7128;-74.006
63.236.162.32;63.236.162.39;32.8316;-117.158
63.236.162.40;63.236.170.39;40.7128;-74.006
63.236.170.40;63.236.170.239;47.6159;-122.147
63.236.170.240;63.236.172.15;40.7128;-74.006
63.236.172.16;63.236.172.255;40.7209;-74.0024
63.236.173.0;63.236.173.239;40.7675;-73.9881
63.236.173.240;63.236.175.23;40.7128;-74.006
63.236.175.24;63.236.175.255;40.7358;-73.0824
63.236.176.0;63.236.176.255;39.6688;-105.007
63.236.177.0;63.236.177.255;31.1363;-97.7797
63.236.178.0;63.236.178.255;39.812;-105.16
63.236.179.0;63.236.182.255;40.7128;-74.006
63.236.183.0;63.236.183.255;39.7392;-104.99
63.236.184.0;63.236.185.7;40.7128;-74.006
63.236.185.8;63.236.185.255;45.524;-122.663
63.236.186.0;63.236.187.15;40.7128;-74.006
63.236.187.16;63.236.187.255;47.6409;-122.168
63.236.188.0;63.236.188.255;40.7128;-74.006
63.236.189.0;63.236.189.207;37.7873;-122.398
63.236.189.208;63.236.191.47;40.7128;-74.006
63.236.191.48;63.236.191.255;37.7782;-122.424
63.236.192.0;63.236.193.143;40.7128;-74.006
63.236.193.144;63.236.193.255;41.8938;-87.6222
63.236.194.0;63.236.195.95;40.7128;-74.006
63.236.195.96;63.236.195.127;42.2794;-87.8385
63.236.195.128;63.236.197.23;40.7128;-74.006
63.236.197.24;63.236.197.255;37.7637;-122.389
63.236.198.0;63.236.198.255;37.7925;-122.4
63.236.199.0;63.236.199.255;39.7196;-104.954
63.236.200.0;63.236.200.255;40.7128;-74.006
63.236.201.0;63.236.201.239;38.9248;-77.2311
63.236.201.240;63.236.202.255;40.7128;-74.006
63.236.203.0;63.236.203.247;38.9186;-77.2671
63.236.203.248;63.236.204.255;40.7128;-74.006
63.236.205.0;63.236.205.215;33.6908;-117.859
63.236.205.216;63.236.206.255;40.7128;-74.006
63.236.207.0;63.236.207.255;33.7756;-118.377
63.236.208.0;63.236.208.255;33.9207;-84.3348
63.236.209.0;63.236.210.15;40.7128;-74.006
63.236.210.16;63.236.210.255;30.4239;-84.2487
63.236.211.0;63.236.211.255;25.7277;-80.2412
63.236.212.0;63.236.212.255;40.7128;-74.006
63.236.213.0;63.236.213.255;39.1792;-77.2469
63.236.214.0;63.236.214.255;29.7592;-95.3636
63.236.215.0;63.236.215.255;40.7644;-111.892
63.236.216.0;63.236.216.255;39.748;-104.989
63.236.217.0;63.236.217.255;39.9568;-86.0134
63.236.218.0;63.236.218.255;27.9517;-82.4588
63.236.219.0;63.236.219.255;28.6278;-81.3631
63.236.220.0;63.236.220.255;25.7504;-80.2285
63.236.221.0;63.236.221.255;33.8359;-118.385
63.236.222.0;63.236.222.255;43.1797;-87.9604
63.236.223.0;63.236.224.7;40.7128;-74.006
63.236.224.8;63.236.224.255;39.9724;-85.8901
63.236.225.0;63.236.225.255;40.5564;-79.8208
63.236.226.0;63.236.227.15;40.7128;-74.006
63.236.227.16;63.236.227.255;42.2444;-71.0257
63.236.228.0;63.236.228.255;39.6809;-104.938
63.236.229.0;63.236.229.255;39.968;-83.0718
63.236.230.0;63.236.230.255;36.0624;-115.221
63.236.231.0;63.236.231.255;42.9715;-85.5897
63.236.232.0;63.236.232.255;36.0624;-115.221
63.236.233.0;63.236.233.255;41.8861;-87.624
63.236.234.0;63.236.234.255;41.9871;-87.8458
63.236.235.0;63.236.235.255;37.3688;-122.036
63.236.236.0;63.236.236.255;40.7128;-74.006
63.236.237.0;63.236.237.255;39.1109;-88.5597
63.236.238.0;63.236.238.255;42.3289;-83.0455
63.236.239.0;63.236.239.255;41.8781;-87.6298
63.236.240.0;63.236.243.255;42.8843;-85.5498
63.236.244.0;63.236.245.255;41.5139;-82.9212
63.236.246.0;63.236.247.255;40.7128;-74.006
63.236.248.0;63.236.248.255;40.3726;-74.5102
63.236.249.0;63.236.249.255;40.7903;-74.0503
63.236.250.0;63.236.250.255;41.8781;-87.6298
63.236.251.0;63.236.251.255;39.748;-104.989
63.236.252.0;63.236.253.255;42.3649;-71.0888
63.236.254.0;63.236.255.255;41.1328;-81.6214
63.237.0.0;63.237.0.255;33.7488;-84.3877
63.237.1.0;63.237.1.255;35.9382;-77.7905
63.237.2.0;63.237.2.255;40.7128;-74.006
63.237.3.0;63.237.3.255;33.8288;-84.3381
63.237.4.0;63.237.4.255;33.7488;-84.3877
63.237.5.0;63.237.5.255;40.7128;-74.006
63.237.6.0;63.237.6.255;35.9382;-77.7905
63.237.7.0;63.237.7.255;26.3358;-80.0885
63.237.8.0;63.237.8.255;36.432;-77.6463
63.237.9.0;63.237.9.255;39.0757;-108.561
63.237.10.0;63.237.11.255;29.649;-82.3238
63.237.12.0;63.237.12.255;36.1508;-85.4765
63.237.13.0;63.237.13.255;35.7757;-78.6392
63.237.14.0;63.237.14.255;36.0267;-83.992
63.237.15.0;63.237.15.255;36.4279;-78.2545
63.237.16.0;63.237.16.255;40.7128;-74.006
63.237.17.0;63.237.17.255;35.1919;-80.9187
63.237.18.0;63.237.18.255;40.7773;-73.3821
63.237.19.0;63.237.19.255;35.1296;-106.586
63.237.20.0;63.237.21.255;40.7128;-74.006
63.237.22.0;63.237.22.255;34.8606;-82.3582
63.237.23.0;63.237.23.255;39.7392;-104.99
63.237.24.0;63.237.24.255;40.7128;-74.006
63.237.25.0;63.237.25.255;34.6241;-86.0521
63.237.26.0;63.237.26.255;40.7128;-74.006
63.237.27.0;63.237.27.255;45.5152;-122.678
63.237.28.0;63.237.28.255;42.3654;-71.0879
63.237.29.0;63.237.29.255;31.2331;-85.434
63.237.30.0;63.237.31.255;33.9514;-84.0543
63.237.32.0;63.237.32.247;40.7128;-74.006
63.237.32.248;63.237.33.255;41.8781;-87.6298
63.237.34.0;63.237.34.255;30.4383;-84.2807
63.237.35.0;63.237.35.255;40.7128;-74.006
63.237.36.0;63.237.36.255;46.3391;-87.3846
63.237.37.0;63.237.37.255;45.0017;-93.2154
63.237.38.0;63.237.39.255;40.7128;-74.006
63.237.40.0;63.237.40.255;41.6993;-86.1757
63.237.41.0;63.237.41.255;40.7128;-74.006
63.237.42.0;63.237.42.255;41.8781;-87.6298
63.237.43.0;63.237.43.255;42.5956;-83.1632
63.237.44.0;63.237.44.255;41.8781;-87.6298
63.237.45.0;63.237.45.255;42.8862;-78.8734
63.237.46.0;63.237.46.255;33.6777;-117.851
63.237.47.0;63.237.47.255;40.7128;-74.006
63.237.48.0;63.237.48.255;34.046;-118.259
63.237.49.0;63.237.50.255;40.7128;-74.006
63.237.51.0;63.237.51.255;31.4499;-98.5709
63.237.52.0;63.237.53.255;40.7128;-74.006
63.237.54.0;63.237.54.255;38.6515;-90.339
63.237.55.0;63.237.55.255;41.8908;-87.6216
63.237.56.0;63.237.56.255;42.1818;-87.9352
63.237.57.0;63.237.57.255;40.7128;-74.006
63.237.58.0;63.237.58.255;41.5608;-90.4834
63.237.59.0;63.237.59.255;34.0561;-84.1623
63.237.60.0;63.237.60.255;40.7128;-74.006
63.237.61.0;63.237.61.255;40.7295;-111.885
63.237.62.0;63.237.62.255;41.725;-85.9987
63.237.63.0;63.237.63.255;37.2461;-93.2595
63.237.64.0;63.237.64.255;40.7128;-74.006
63.237.65.0;63.237.65.255;38.9072;-77.0369
63.237.66.0;63.237.66.255;38.8945;-77.0726
63.237.67.0;63.237.67.255;42.3644;-71.0891
63.237.68.0;63.237.68.255;27.9873;-82.5489
63.237.69.0;63.237.69.255;38.985;-77.0952
63.237.70.0;63.237.70.255;38.9231;-77.2048
63.237.71.0;63.237.71.255;38.9072;-77.0369
63.237.72.0;63.237.72.255;38.916;-77.0469
63.237.73.0;63.237.73.255;38.9753;-76.2857
63.237.74.0;63.237.74.255;39.0304;-77.4174
63.237.75.0;63.237.75.255;32.64;-83.5917
63.237.76.0;63.237.76.255;39.2925;-76.6151
63.237.77.0;63.237.77.255;40.7596;-111.887
63.237.78.0;63.237.78.255;36.7848;-76.0077
63.237.79.0;63.237.79.255;37.63;-77.5407
63.237.80.0;63.237.80.255;38.9188;-77.0701
63.237.81.0;63.237.81.255;38.9586;-77.357
63.237.82.0;63.237.82.255;38.8923;-77.406
63.237.83.0;63.237.83.255;38.9595;-77.3746
63.237.84.0;63.237.84.255;36.6915;-79.8725
63.237.85.0;63.237.87.63;40.7128;-74.006
63.237.87.64;63.237.87.255;36.8408;-76.2131
63.237.88.0;63.237.88.255;39.2685;-76.6142
63.237.89.0;63.237.89.255;47.6224;-122.337
63.237.90.0;63.237.90.255;40.7128;-74.006
63.237.91.0;63.237.91.255;37.3628;-79.2101
63.237.92.0;63.237.92.255;40.7128;-74.006
63.237.93.0;63.237.93.255;38.9053;-77.0398
63.237.94.0;63.237.94.255;39.1768;-76.8637
63.237.95.0;63.237.95.255;42.3654;-71.0879
63.237.96.0;63.237.97.3;29.7604;-95.3698
63.237.97.4;63.237.97.255;40.7128;-74.006
63.237.98.0;63.237.98.255;36.0624;-115.221
63.237.99.0;63.237.99.255;28.5201;-99.8615
63.237.100.0;63.237.100.255;29.6883;-98.1158
63.237.101.0;63.237.101.255;32.7782;-96.7985
63.237.102.0;63.237.102.255;29.5758;-98.3207
63.237.103.0;63.237.103.255;29.7604;-95.3698
63.237.104.0;63.237.104.239;32.6953;-97.1252
63.237.104.240;63.237.105.255;40.7128;-74.006
63.237.106.0;63.237.106.255;30.711;-94.933
63.237.107.0;63.237.107.255;33.6143;-84.5003
63.237.108.0;63.237.108.255;29.4293;-98.5224
63.237.109.0;63.237.109.255;40.7128;-74.006
63.237.110.0;63.237.110.255;33.7001;-111.915
63.237.111.0;63.237.111.255;30.385;-97.7438
63.237.112.0;63.237.112.255;39.7392;-104.99
63.237.113.0;63.237.114.7;40.7128;-74.006
63.237.114.8;63.237.114.255;39.5096;-104.761
63.237.115.0;63.237.115.255;39.0913;-108.572
63.237.116.0;63.237.116.255;45.7291;-108.598
63.237.117.0;63.237.117.255;39.7488;-104.999
63.237.118.0;63.237.118.255;40.7128;-74.006
63.237.119.0;63.237.119.255;40.5199;-105.048
63.237.120.0;63.237.120.255;39.7477;-104.999
63.237.121.0;63.237.121.255;31.1363;-97.7797
63.237.122.0;63.237.122.255;39.9165;-105.005
63.237.123.0;63.237.123.255;39.7765;-104.856
63.237.124.0;63.237.124.255;40.5193;-107.547
63.237.125.0;63.237.125.255;35.2308;-111.822
63.237.126.0;63.237.126.255;40.5853;-105.08
63.237.127.0;63.237.128.27;40.7128;-74.006
63.237.128.28;63.237.128.203;40.4406;-79.9959
63.237.128.204;63.237.129.255;40.7128;-74.006
63.237.130.0;63.237.131.255;40.8864;-74.2545
63.237.132.0;63.237.132.255;40.7128;-74.006
63.237.133.0;63.237.133.255;41.7348;-72.7874
63.237.134.0;63.237.135.7;40.7128;-74.006
63.237.135.8;63.237.135.255;42.6837;-73.8407
63.237.136.0;63.237.136.255;40.7486;-73.9487
63.237.137.0;63.237.137.255;37.3221;-79.9605
63.237.138.0;63.237.138.255;40.7128;-74.006
63.237.139.0;63.237.139.255;38.9495;-77.3551
63.237.140.0;63.237.141.255;44.0403;-75.8034
63.237.142.0;63.237.142.255;40.2442;-74.7382
63.237.143.0;63.237.143.255;39.9534;-75.1657
63.237.144.0;63.237.144.255;42.3389;-71.7729
63.237.145.0;63.237.145.255;40.7861;-73.5463
63.237.146.0;63.237.146.255;40.5353;-74.5409
63.237.147.0;63.237.147.255;40.7611;-73.9682
63.237.148.0;63.237.148.255;41.3114;-105.591
63.237.149.0;63.237.149.255;41.8195;-71.4157
63.237.150.0;63.237.150.255;40.831;-77.8436
63.237.151.0;63.237.151.255;40.7128;-74.006
63.237.152.0;63.237.153.255;40.7675;-73.9881
63.237.154.0;63.237.154.255;40.44;-80.1412
63.237.155.0;63.237.155.255;41.288;-73.0838
63.237.156.0;63.237.156.255;40.5818;-73.8833
63.237.157.0;63.237.157.255;41.5139;-82.9212
63.237.158.0;63.237.158.255;40.7381;-73.994
63.237.159.0;63.237.159.255;40.7128;-74.006
63.237.160.0;63.237.160.255;34.1808;-118.309
63.237.161.0;63.237.161.255;34.0315;-117.615
63.237.162.0;63.237.162.255;44.9778;-93.265
63.237.163.0;63.237.163.255;39.0997;-94.5786
63.237.164.0;63.237.164.255;34.1569;-118.816
63.237.165.0;63.237.166.7;40.7128;-74.006
63.237.166.8;63.237.166.255;35.0844;-106.65
63.237.167.0;63.237.168.3;40.7128;-74.006
63.237.168.4;63.237.168.255;28.5384;-81.3789
63.237.169.0;63.237.169.255;38.9072;-77.0369
63.237.170.0;63.237.171.7;40.7128;-74.006
63.237.171.8;63.237.171.255;33.6221;-84.3691
63.237.172.0;63.237.172.255;34.0522;-118.244
63.237.173.0;63.237.173.255;34.2388;-118.602
63.237.174.0;63.237.174.255;36.2384;-115.078
63.237.175.0;63.237.175.255;29.9511;-90.0715
63.237.176.0;63.237.176.255;40.7128;-74.006
63.237.177.0;63.237.177.255;41.0648;-86.2158
63.237.178.0;63.237.178.255;40.7128;-74.006
63.237.179.0;63.237.179.255;34.0594;-118.414
63.237.180.0;63.237.180.255;33.0141;-117.095
63.237.181.0;63.237.181.255;31.1363;-97.7797
63.237.182.0;63.237.182.255;39.9526;-75.1652
63.237.183.0;63.237.183.255;34.0549;-118.243
63.237.184.0;63.237.184.255;36.0695;-115.077
63.237.185.0;63.237.185.255;33.7977;-112.064
63.237.186.0;63.237.186.255;44.0163;-121.355
63.237.187.0;63.237.187.255;42.6526;-73.7562
63.237.188.0;63.237.188.255;26.5559;-81.7567
63.237.189.0;63.237.189.255;40.7128;-74.006
63.237.190.0;63.237.190.255;33.997;-118.221
63.237.191.0;63.237.191.255;34.0814;-118.452
63.237.192.0;63.237.192.255;37.3688;-122.036
63.237.193.0;63.237.193.255;40.7128;-74.006
63.237.194.0;63.237.194.255;37.8566;-121.28
63.237.195.0;63.237.195.255;40.7538;-111.897
63.237.196.0;63.237.196.255;37.3227;-121.962
63.237.197.0;63.237.198.255;37.3688;-122.036
63.237.199.0;63.237.199.255;37.7775;-122.397
63.237.200.0;63.237.200.255;40.7128;-74.006
63.237.201.0;63.237.201.255;36.0763;-115.109
63.237.202.0;63.237.202.255;37.7775;-122.397
63.237.203.0;63.237.203.255;40.7128;-74.006
63.237.204.0;63.237.207.255;37.416;-121.948
63.237.208.0;63.237.208.255;40.7128;-74.006
63.237.209.0;63.237.209.255;46.3808;-117.059
63.237.210.0;63.237.210.255;37.927;-122.059
63.237.211.0;63.237.211.255;37.3319;-122.03
63.237.212.0;63.237.212.255;39.2867;-76.6189
63.237.213.0;63.237.213.255;35.8308;-78.7811
63.237.214.0;63.237.214.255;38.3204;-122.301
63.237.215.0;63.237.215.255;38.5786;-121.498
63.237.216.0;63.237.218.19;40.7128;-74.006
63.237.218.20;63.237.218.255;31.1363;-97.7797
63.237.219.0;63.237.219.255;44.3628;-69.7806
63.237.220.0;63.237.220.255;37.3981;-121.977
63.237.221.0;63.237.221.255;40.7128;-74.006
63.237.222.0;63.237.222.255;39.1758;-120.232
63.237.223.0;63.237.223.255;40.7128;-74.006
63.237.224.0;63.237.224.255;40.7608;-111.891
63.237.225.0;63.237.225.255;47.4439;-122.302
63.237.226.0;63.237.226.223;47.5702;-122.322
63.237.226.224;63.237.227.255;40.7128;-74.006
63.237.228.0;63.237.228.255;47.7976;-122.21
63.237.229.0;63.237.229.255;32.7157;-117.161
63.237.230.0;63.237.231.255;47.4748;-122.273
63.237.232.0;63.237.232.255;47.2529;-122.444
63.237.233.0;63.237.233.255;47.6254;-122.339
63.237.234.0;63.237.234.255;47.5823;-122.153
63.237.235.0;63.237.235.255;43.884;-121.439
63.237.236.0;63.237.236.255;47.658;-117.424
63.237.237.0;63.237.237.255;47.2941;-122.247
63.237.238.0;63.237.238.255;38.9717;-95.2353
63.237.239.0;63.237.240.3;40.7128;-74.006
63.237.240.4;63.237.240.251;25.7617;-80.1918
63.237.240.252;63.237.241.255;40.7128;-74.006
63.237.242.0;63.237.242.255;27.9952;-82.0032
63.237.243.0;63.237.243.255;26.3834;-80.0991
63.237.244.0;63.237.245.7;40.7128;-74.006
63.237.245.8;63.237.245.255;32.2752;-111.015
63.237.246.0;63.237.246.255;26.7117;-80.052
63.237.247.0;63.237.247.255;28.3576;-81.4974
63.237.248.0;63.237.248.255;28.3465;-81.4022
63.237.249.0;63.237.249.255;40.7128;-74.006
63.237.250.0;63.237.250.255;29.2293;-81.0493
63.237.251.0;63.237.252.31;40.7128;-74.006
63.237.252.32;63.237.252.255;30.2703;-81.4015
63.237.253.0;63.237.253.255;27.4956;-81.4409
63.237.254.0;63.237.254.255;40.7128;-74.006
63.237.255.0;63.237.255.255;25.7617;-80.1918
63.238.0.0;63.238.1.255;40.7128;-74.006
63.238.2.0;63.238.2.255;34.069;-117.578
63.238.3.0;63.238.3.255;39.0997;-94.5786
63.238.4.0;63.238.4.255;40.7128;-74.006
63.238.5.0;63.238.5.255;33.7701;-118.194
63.238.6.0;63.238.6.255;40.7128;-74.006
63.238.7.0;63.238.7.255;38.9072;-77.0369
63.238.8.0;63.238.8.247;38.557;-92.1922
63.238.8.248;63.238.9.255;39.0997;-94.5786
63.238.10.0;63.238.11.15;32.9959;-96.7072
63.238.11.16;63.238.11.255;36.6701;-93.2253
63.238.12.0;63.238.12.255;38.8205;-90.5011
63.238.13.0;63.238.13.255;39.1661;-94.5965
63.238.14.0;63.238.14.255;32.9963;-117.082
63.238.15.0;63.238.15.255;40.7128;-74.006
63.238.16.0;63.238.16.255;35.1983;-111.651
63.238.17.0;63.238.17.255;35.2271;-80.8431
63.238.18.0;63.238.18.255;28.5015;-81.7175
63.238.19.0;63.238.19.255;41.5139;-82.9212
63.238.20.0;63.238.20.255;35.594;-89.2623
63.238.21.0;63.238.21.255;35.7112;-89.0876
63.238.22.0;63.238.23.71;40.7128;-74.006
63.238.23.72;63.238.23.231;35.9382;-77.7905
63.238.23.232;63.238.26.255;40.7128;-74.006
63.238.27.0;63.238.27.255;34.5008;-83.558
63.238.28.0;63.238.28.255;40.7128;-74.006
63.238.29.0;63.238.29.255;35.1637;-80.8826
63.238.30.0;63.238.30.255;33.6115;-84.4472
63.238.31.0;63.238.31.255;28.5384;-81.3789
63.238.32.0;63.238.32.255;40.7128;-74.006
63.238.33.0;63.238.33.255;39.4013;-74.5444
63.238.34.0;63.238.35.255;40.7128;-74.006
63.238.36.0;63.238.36.247;32.7786;-97.2134
63.238.36.248;63.238.39.255;40.7128;-74.006
63.238.40.0;63.238.40.255;42.9949;-108.372
63.238.41.0;63.238.45.7;40.7128;-74.006
63.238.45.8;63.238.45.255;37.9772;-87.4834
63.238.46.0;63.238.46.255;44.9462;-92.9323
63.238.47.0;63.238.47.255;38.91;-104.827
63.238.48.0;63.238.49.255;38.8817;-77.1123
63.238.50.0;63.238.51.255;38.9072;-77.0369
63.238.52.0;63.238.53.35;40.7128;-74.006
63.238.53.36;63.238.53.39;34.7304;-86.5861
63.238.53.40;63.238.54.255;40.7128;-74.006
63.238.55.0;63.238.55.255;39.0067;-77.4291
63.238.56.0;63.238.56.255;38.7813;-77.5589
63.238.57.0;63.238.57.255;40.7128;-74.006
63.238.58.0;63.238.58.255;38.9586;-77.357
63.238.59.0;63.238.59.255;39.9504;-75.1712
63.238.60.0;63.238.60.255;35.2271;-80.8431
63.238.61.0;63.238.61.255;32.2217;-110.926
63.238.62.0;63.238.62.255;40.7128;-74.006
63.238.63.0;63.238.63.255;40.899;-98.3342
63.238.64.0;63.238.64.255;41.7769;-87.8121
63.238.65.0;63.238.65.255;41.8781;-87.6298
63.238.66.0;63.238.66.255;35.8308;-78.7811
63.238.67.0;63.238.67.255;30.2962;-81.7301
63.238.68.0;63.238.68.255;45.0977;-93.1949
63.238.69.0;63.238.69.255;42.9339;-78.6596
63.238.70.0;63.238.70.255;43.2676;-89.7362
63.238.71.0;63.238.71.255;41.8781;-87.6298
63.238.72.0;63.238.72.255;42.4734;-83.2219
63.238.73.0;63.238.74.255;42.5247;-83.2667
63.238.75.0;63.238.75.255;29.9407;-95.4139
63.238.76.0;63.238.76.255;38.9443;-77.334
63.238.77.0;63.238.77.255;30.2962;-81.7301
63.238.78.0;63.238.78.255;38.8604;-77.2144
63.238.79.0;63.238.79.255;41.725;-85.9987
63.238.80.0;63.238.81.255;34.2996;-77.7942
63.238.82.0;63.238.82.255;35.0865;-106.652
63.238.83.0;63.238.83.255;47.1935;-122.464
63.238.84.0;63.238.85.255;35.6172;-87.8351
63.238.86.0;63.238.86.255;40.1935;-75.0846
63.238.87.0;63.238.87.255;39.7478;-75.5494
63.238.88.0;63.238.88.255;35.1495;-90.049
63.238.89.0;63.238.89.255;33.4544;-111.976
63.238.90.0;63.238.90.255;40.7128;-74.006
63.238.91.0;63.238.91.255;33.9497;-84.1234
63.238.92.0;63.238.92.255;35.2271;-80.8431
63.238.93.0;63.238.93.255;40.7128;-74.006
63.238.94.0;63.238.94.255;33.7488;-84.3877
63.238.95.0;63.238.95.255;40.7128;-74.006
63.238.96.0;63.238.99.255;41.8728;-87.6284
63.238.100.0;63.238.100.255;45.7833;-108.501
63.238.101.0;63.238.101.255;40.4406;-79.9959
63.238.102.0;63.238.102.255;40.7128;-74.006
63.238.103.0;63.238.103.255;43.8749;-91.1984
63.238.104.0;63.238.105.215;37.733;-87.1369
63.238.105.216;63.238.105.255;37.7595;-87.1055
63.238.106.0;63.238.106.255;37.765;-87.1007
63.238.107.0;63.238.107.255;41.895;-87.9618
63.238.108.0;63.238.108.255;41.8853;-87.6548
63.238.109.0;63.238.109.255;36.8656;-87.4886
63.238.110.0;63.238.110.255;36.9607;-87.711
63.238.111.0;63.238.111.255;41.8853;-87.6548
63.238.112.0;63.238.112.255;40.7128;-74.006
63.238.113.0;63.238.113.255;39.9372;-86.0288
63.238.114.0;63.238.114.255;40.7128;-74.006
63.238.115.0;63.238.115.255;40.8753;-81.3831
63.238.116.0;63.238.116.223;39.1999;-85.9203
63.238.116.224;63.238.117.255;39.2026;-85.9203
63.238.118.0;63.238.118.255;36.956;-81.0943
63.238.119.0;63.238.119.255;35.7334;-81.3304
63.238.120.0;63.238.120.255;39.8064;-104.896
63.238.121.0;63.238.121.255;39.6328;-104.899
63.238.122.0;63.238.122.255;43.6079;-84.7673
63.238.123.0;63.238.123.255;40.7128;-74.006
63.238.124.0;63.238.124.255;41.6417;-85.4166
63.238.125.0;63.238.125.255;41.8781;-87.6298
63.238.126.0;63.238.126.255;40.7128;-74.006
63.238.127.0;63.238.127.255;42.3649;-71.0888
63.238.128.0;63.238.129.255;41.5875;-109.203
63.238.130.0;63.238.131.255;41.2683;-110.963
63.238.132.0;63.238.132.255;32.9589;-96.8232
63.238.133.0;63.238.133.255;47.2444;-122.253
63.238.134.0;63.238.134.255;42.9759;-85.6758
63.238.135.0;63.238.135.255;40.7128;-74.006
63.238.136.0;63.238.136.255;27.9873;-82.5489
63.238.137.0;63.238.137.255;40.7128;-74.006
63.238.138.0;63.238.138.255;35.8308;-78.7811
63.238.139.0;63.238.139.255;41.1998;-90.7493
63.238.140.0;63.238.140.255;38.9443;-77.334
63.238.141.0;63.238.141.255;40.7128;-74.006
63.238.142.0;63.238.142.255;39.1017;-77.1815
63.238.143.0;63.238.143.255;39.108;-77.1878
63.238.144.0;63.238.144.255;34.2113;-118.482
63.238.145.0;63.238.145.255;37.1315;-113.515
63.238.146.0;63.238.147.255;40.7128;-74.006
63.238.148.0;63.238.148.255;41.8781;-87.6298
63.238.149.0;63.238.149.255;45.8666;-95.3726
63.238.150.0;63.238.150.255;41.1192;-85.1639
63.238.151.0;63.238.151.255;40.7128;-74.006
63.238.152.0;63.238.152.255;41.874;-87.6309
63.238.153.0;63.238.153.255;41.6204;-93.8542
63.238.154.0;63.238.155.255;41.8391;-96.7116
63.238.156.0;63.238.157.255;39.0067;-77.4291
63.238.158.0;63.238.158.255;41.239;-81.8019
63.238.159.0;63.238.159.255;35.6306;-106.021
63.238.160.0;63.238.160.255;39.6671;-75.6794
63.238.161.0;63.238.161.255;42.2444;-71.0257
63.238.162.0;63.238.162.255;39.6671;-75.6794
63.238.163.0;63.238.163.255;43.1152;-94.6614
63.238.164.0;63.238.164.255;32.5891;-92.0664
63.238.165.0;63.238.165.255;39.8516;-105.014
63.238.166.0;63.238.166.255;32.2208;-96.077
63.238.167.0;63.238.167.255;40.7675;-73.9881
63.238.168.0;63.238.168.255;40.7128;-74.006
63.238.169.0;63.238.169.255;40.3355;-111.714
63.238.170.0;63.238.171.255;39.6671;-75.6794
63.238.172.0;63.238.172.255;40.737;-73.9927
63.238.173.0;63.238.173.255;41.6013;-93.7878
63.238.174.0;63.238.174.255;39.6671;-75.6794
63.238.175.0;63.238.175.255;40.7128;-74.006
63.238.176.0;63.238.176.255;36.1695;-115.143
63.238.177.0;63.238.177.255;37.795;-122.403
63.238.178.0;63.238.178.255;39.6671;-75.6794
63.238.179.0;63.238.179.255;33.6143;-84.5003
63.238.180.0;63.238.180.255;36.1954;-115.25
63.238.181.0;63.238.182.23;39.6671;-75.6794
63.238.182.24;63.238.182.191;38.9165;-94.7135
63.238.182.192;63.238.184.255;39.6671;-75.6794
63.238.185.0;63.238.185.255;33.0743;-96.8158
63.238.186.0;63.238.186.255;44.8361;-93.1161
63.238.187.0;63.238.188.255;39.6671;-75.6794
63.238.189.0;63.238.189.255;41.8853;-87.6548
63.238.190.0;63.238.190.255;40.7128;-74.006
63.238.191.0;63.238.191.255;41.0763;-111.997
63.238.192.0;63.238.192.255;25.7617;-80.1918
63.238.193.0;63.238.193.255;40.7128;-74.006
63.238.194.0;63.238.194.255;28.1934;-81.2454
63.238.195.0;63.238.195.255;27.0109;-82.1404
63.238.196.0;63.238.196.255;26.6031;-81.8605
63.238.197.0;63.238.197.255;33.9914;-84.0793
63.238.198.0;63.238.198.255;27.9517;-82.4588
63.238.199.0;63.238.199.255;32.9959;-96.7072
63.238.200.0;63.238.200.255;40.7128;-74.006
63.238.201.0;63.238.201.191;26.6607;-81.8851
63.238.201.192;63.238.202.255;32.7991;-97.3219
63.238.203.0;63.238.203.223;26.6682;-81.9528
63.238.203.224;63.238.204.255;32.7991;-97.3219
63.238.205.0;63.238.205.255;40.7128;-74.006
63.238.206.0;63.238.206.255;32.7991;-97.3219
63.238.207.0;63.238.207.255;40.7128;-74.006
63.238.208.0;63.238.209.255;35.2596;-116.688
63.238.210.0;63.238.210.255;33.4484;-112.074
63.238.211.0;63.238.211.255;40.7128;-74.006
63.238.212.0;63.238.212.255;40.6111;-111.855
63.238.213.0;63.238.213.255;41.8632;-88.277
63.238.214.0;63.238.214.255;40.7128;-74.006
63.238.215.0;63.238.215.255;38.9822;-94.6708
63.238.216.0;63.238.216.255;43.0431;-88.079
63.238.217.0;63.238.217.255;40.7128;-74.006
63.238.218.0;63.238.218.255;44.7535;-85.5934
63.238.219.0;63.238.219.255;41.652;-83.5381
63.238.220.0;63.238.220.255;40.4806;-88.995
63.238.221.0;63.238.221.255;45.0231;-84.6945
63.238.222.0;63.238.222.255;38.4193;-82.4452
63.238.223.0;63.238.223.255;38.645;-91.1871
63.238.224.0;63.238.224.255;40.7128;-74.006
63.238.225.0;63.238.225.255;31.1363;-97.7797
63.238.226.0;63.238.226.255;39.1703;-108.773
63.238.227.0;63.238.227.255;40.7128;-74.006
63.238.228.0;63.238.228.255;39.9673;-105.164
63.238.229.0;63.238.229.255;38.4862;-90.7837
63.238.230.0;63.238.230.255;41.5236;-90.5776
63.238.231.0;63.238.231.255;39.5701;-104.847
63.238.232.0;63.238.232.255;42.4505;-83.1808
63.238.233.0;63.238.233.255;34.0409;-118.114
63.238.234.0;63.238.234.255;40.7128;-74.006
63.238.235.0;63.238.235.255;41.965;-86.356
63.238.236.0;63.238.237.255;45.0319;-110.706
63.238.238.0;63.238.238.255;40.7128;-74.006
63.238.239.0;63.238.239.255;45.0043;-93.1663
63.238.240.0;63.238.243.255;40.7128;-74.006
63.238.244.0;63.238.246.255;41.589;-88.0298
63.238.247.0;63.238.248.39;40.7128;-74.006
63.238.248.40;63.238.248.255;44.9778;-93.265
63.238.249.0;63.238.249.255;41.8781;-87.6298
63.238.250.0;63.238.250.255;42.4489;-87.8275
63.238.251.0;63.238.251.255;42.3649;-71.0888
63.238.252.0;63.238.253.255;42.3827;-85.9577
63.238.254.0;63.238.254.255;41.6531;-85.7066
63.238.255.0;63.238.255.255;38.551;-92.1507
63.239.0.0;63.239.0.255;40.7128;-74.006
63.239.1.0;63.239.2.7;36.1699;-115.14
63.239.2.8;63.239.2.239;32.8573;-104.401
63.239.2.240;63.239.3.255;36.1699;-115.14
63.239.4.0;63.239.4.231;38.8105;-104.751
63.239.4.232;63.239.6.15;36.1699;-115.14
63.239.6.16;63.239.6.255;36.1887;-115.197
63.239.7.0;63.239.7.255;36.1699;-115.14
63.239.8.0;63.239.8.255;41.8781;-87.6298
63.239.9.0;63.239.9.255;45.5262;-122.681
63.239.10.0;63.239.10.255;36.1699;-115.14
63.239.11.0;63.239.11.255;42.4674;-91.1116
63.239.12.0;63.239.13.15;36.1699;-115.14
63.239.13.16;63.239.13.255;33.2944;-111.886
63.239.14.0;63.239.15.255;36.1699;-115.14
63.239.16.0;63.239.16.255;41.5977;-93.7867
63.239.17.0;63.239.17.255;42.0688;-87.9189
63.239.18.0;63.239.18.255;37.5974;-122.38
63.239.19.0;63.239.19.255;27.2275;-81.851
63.239.20.0;63.239.20.255;40.7128;-74.006
63.239.21.0;63.239.21.255;47.7024;-122.325
63.239.22.0;63.239.22.247;37.2006;-113.173
63.239.22.248;63.239.23.255;36.1699;-115.14
63.239.24.0;63.239.24.255;32.7935;-83.8074
63.239.25.0;63.239.25.255;43.6002;-116.399
63.239.26.0;63.239.26.255;44.8361;-93.1161
63.239.27.0;63.239.27.255;36.1699;-115.14
63.239.28.0;63.239.29.39;40.7128;-74.006
63.239.29.40;63.239.29.255;40.6151;-74.0674
63.239.30.0;63.239.30.255;38.7954;-104.725
63.239.31.0;63.239.31.255;40.7128;-74.006
63.239.32.0;63.239.32.255;42.3601;-71.0589
63.239.33.0;63.239.33.255;42.3848;-71.0714
63.239.34.0;63.239.34.255;40.7128;-74.006
63.239.35.0;63.239.35.255;42.7654;-71.4676
63.239.36.0;63.239.36.255;41.7759;-72.5215
63.239.37.0;63.239.37.255;42.3601;-71.0589
63.239.38.0;63.239.38.255;42.5207;-71.0849
63.239.39.0;63.239.40.151;40.7128;-74.006
63.239.40.152;63.239.40.255;42.3601;-71.0589
63.239.41.0;63.239.41.255;43.6696;-92.9703
63.239.42.0;63.239.42.255;41.1622;-73.2346
63.239.43.0;63.239.43.255;40.7234;-73.5876
63.239.44.0;63.239.45.255;40.7128;-74.006
63.239.46.0;63.239.46.255;41.1392;-73.3636
63.239.47.0;63.239.47.255;41.6764;-72.9478
63.239.48.0;63.239.48.255;40.7128;-74.006
63.239.49.0;63.239.50.255;37.5388;-120.895
63.239.51.0;63.239.51.255;40.7128;-74.006
63.239.52.0;63.239.52.255;37.3652;-79.1784
63.239.53.0;63.239.53.255;40.7128;-74.006
63.239.54.0;63.239.55.255;37.5388;-120.895
63.239.56.0;63.239.56.255;33.8548;-112.62
63.239.57.0;63.239.57.255;41.8781;-87.6298
63.239.58.0;63.239.58.255;40.7128;-74.006
63.239.59.0;63.239.59.255;43.0889;-87.887
63.239.60.0;63.239.60.255;40.7128;-74.006
63.239.61.0;63.239.62.7;44.0546;-91.638
63.239.62.8;63.239.62.247;40.4924;-111.938
63.239.62.248;63.239.63.255;44.0546;-91.638
63.239.64.0;63.239.64.255;32.9589;-96.8232
63.239.65.0;63.239.65.255;39.107;-76.7589
63.239.66.0;63.239.66.255;41.14;-104.82
63.239.67.0;63.239.68.71;39.107;-76.7589
63.239.68.72;63.239.68.255;39.1026;-76.7609
63.239.69.0;63.239.69.255;39.107;-76.7589
63.239.70.0;63.239.70.255;42.503;-96.4951
63.239.71.0;63.239.71.255;40.7068;-74.0096
63.239.72.0;63.239.79.255;34.2368;-110.027
63.239.80.0;63.239.80.255;34.1327;-87.9898
63.239.81.0;63.239.82.255;40.7128;-74.006
63.239.83.0;63.239.83.255;40.809;-73.661
63.239.84.0;63.239.84.255;44.9778;-93.265
63.239.85.0;63.239.85.255;35.5711;-77.3579
63.239.86.0;63.239.86.255;33.9161;-84.3522
63.239.87.0;63.239.87.255;33.9462;-84.3346
63.239.88.0;63.239.88.255;42.393;-71.2653
63.239.89.0;63.239.89.255;35.9382;-77.7905
63.239.90.0;63.239.90.255;46.8721;-113.994
63.239.91.0;63.239.91.255;32.5891;-92.0664
63.239.92.0;63.239.92.255;26.3515;-80.115
63.239.93.0;63.239.93.255;34.0646;-84.155
63.239.94.0;63.239.95.255;37.3541;-121.955
63.239.96.0;63.239.96.255;35.7335;-78.7817
63.239.97.0;63.239.97.255;40.7128;-74.006
63.239.98.0;63.239.99.255;43.67;-86.4735
63.239.100.0;63.239.100.255;42.9124;-85.5202
63.239.101.0;63.239.101.255;40.7128;-74.006
63.239.102.0;63.239.102.255;44.9778;-93.265
63.239.103.0;63.239.103.255;33.6143;-84.5003
63.239.104.0;63.239.104.255;36.154;-95.9928
63.239.105.0;63.239.105.255;31.1363;-97.7797
63.239.106.0;63.239.106.255;41.8781;-87.6298
63.239.107.0;63.239.107.255;37.8299;-87.5716
63.239.108.0;63.239.108.255;41.8781;-87.6298
63.239.109.0;63.239.109.255;45.6237;-122.586
63.239.110.0;63.239.110.255;40.7608;-111.891
63.239.111.0;63.239.111.255;31.1363;-97.7797
63.239.112.0;63.239.112.255;36.088;-115.14
63.239.113.0;63.239.115.15;40.7128;-74.006
63.239.115.16;63.239.115.255;26.6449;-81.8129
63.239.116.0;63.239.117.31;32.5891;-92.0664
63.239.117.32;63.239.117.255;34.0549;-118.243
63.239.118.0;63.239.118.255;28.2911;-81.4058
63.239.119.0;63.239.119.255;28.3821;-81.5101
63.239.120.0;63.239.120.255;35.0844;-106.65
63.239.121.0;63.239.121.255;47.5958;-122.189
63.239.122.0;63.239.122.255;29.7604;-95.3698
63.239.123.0;63.239.123.255;45.5462;-122.427
63.239.124.0;63.239.124.255;33.0327;-96.8633
63.239.125.0;63.239.125.255;32.5465;-94.8118
63.239.126.0;63.239.128.31;40.7128;-74.006
63.239.128.32;63.239.128.255;39.4695;-76.8294
63.239.129.0;63.239.129.255;40.7522;-73.9805
63.239.130.0;63.239.130.255;34.1494;-118.133
63.239.131.0;63.239.131.255;40.2312;-76.7366
63.239.132.0;63.239.132.255;29.7604;-95.3698
63.239.133.0;63.239.133.255;35.7915;-78.7811
63.239.134.0;63.239.134.255;38.9339;-77.0305
63.239.135.0;63.239.135.255;38.9562;-77.1492
63.239.136.0;63.239.136.255;38.9599;-104.786
63.239.137.0;63.239.137.255;33.6143;-84.5003
63.239.138.0;63.239.138.255;40.676;-74.283
63.239.139.0;63.239.139.255;40.7128;-74.006
63.239.140.0;63.239.140.255;42.6837;-73.8407
63.239.141.0;63.239.141.255;40.7128;-74.006
63.239.142.0;63.239.142.255;38.9586;-77.357
63.239.143.0;63.239.143.255;40.0679;-80.6912
63.239.144.0;63.239.144.255;38.9004;-106.966
63.239.145.0;63.239.145.255;40.0232;-105.238
63.239.146.0;63.239.147.15;40.7128;-74.006
63.239.147.16;63.239.147.255;34.2828;-119.293
63.239.148.0;63.239.148.255;39.7165;-105.135
63.239.149.0;63.239.149.255;39.5731;-104.856
63.239.150.0;63.239.150.255;47.602;-122.334
63.239.151.0;63.239.151.255;41.8781;-87.6298
63.239.152.0;63.239.152.255;27.966;-82.7985
63.239.153.0;63.239.153.255;40.7128;-74.006
63.239.154.0;63.239.154.191;41.3735;-72.8847
63.239.154.192;63.239.155.255;40.7128;-74.006
63.239.156.0;63.239.156.255;41.9432;-87.6972
63.239.157.0;63.239.157.255;42.9072;-85.5225
63.239.158.0;63.239.158.255;36.154;-95.9928
63.239.159.0;63.239.159.255;32.9048;-117.186
63.239.160.0;63.239.160.255;41.8781;-87.6298
63.239.161.0;63.239.161.255;31.1363;-97.7797
63.239.162.0;63.239.162.255;37.6655;-122.385
63.239.163.0;63.239.163.255;40.7128;-74.006
63.239.164.0;63.239.164.255;37.7933;-122.404
63.239.165.0;63.239.165.255;39.4657;-119.79
63.239.166.0;63.239.166.255;40.7128;-74.006
63.239.167.0;63.239.167.255;37.5481;-122.067
63.239.168.0;63.239.168.255;37.9735;-122.531
63.239.169.0;63.239.169.255;39.64;-106.913
63.239.170.0;63.239.170.255;41.4273;-81.5007
63.239.171.0;63.239.171.255;41.0648;-86.2158
63.239.172.0;63.239.173.7;39.1574;-89.4935
63.239.173.8;63.239.173.255;40.2621;-111.708
63.239.174.0;63.239.174.255;40.7128;-74.006
63.239.175.0;63.239.175.255;34.05;-118.435
63.239.176.0;63.239.176.255;39.1574;-89.4935
63.239.177.0;63.239.178.127;40.7128;-74.006
63.239.178.128;63.239.178.255;41.8882;-87.6396
63.239.179.0;63.239.180.15;40.7128;-74.006
63.239.180.16;63.239.180.255;41.4645;-81.5087
63.239.181.0;63.239.181.255;42.2432;-83.7328
63.239.182.0;63.239.182.255;27.9517;-82.4588
63.239.183.0;63.239.183.255;40.7128;-74.006
63.239.184.0;63.239.184.255;41.4735;-81.934
63.239.185.0;63.239.185.255;40.9624;-74.0938
63.239.186.0;63.239.186.255;42.9634;-85.6681
63.239.187.0;63.239.187.255;40.7417;-73.9874
63.239.188.0;63.239.188.255;40.0926;-74.9898
63.239.189.0;63.239.189.255;26.1374;-80.3397
63.239.190.0;63.239.191.7;40.7128;-74.006
63.239.191.8;63.239.191.255;44.8459;-91.583
63.239.192.0;63.239.192.255;40.7128;-74.006
63.239.193.0;63.239.193.255;46.1882;-123.819
63.239.194.0;63.239.194.255;37.3721;-121.986
63.239.195.0;63.239.195.255;41.5875;-90.567
63.239.196.0;63.239.196.255;43.5916;-116.298
63.239.197.0;63.239.197.255;40.7128;-74.006
63.239.198.0;63.239.198.255;32.9346;-97.2517
63.239.199.0;63.239.199.255;42.593;-114.471
63.239.200.0;63.239.200.255;33.3291;-111.946
63.239.201.0;63.239.202.255;40.7128;-74.006
63.239.203.0;63.239.203.255;40.5292;-74.64
63.239.204.0;63.239.204.255;40.7128;-74.006
63.239.205.0;63.239.205.255;41.8796;-87.6304
63.239.206.0;63.239.206.255;40.7679;-74.1275
63.239.207.0;63.239.207.255;41.17;-73.2149
63.239.208.0;63.239.208.255;41.8781;-87.6298
63.239.209.0;63.239.209.255;40.775;-81.54
63.239.210.0;63.239.210.255;37.4137;-122.071
63.239.211.0;63.239.211.255;40.7128;-74.006
63.239.212.0;63.239.212.255;39.0997;-94.5786
63.239.213.0;63.239.213.255;42.6651;-77.0515
63.239.214.0;63.239.214.255;41.9854;-87.8452
63.239.215.0;63.239.215.255;42.4835;-83.2587
63.239.216.0;63.239.216.255;33.4855;-112.084
63.239.217.0;63.239.217.255;33.4255;-111.94
63.239.218.0;63.239.218.255;33.5085;-112.033
63.239.219.0;63.239.219.255;33.4255;-111.94
63.239.220.0;63.239.220.255;26.6406;-81.8723
63.239.221.0;63.239.221.255;42.5009;-96.3908
63.239.222.0;63.239.222.255;32.9959;-96.7072
63.239.223.0;63.239.223.255;39.7684;-86.1581
63.239.224.0;63.239.225.255;38.9731;-104.617
63.239.226.0;63.239.226.255;41.2079;-96.0972
63.239.227.0;63.239.227.255;38.8916;-77.4412
63.239.228.0;63.239.229.255;40.7128;-74.006
63.239.230.0;63.239.230.255;41.2565;-95.9345
63.239.231.0;63.239.231.255;40.7128;-74.006
63.239.232.0;63.239.233.255;42.3649;-71.0888
63.239.234.0;63.239.235.255;47.6193;-122.183
63.239.236.0;63.239.236.255;40.7128;-74.006
63.239.237.0;63.239.237.255;33.6221;-84.3691
63.239.238.0;63.239.238.255;40.7128;-74.006
63.239.239.0;63.239.239.255;36.0973;-80.0745
63.239.240.0;63.239.242.255;40.7128;-74.006
63.239.243.0;63.239.243.255;41.6365;-93.7834
63.239.244.0;63.239.245.255;40.7128;-74.006
63.239.246.0;63.239.247.255;39.0155;-77.4602
63.239.248.0;63.239.248.255;40.7128;-74.006
63.239.249.0;63.239.249.255;33.4034;-84.5924
63.239.250.0;63.239.251.255;40.7128;-74.006
63.239.252.0;63.239.252.255;33.551;-111.893
63.239.253.0;63.239.253.255;40.7128;-74.006
63.239.254.0;63.239.254.255;33.3505;-111.947
63.239.255.0;63.239.255.255;44.8515;-93.4124
63.240.0.0;63.240.2.7;32.7796;-96.7989
63.240.2.8;63.240.2.255;41.093;-73.454
63.240.3.0;63.240.5.31;32.7796;-96.7989
63.240.5.32;63.240.5.255;40.7583;-73.9792
63.240.6.0;63.240.6.255;32.7796;-96.7989
63.240.7.0;63.240.7.255;40.7425;-74.006
63.240.8.0;63.240.8.255;32.992;-96.7126
63.240.9.0;63.240.9.255;41.093;-73.454
63.240.10.0;63.240.10.255;40.7425;-74.006
63.240.11.0;63.240.11.255;33.1161;-96.7064
63.240.12.0;63.240.13.255;32.7796;-96.7989
63.240.14.0;63.240.14.255;40.7425;-74.006
63.240.15.0;63.240.15.255;40.7128;-74.0037
63.240.16.0;63.240.18.31;32.7796;-96.7989
63.240.18.32;63.240.18.255;40.7561;-73.9777
63.240.19.0;63.240.19.127;35.8973;-78.6511
63.240.19.128;63.240.20.255;32.7796;-96.7989
63.240.21.0;63.240.21.255;40.7568;-73.9727
63.240.22.0;63.240.22.255;40.7425;-74.006
63.240.23.0;63.240.27.255;32.7796;-96.7989
63.240.28.0;63.240.28.255;40.7655;-73.9809
63.240.29.0;63.240.29.31;32.992;-96.7126
63.240.29.32;63.240.31.15;32.7796;-96.7989
63.240.31.16;63.240.31.255;40.7292;-74.0072
63.240.32.0;63.240.47.255;41.093;-73.454
63.240.48.0;63.240.48.255;32.7796;-96.7989
63.240.49.0;63.240.49.255;40.7441;-73.991
63.240.50.0;63.240.50.255;42.8379;-73.9211
63.240.51.0;63.240.51.255;40.6877;-74.3937
63.240.52.0;63.240.53.31;32.7796;-96.7989
63.240.53.32;63.240.53.255;40.7292;-74.0072
63.240.54.0;63.240.54.255;32.7796;-96.7989
63.240.55.0;63.240.55.255;34.0522;-118.244
63.240.56.0;63.240.61.255;32.7796;-96.7989
63.240.62.0;63.240.62.255;37.8276;-122.257
63.240.63.0;63.240.64.175;32.7796;-96.7989
63.240.64.176;63.240.64.191;41.842;-87.9561
63.240.64.192;63.240.66.239;32.7796;-96.7989
63.240.66.240;63.240.66.255;32.994;-96.6599
63.240.67.0;63.240.67.255;32.7796;-96.7989
63.240.68.0;63.240.68.255;40.7554;-73.9789
63.240.69.0;63.240.70.31;32.7796;-96.7989
63.240.70.32;63.240.70.63;40.0768;-74.1731
63.240.70.64;63.240.73.71;32.7796;-96.7989
63.240.73.72;63.240.73.255;39.9118;-74.9378
63.240.74.0;63.240.74.255;32.7796;-96.7989
63.240.75.0;63.240.75.255;32.994;-96.6599
63.240.76.0;63.240.77.255;32.8982;-117.202
63.240.78.0;63.240.80.255;32.7796;-96.7989
63.240.81.0;63.240.81.255;41.0642;-74.1174
63.240.82.0;63.240.82.255;40.4314;-74.249
63.240.83.0;63.240.83.255;32.994;-96.6599
63.240.84.0;63.240.84.255;40.8879;-74.2498
63.240.85.0;63.240.85.255;32.7796;-96.7989
63.240.86.0;63.240.87.255;43.1608;-77.6196
63.240.88.0;63.240.90.95;32.7796;-96.7989
63.240.90.96;63.240.90.255;32.994;-96.6599
63.240.91.0;63.240.91.191;40.7269;-74.0357
63.240.91.192;63.240.93.127;32.7796;-96.7989
63.240.93.128;63.240.93.255;42.5271;-71.268
63.240.94.0;63.240.94.255;33.6653;-117.755
63.240.95.0;63.240.95.255;40.8178;-74.1013
63.240.96.0;63.240.96.255;41.842;-87.9561
63.240.97.0;63.240.97.255;40.7612;-73.9788
63.240.98.0;63.240.98.255;40.7128;-74.006
63.240.99.0;63.240.100.255;40.5464;-74.4817
63.240.101.0;63.240.101.255;32.7796;-96.7989
63.240.102.0;63.240.102.255;40.7895;-74.0565
63.240.103.0;63.240.103.255;45.6554;-111.068
63.240.104.0;63.240.104.127;32.7796;-96.7989
63.240.104.128;63.240.105.255;40.5464;-74.4817
63.240.106.0;63.240.106.255;40.8707;-74.3132
63.240.107.0;63.240.107.255;32.992;-96.7126
63.240.108.0;63.240.108.255;40.7496;-73.9732
63.240.109.0;63.240.109.255;32.7796;-96.7989
63.240.110.0;63.240.111.255;40.0945;-75.4103
63.240.112.0;63.240.112.255;32.7796;-96.7989
63.240.113.0;63.240.113.255;40.7559;-73.9785
63.240.114.0;63.240.115.255;43.1608;-77.6196
63.240.116.0;63.240.116.255;40.7461;-73.9815
63.240.117.0;63.240.117.255;32.7796;-96.7989
63.240.118.0;63.240.118.255;40.7491;-73.9826
63.240.119.0;63.240.119.255;32.994;-96.6599
63.240.120.0;63.240.123.255;40.6374;-74.6363
63.240.124.0;63.240.124.255;40.0086;-75.2134
63.240.125.0;63.240.125.255;32.7796;-96.7989
63.240.126.0;63.240.126.255;41.8804;-87.6347
63.240.127.0;63.240.127.255;40.7025;-74.0134
63.240.128.0;63.240.131.47;32.7796;-96.7989
63.240.131.48;63.240.131.255;32.992;-96.7126
63.240.132.0;63.240.132.255;32.994;-96.6599
63.240.133.0;63.240.133.255;32.7796;-96.7989
63.240.134.0;63.240.134.255;32.992;-96.7126
63.240.135.0;63.240.135.255;32.994;-96.6599
63.240.136.0;63.240.136.255;38.6244;-90.1969
63.240.137.0;63.240.137.255;43.1436;-87.9123
63.240.138.0;63.240.138.255;39.7434;-104.989
63.240.139.0;63.240.140.23;32.7796;-96.7989
63.240.140.24;63.240.140.255;42.5442;-83.1768
63.240.141.0;63.240.141.255;40.6361;-74.6405
63.240.142.0;63.240.142.255;32.7796;-96.7989
63.240.143.0;63.240.143.255;41.6532;-83.5305
63.240.144.0;63.240.144.255;42.3661;-71.0924
63.240.145.0;63.240.145.255;32.992;-96.7126
63.240.146.0;63.240.146.255;32.7796;-96.7989
63.240.147.0;63.240.147.255;40.6699;-74.6358
63.240.148.0;63.240.148.255;33.1002;-96.824
63.240.149.0;63.240.150.15;32.7796;-96.7989
63.240.150.16;63.240.150.255;32.992;-96.7126
63.240.151.0;63.240.151.255;44.9714;-93.3502
63.240.152.0;63.240.152.255;42.5847;-87.8212
63.240.153.0;63.240.153.255;40.6699;-74.6358
63.240.154.0;63.240.154.255;32.7796;-96.7989
63.240.155.0;63.240.155.255;41.8084;-88.0836
63.240.156.0;63.240.156.255;40.6699;-74.6358
63.240.157.0;63.240.158.255;32.7796;-96.7989
63.240.159.0;63.240.159.255;40.6699;-74.6358
63.240.160.0;63.240.160.255;32.7796;-96.7989
63.240.161.0;63.240.161.255;40.7128;-74.006
63.240.162.0;63.240.162.255;33.1002;-96.824
63.240.163.0;63.240.163.255;41.8481;-87.9306
63.240.164.0;63.240.164.255;42.4142;-83.4194
63.240.165.0;63.240.165.255;41.8601;-88.2752
63.240.166.0;63.240.166.255;32.992;-96.7126
63.240.167.0;63.240.167.255;32.7796;-96.7989
63.240.168.0;63.240.169.255;40.6361;-74.6405
63.240.170.0;63.240.170.255;32.8281;-97.0507
63.240.171.0;63.240.171.255;41.3813;-88.8358
63.240.172.0;63.240.172.255;28.7728;-81.3702
63.240.173.0;63.240.173.255;41.8435;-87.9519
63.240.174.0;63.240.174.255;32.7796;-96.7989
63.240.175.0;63.240.175.255;42.3212;-87.8866
63.240.176.0;63.240.176.255;41.26;-95.9378
63.240.177.0;63.240.178.255;28.7728;-81.3702
63.240.179.0;63.240.179.255;42.0655;-88.0416
63.240.180.0;63.240.180.255;42.196;-87.9421
63.240.181.0;63.240.181.255;41.8823;-87.6344
63.240.182.0;63.240.182.255;42.196;-87.9421
63.240.183.0;63.240.183.255;33.7161;-117.788
63.240.184.0;63.240.191.255;32.994;-96.6599
63.240.192.0;63.240.193.223;32.7796;-96.7989
63.240.193.224;63.240.193.255;38.8788;-77.1114
63.240.194.0;63.240.194.255;38.9852;-77.0958
63.240.195.0;63.240.195.255;41.4709;-81.9352
63.240.196.0;63.240.196.255;40.6978;-74.3037
63.240.197.0;63.240.197.255;32.992;-96.7126
63.240.198.0;63.240.198.255;32.7796;-96.7989
63.240.199.0;63.240.199.255;38.9141;-77.2286
63.240.200.0;63.240.200.255;32.9483;-96.7299
63.240.201.0;63.240.201.255;33.9148;-84.3611
63.240.202.0;63.240.202.255;33.6846;-117.827
63.240.203.0;63.240.203.255;39.0067;-77.4291
63.240.204.0;63.240.205.255;32.7796;-96.7989
63.240.206.0;63.240.206.255;38.9032;-77.2432
63.240.207.0;63.240.207.255;32.7796;-96.7989
63.240.208.0;63.240.208.255;38.9141;-77.2286
63.240.209.0;63.240.209.255;32.7796;-96.7989
63.240.210.0;63.240.210.255;40.5007;-80.2109
63.240.211.0;63.240.211.127;32.992;-96.7126
63.240.211.128;63.240.212.255;32.7796;-96.7989
63.240.213.0;63.240.213.255;38.2982;-77.4589
63.240.214.0;63.240.215.255;32.994;-96.6599
63.240.216.0;63.240.223.255;47.6394;-122.128
63.240.224.0;63.240.226.15;32.7796;-96.7989
63.240.226.16;63.240.226.255;28.4695;-81.4007
63.240.227.0;63.240.227.255;25.7636;-80.1891
63.240.228.0;63.240.228.255;42.4875;-71.1156
63.240.229.0;63.240.229.255;32.7796;-96.7989
63.240.230.0;63.240.230.255;28.0927;-80.618
63.240.231.0;63.240.231.255;26.2433;-81.7738
63.240.232.0;63.240.232.255;32.7796;-96.7989
63.240.233.0;63.240.233.255;40.9708;-73.7037
63.240.234.0;63.240.234.255;32.7796;-96.7989
63.240.235.0;63.240.235.255;26.46;-80.0688
63.240.236.0;63.240.236.255;26.2339;-80.255
63.240.237.0;63.240.237.255;32.992;-96.7126
63.240.238.0;63.240.238.255;26.37;-80.1278
63.240.239.0;63.240.240.191;32.7796;-96.7989
63.240.240.192;63.240.240.255;26.3777;-80.1201
63.240.241.0;63.240.241.159;32.992;-96.7126
63.240.241.160;63.240.247.255;32.7796;-96.7989
63.240.248.0;63.240.248.255;28.3613;-80.6869
63.240.249.0;63.240.249.255;25.8032;-80.3313
63.240.250.0;63.240.252.255;32.7796;-96.7989
63.240.253.0;63.240.253.255;29.6502;-82.3234
63.240.254.0;63.240.254.127;28.5875;-81.205
63.240.254.128;63.241.39.255;32.7796;-96.7989
63.241.40.0;63.241.44.255;32.9047;-117.199
63.241.45.0;63.241.59.111;32.7796;-96.7989
63.241.59.112;63.241.59.119;33.6603;-117.705
63.241.59.120;63.241.61.15;32.7796;-96.7989
63.241.61.16;63.241.61.23;40.7128;-74.006
63.241.61.24;63.241.67.15;32.7796;-96.7989
63.241.67.16;63.241.67.255;37.5632;-122.327
63.241.68.0;63.241.69.255;32.7796;-96.7989
63.241.70.0;63.241.70.255;37.7011;-122.47
63.241.71.0;63.241.71.127;37.7005;-122.471
63.241.71.128;63.241.73.103;32.7796;-96.7989
63.241.73.104;63.241.73.191;37.3177;-121.948
63.241.73.192;63.241.77.255;32.7796;-96.7989
63.241.78.0;63.241.78.255;37.7011;-122.47
63.241.79.0;63.241.80.255;32.7796;-96.7989
63.241.81.0;63.241.81.255;37.3703;-121.973
63.241.82.0;63.241.83.255;32.7796;-96.7989
63.241.84.0;63.241.84.255;32.994;-96.6599
63.241.85.0;63.241.89.255;32.7796;-96.7989
63.241.90.0;63.241.90.255;32.992;-96.7126
63.241.91.0;63.241.91.255;37.426;-122.071
63.241.92.0;63.241.92.127;37.7005;-122.471
63.241.92.128;63.241.98.119;32.7796;-96.7989
63.241.98.120;63.241.98.255;32.992;-96.7126
63.241.99.0;63.241.102.63;32.7796;-96.7989
63.241.102.64;63.241.102.255;39.5574;-104.995
63.241.103.0;63.241.103.255;40.7549;-73.9819
63.241.104.0;63.241.106.47;32.7796;-96.7989
63.241.106.48;63.241.106.63;33.8626;-84.4394
63.241.106.64;63.241.111.223;32.7796;-96.7989
63.241.111.224;63.241.111.255;41.017;-74.2107
63.241.112.0;63.241.113.199;32.7796;-96.7989
63.241.113.200;63.241.113.207;32.992;-96.7126
63.241.113.208;63.241.125.47;32.7796;-96.7989
63.241.125.48;63.241.125.255;39.0437;-94.6178
63.241.126.0;63.241.127.15;32.7796;-96.7989
63.241.127.16;63.241.127.31;32.3635;-86.1664
63.241.127.32;63.241.133.175;32.7796;-96.7989
63.241.133.176;63.241.133.183;34.1462;-118.151
63.241.133.184;63.241.137.223;32.7796;-96.7989
63.241.137.224;63.241.137.255;32.992;-96.7126
63.241.138.0;63.241.139.143;32.7796;-96.7989
63.241.139.144;63.241.139.255;39.7395;-105.153
63.241.140.0;63.241.140.255;32.7796;-96.7989
63.241.141.0;63.241.141.255;37.3975;-122.085
63.241.142.0;63.241.142.255;32.7796;-96.7989
63.241.143.0;63.241.143.255;42.8776;-78.8768
63.241.144.0;63.241.144.255;40.5544;-74.4356
63.241.145.0;63.241.145.223;39.9753;-83.0048
63.241.145.224;63.241.146.255;32.7796;-96.7989
63.241.147.0;63.241.147.255;32.994;-96.6599
63.241.148.0;63.241.148.255;33.4482;-112.078
63.241.149.0;63.241.149.255;32.7796;-96.7989
63.241.150.0;63.241.150.255;37.7657;-121.963
63.241.151.0;63.241.152.23;32.7796;-96.7989
63.241.152.24;63.241.152.191;37.3946;-121.925
63.241.152.192;63.241.155.31;32.7796;-96.7989
63.241.155.32;63.241.155.255;32.994;-96.6599
63.241.156.0;63.241.159.255;32.7796;-96.7989
63.241.160.0;63.241.161.255;37.7011;-122.47
63.241.162.0;63.241.162.255;45.5365;-122.581
63.241.163.0;63.241.163.255;33.6238;-111.924
63.241.164.0;63.241.166.255;32.7796;-96.7989
63.241.167.0;63.241.167.255;34.0573;-117.195
63.241.168.0;63.241.171.255;32.7796;-96.7989
63.241.172.0;63.241.172.255;33.6238;-111.924
63.241.173.0;63.241.173.255;33.4216;-111.859
63.241.174.0;63.241.187.255;32.7796;-96.7989
63.241.188.0;63.241.188.255;32.992;-96.7126
63.241.189.0;63.241.189.255;32.994;-96.6599
63.241.190.0;63.241.190.255;33.4216;-111.859
63.241.191.0;63.241.191.255;37.7657;-121.963
63.241.192.0;63.241.195.255;32.7796;-96.7989
63.241.196.0;63.241.196.255;32.9944;-96.711
63.241.197.0;63.241.197.255;32.994;-96.6599
63.241.198.0;63.241.199.127;32.7796;-96.7989
63.241.199.128;63.241.199.255;34.9118;-82.116
63.241.200.0;63.241.200.255;32.994;-96.6599
63.241.201.0;63.241.202.127;32.7796;-96.7989
63.241.202.128;63.241.202.255;32.9194;-97.0056
63.241.203.0;63.241.203.239;33.6611;-95.5552
63.241.203.240;63.241.204.255;32.7796;-96.7989
63.241.205.0;63.241.205.255;32.994;-96.6599
63.241.206.0;63.241.206.255;32.7796;-96.7989
63.241.207.0;63.241.207.207;32.9971;-96.6596
63.241.207.208;63.241.208.255;32.7796;-96.7989
63.241.209.0;63.241.209.255;32.7816;-96.7968
63.241.210.0;63.241.210.255;32.992;-96.7126
63.241.211.0;63.241.211.255;33.071;-96.821
63.241.212.0;63.241.212.255;32.7796;-96.7989
63.241.213.0;63.241.213.255;32.7802;-96.8035
63.241.214.0;63.241.214.255;32.7796;-96.7989
63.241.215.0;63.241.215.255;39.9523;-75.1665
63.241.216.0;63.241.219.255;32.7796;-96.7989
63.241.220.0;63.241.221.255;37.4084;-121.954
63.241.222.0;63.241.222.255;32.7796;-96.7989
63.241.223.0;63.241.223.255;30.4442;-91.1352
63.241.224.0;63.241.224.191;28.5462;-81.3735
63.241.224.192;63.241.226.23;32.7796;-96.7989
63.241.226.24;63.241.226.255;38.608;-90.5678
63.241.227.0;63.241.229.255;39.9523;-75.1665
63.241.230.0;63.241.230.255;32.7796;-96.7989
63.241.231.0;63.241.231.255;32.9436;-96.924
63.241.232.0;63.241.232.255;32.994;-96.6599
63.241.233.0;63.241.233.255;32.7796;-96.7989
63.241.234.0;63.241.234.255;32.994;-96.6599
63.241.235.0;63.241.235.255;32.7796;-96.7989
63.241.236.0;63.241.236.255;33.696;-117.925
63.241.237.0;63.241.237.191;32.9194;-97.0056
63.241.237.192;63.241.241.255;32.7796;-96.7989
63.241.242.0;63.241.242.31;32.992;-96.7126
63.241.242.32;63.241.243.255;32.7796;-96.7989
63.241.244.0;63.241.244.255;27.8781;-82.6666
63.241.245.0;63.241.245.255;32.7796;-96.7989
63.241.246.0;63.241.246.255;32.9643;-96.8203
63.241.247.0;63.241.247.255;38.9377;-94.7982
63.241.248.0;63.241.248.255;32.9345;-96.9946
63.241.249.0;63.241.249.191;29.7591;-95.3677
63.241.249.192;63.241.250.255;32.7796;-96.7989
63.241.251.0;63.241.251.255;32.9944;-96.711
63.241.252.0;63.241.252.255;33.8501;-84.3641
63.241.253.0;63.241.253.255;32.7796;-96.7989
63.241.254.0;63.241.255.255;32.992;-96.7126
63.242.0.0;63.242.239.255;40.8271;-91.2615
63.242.240.0;63.242.255.255;32.7796;-96.7989
63.243.0.0;63.243.44.127;34.7867;-92.3969
63.243.44.128;63.243.44.223;28.6928;-81.3446
63.243.44.224;63.243.69.255;34.7867;-92.3969
63.243.70.0;63.243.70.255;26.6249;-81.9791
63.243.71.0;63.243.127.255;34.7867;-92.3969
63.243.128.0;63.243.128.255;40.7128;-74.006
63.243.129.0;63.243.129.255;41.8781;-87.6298
63.243.130.0;63.243.130.255;42.6526;-73.7562
63.243.131.0;63.243.131.255;39.0438;-77.4874
63.243.132.0;63.243.132.255;45.5019;-73.5674
63.243.133.0;63.243.133.255;39.0438;-77.4874
63.243.134.0;63.243.135.255;18.5134;-72.2852
63.243.136.0;63.243.136.255;39.0438;-77.4874
63.243.137.0;63.243.137.255;40.7128;-74.006
63.243.138.0;63.243.138.255;39.0438;-77.4874
63.243.139.0;63.243.139.255;51.5;-0.0120022
63.243.140.0;63.243.140.239;42.6526;-73.7562
63.243.140.240;63.243.141.255;40.7128;-74.006
63.243.142.0;63.243.142.255;40.7642;-73.8314
63.243.143.0;63.243.143.255;25.7608;-80.2553
63.243.144.0;63.243.144.255;14.5764;121.085
63.243.145.0;63.243.145.255;45.5074;-73.5701
63.243.146.0;63.243.146.255;40.7128;-74.006
63.243.147.0;63.243.147.255;42.3495;-71.0482
63.243.148.0;63.243.149.15;40.7128;-74.006
63.243.149.16;63.243.149.255;42.6526;-73.7562
63.243.150.0;63.243.150.239;38.9586;-77.4233
63.243.150.240;63.243.151.255;39.0438;-77.4874
63.243.152.0;63.243.152.255;25.7617;-80.1918
63.243.153.0;63.243.153.255;45.9403;-74.5474
63.243.154.0;63.243.154.255;40.7739;-73.4159
63.243.155.0;63.243.155.255;38.6685;-121.339
63.243.156.0;63.243.156.255;39.0438;-77.4874
63.243.157.0;63.243.157.255;40.6975;-74.2287
63.243.158.0;63.243.158.255;45.4636;-73.5949
63.243.159.0;63.243.159.255;40.7128;-74.006
63.243.160.0;63.243.160.255;45.4821;-73.5395
63.243.161.0;63.243.161.255;33.9978;-117.834
63.243.162.0;63.243.162.255;43.5805;-79.6173
63.243.163.0;63.243.163.255;33.5221;36.2756
63.243.164.0;63.243.164.255;45.5019;-73.5674
63.243.165.0;63.243.165.255;42.6526;-73.7562
63.243.166.0;63.243.166.255;43.6914;-79.5714
63.243.167.0;63.243.167.255;6.48146;3.35924
63.243.168.0;63.243.168.255;37.422;-122.084
63.243.169.0;63.243.169.255;40.7128;-74.006
63.243.170.0;63.243.171.31;39.0438;-77.4874
63.243.171.32;63.243.171.255;40.7128;-74.006
63.243.172.0;63.243.172.255;43.6532;-79.3832
63.243.173.0;63.243.173.255;45.482;-73.5393
63.243.174.0;63.243.174.255;41.0082;28.9784
63.243.175.0;63.243.176.31;40.7128;-74.006
63.243.176.32;63.243.176.255;10.3338;123.894
63.243.177.0;63.243.177.255;40.7128;-74.006
63.243.178.0;63.243.178.255;45.4539;-73.455
63.243.179.0;63.243.179.255;14.5822;121.06
63.243.180.0;63.243.180.255;1.35208;103.82
63.243.181.0;63.243.181.255;43.5805;-79.6173
63.243.182.0;63.243.182.255;37.749;-122.448
63.243.183.0;63.243.183.255;39.0438;-77.4874
63.243.184.0;63.243.184.255;35.2302;-80.8392
63.243.185.0;63.243.185.255;35.6892;51.389
63.243.186.0;63.243.186.255;40.7415;-74.0034
63.243.187.0;63.243.187.255;42.6526;-73.7562
63.243.188.0;63.243.188.255;37.4419;-122.143
63.243.189.0;63.243.189.255;18.4314;-64.6231
63.243.190.0;63.243.190.255;39.0438;-77.4874
63.243.191.0;63.243.191.255;40.7087;-74.0101
63.243.192.0;63.243.192.255;46.8131;-71.2075
63.243.193.0;63.243.193.255;41.8781;-87.6298
63.243.194.0;63.243.195.255;45.5019;-73.5674
63.243.196.0;63.243.197.7;34.0549;-118.243
63.243.197.8;63.243.197.255;34.0522;-118.244
63.243.198.0;63.243.198.255;34.0549;-118.243
63.243.199.0;63.243.199.255;33.742;-117.824
63.243.200.0;63.243.203.255;45.4818;-73.5401
63.243.204.0;63.243.204.255;39.0438;-77.4874
63.243.205.0;63.243.205.255;37.3387;-121.885
63.243.206.0;63.243.207.255;41.8781;-87.6298
63.243.208.0;63.243.208.255;37.3541;-121.955
63.243.209.0;63.243.215.255;45.4818;-73.5401
63.243.216.0;63.243.216.255;40.7414;-74.0031
63.243.217.0;63.243.218.31;40.7128;-74.006
63.243.218.32;63.243.218.255;40.7414;-74.0031
63.243.219.0;63.243.219.239;40.7128;-74.006
63.243.219.240;63.243.221.15;39.0438;-77.4874
63.243.221.16;63.243.221.255;40.7128;-74.006
63.243.222.0;63.243.222.255;38.9586;-77.4233
63.243.223.0;63.243.223.255;39.0438;-77.4874
63.243.224.0;63.243.225.47;47.6062;-122.332
63.243.225.48;63.243.226.47;47.6061;-122.333
63.243.226.48;63.243.226.255;47.6062;-122.332
63.243.227.0;63.243.227.255;39.0438;-77.4874
63.243.228.0;63.243.228.255;42.3644;-71.0891
63.243.229.0;63.243.229.255;47.6061;-122.333
63.243.230.0;63.243.231.15;39.0438;-77.4874
63.243.231.16;63.243.231.255;42.3644;-71.0891
63.243.232.0;63.243.232.255;39.0438;-77.4874
63.243.233.0;63.243.233.255;38.9586;-77.4233
63.243.234.0;63.243.234.255;40.7128;-74.006
63.243.235.0;63.243.235.255;39.0438;-77.4874
63.243.236.0;63.243.236.255;4.71099;-74.0721
63.243.237.0;63.243.237.255;39.0438;-77.4874
63.243.238.0;63.243.238.255;38.9586;-77.4233
63.243.239.0;63.243.239.255;40.7128;-74.006
63.243.240.0;63.243.247.63;34.0549;-118.243
63.243.247.64;63.243.247.255;40.7128;-74.006
63.243.248.0;63.243.249.107;37.3541;-121.955
63.243.249.108;63.243.249.255;40.7128;-74.006
63.243.250.0;63.243.253.183;37.3541;-121.955
63.243.253.184;63.243.253.239;40.7128;-74.006
63.243.253.240;63.243.255.255;37.3541;-121.955
63.244.0.0;63.244.240.255;42.3605;-71.0995
63.244.241.0;63.244.242.255;38.9072;-77.0369
63.244.243.0;63.244.255.255;42.3605;-71.0995
63.245.0.0;63.245.7.255;25.9228;-80.1562
63.245.8.0;63.245.8.255;14.0862;-87.1864
63.245.9.0;63.245.9.127;15.5058;-88.0259
63.245.9.128;63.245.10.255;14.0818;-87.2068
63.245.11.0;63.245.11.255;14.0862;-87.1864
63.245.12.0;63.245.12.255;15.3314;-87.9212
63.245.13.0;63.245.15.255;14.0862;-87.1864
63.245.16.0;63.245.17.255;25.7617;-80.1918
63.245.18.0;63.245.19.255;14.6041;-90.5156
63.245.20.0;63.245.20.255;25.9228;-80.1562
63.245.21.0;63.245.21.255;18.4861;-69.9312
63.245.22.0;63.245.23.255;18.3929;-66.1635
63.245.24.0;63.245.29.255;25.9228;-80.1562
63.245.30.0;63.245.31.255;12.053;-61.7533
63.245.32.0;63.245.32.255;40.7128;-74.006
63.245.33.0;63.245.40.255;25.9228;-80.1562
63.245.41.0;63.245.42.255;25.7617;-80.1918
63.245.43.0;63.245.55.255;25.9228;-80.1562
63.245.56.0;63.245.56.255;12.4829;-61.456
63.245.57.0;63.245.59.255;12.053;-61.7533
63.245.60.0;63.245.60.255;25.9228;-80.1562
63.245.61.0;63.245.61.255;21.1574;-86.8236
63.245.62.0;63.245.62.255;21.1661;-86.8227
63.245.63.0;63.245.63.255;25.7617;-80.1918
63.245.64.0;63.245.65.255;25.9228;-80.1562
63.245.66.0;63.245.67.255;12.053;-61.7533
63.245.68.0;63.245.71.255;25.9228;-80.1562
63.245.72.0;63.245.72.255;40.7128;-74.006
63.245.73.0;63.245.87.255;25.9228;-80.1562
63.245.88.0;63.245.89.255;18.3929;-66.1635
63.245.90.0;63.245.92.255;25.9228;-80.1562
63.245.93.0;63.245.93.255;18.3929;-66.1635
63.245.94.0;63.245.94.255;25.9228;-80.1562
63.245.95.0;63.245.95.255;18.3929;-66.1635
63.245.96.0;63.245.103.255;6.18819;-75.5586
63.245.104.0;63.245.104.255;25.9228;-80.1562
63.245.105.0;63.245.105.255;21.2247;-86.8536
63.245.106.0;63.245.107.255;4.71099;-74.0721
63.245.108.0;63.245.109.255;25.9228;-80.1562
63.245.110.0;63.245.110.255;4.71099;-74.0721
63.245.111.0;63.245.111.255;18.257;-66.105
63.245.112.0;63.245.114.255;25.0608;-77.3775
63.245.115.0;63.245.115.255;25.0582;-77.3431
63.245.116.0;63.245.121.255;25.0608;-77.3775
63.245.122.0;63.245.122.255;25.0582;-77.3431
63.245.123.0;63.245.123.255;25.0608;-77.3775
63.245.124.0;63.245.127.255;25.9228;-80.1562
63.245.128.0;63.245.131.255;36.6001;-95.9797
63.245.132.0;63.245.132.255;38.7306;-98.2281
63.245.133.0;63.245.133.255;32.7767;-96.797
63.245.134.0;63.245.136.255;38.5884;-98.4115
63.245.137.0;63.245.137.255;38.345;-98.2017
63.245.138.0;63.245.139.255;38.5884;-98.4115
63.245.140.0;63.245.140.255;38.3981;-98.012
63.245.141.0;63.245.141.255;38.3982;-98.0117
63.245.142.0;63.245.142.255;39.3492;-97.4494
63.245.143.0;63.245.147.255;38.2035;-97.5195
63.245.148.0;63.245.149.255;36.6005;-95.9801
63.245.150.0;63.245.150.255;38.8528;-99.1476
63.245.151.0;63.245.151.255;38.8796;-99.0214
63.245.152.0;63.245.152.255;36.6005;-95.9801
63.245.153.0;63.245.153.255;38.3981;-98.012
63.245.154.0;63.245.154.255;38.5884;-98.4115
63.245.155.0;63.245.155.255;36.6005;-95.9801
63.245.156.0;63.245.161.255;38.3982;-98.0117
63.245.162.0;63.245.162.255;38.372;-97.6439
63.245.163.0;63.245.163.255;39.1008;-94.5811
63.245.164.0;63.245.165.255;36.6005;-95.9801
63.245.166.0;63.245.166.255;37.3541;-121.955
63.245.167.0;63.245.167.255;37.0373;-95.6164
63.245.168.0;63.245.168.255;38.8408;-97.6011
63.245.169.0;63.245.169.255;38.3982;-98.0117
63.245.170.0;63.245.170.255;32.7767;-96.797
63.245.171.0;63.245.172.255;39.1008;-94.5811
63.245.173.0;63.245.173.255;32.7767;-96.797
63.245.174.0;63.245.174.255;36.6005;-95.9801
63.245.175.0;63.245.175.255;38.3982;-98.0117
63.245.176.0;63.245.177.255;36.6005;-95.9801
63.245.178.0;63.245.179.255;38.2035;-97.5195
63.245.180.0;63.245.180.255;38.469;-99.3093
63.245.181.0;63.245.181.255;38.1806;-99.0987
63.245.182.0;63.245.183.255;38.2035;-97.5195
63.245.184.0;63.245.184.255;38.3982;-98.0117
63.245.185.0;63.245.185.255;36.6005;-95.9801
63.245.186.0;63.245.186.255;38.2035;-97.5195
63.245.187.0;63.245.187.255;38.3982;-98.0117
63.245.188.0;63.245.189.255;36.6005;-95.9801
63.245.190.0;63.245.191.255;38.2035;-97.5195
63.245.192.0;63.245.203.255;37.3973;-122.055
63.245.204.0;63.245.204.255;40.7128;-74.006
63.245.205.0;63.245.205.255;37.3973;-122.055
63.245.206.0;63.245.206.255;34.0549;-118.243
63.245.207.0;63.245.207.255;32.254;-110.974
63.245.208.0;63.245.209.255;38.6464;-121.486
63.245.210.0;63.245.211.255;37.4881;-77.2442
63.245.212.0;63.245.212.255;43.6471;-79.3943
63.245.213.0;63.245.215.255;37.3728;-121.973
63.245.216.0;63.245.217.255;37.787;-122.4
63.245.218.0;63.245.218.255;49.2826;-123.109
63.245.219.0;63.245.219.255;37.3728;-121.973
63.245.220.0;63.245.220.255;45.5235;-122.683
63.245.221.0;63.245.221.255;37.3873;-122.06
63.245.222.0;63.245.222.255;37.7895;-122.389
63.245.223.0;63.245.223.255;37.3728;-121.973
63.245.224.0;63.245.225.255;37.0758;-88.6771
63.245.226.0;63.245.226.255;36.8483;-87.4666
63.245.227.0;63.245.227.255;37.0758;-88.6771
63.245.228.0;63.245.228.255;37.0507;-88.7298
63.245.229.0;63.245.230.255;37.0758;-88.6771
63.245.231.0;63.245.231.255;40.5675;-89.6407
63.245.232.0;63.245.233.255;37.0758;-88.6771
63.245.234.0;63.245.234.255;37.7398;-88.907
63.245.235.0;63.245.238.255;37.0507;-88.7298
63.245.239.0;63.245.239.255;30.2737;-97.7587
63.245.240.0;63.245.241.255;40.5675;-89.6407
63.245.242.0;63.245.242.255;37.0758;-88.6771
63.245.243.0;63.245.243.255;37.0507;-88.7298
63.245.244.0;63.245.245.255;37.0758;-88.6771
63.245.246.0;63.245.249.255;37.7393;-88.9071
63.245.250.0;63.245.251.255;37.0758;-88.6771
63.245.252.0;63.245.253.255;39.7392;-104.99
63.245.254.0;63.245.254.255;37.0758;-88.6771
63.245.255.0;63.245.255.255;37.7393;-88.9071
63.246.0.0;63.246.31.255;38.6305;-90.1928
63.246.32.0;63.246.32.255;41.0814;-81.519
63.246.33.0;63.246.33.255;37.8776;-122.263
63.246.34.0;63.246.34.255;14.5995;120.984
63.246.35.0;63.246.35.255;37.4419;-122.143
63.246.36.0;63.246.36.255;47.3769;8.54169
63.246.37.0;63.246.37.255;37.8776;-122.263
63.246.38.0;63.246.38.255;37.4419;-122.143
63.246.39.0;63.246.39.255;32.7767;-96.797
63.246.40.0;63.246.44.255;37.4419;-122.143
63.246.45.0;63.246.45.255;37.8776;-122.263
63.246.46.0;63.246.47.255;37.4419;-122.143
63.246.48.0;63.246.57.255;33.1095;-96.0834
63.246.58.0;63.246.58.255;33.1385;-96.1108
63.246.59.0;63.246.63.255;33.1095;-96.0834
63.246.64.0;63.246.67.255;44.0218;-88.5809
63.246.68.0;63.246.69.255;34.7872;-92.3968
63.246.70.0;63.246.70.255;43.424;-83.9725
63.246.71.0;63.246.71.255;34.7872;-92.3968
63.246.72.0;63.246.75.255;44.0218;-88.5809
63.246.76.0;63.246.76.255;34.0856;-119.061
63.246.77.0;63.246.77.255;42.4896;-71.1342
63.246.78.0;63.246.80.15;34.7872;-92.3968
63.246.80.16;63.246.80.171;40.7128;-74.006
63.246.80.172;63.246.82.15;34.7872;-92.3968
63.246.82.16;63.246.82.255;44.7947;-91.5249
63.246.83.0;63.246.83.255;44.0159;-88.552
63.246.84.0;63.246.84.255;42.2299;-83.7429
63.246.85.0;63.246.85.255;34.788;-92.3937
63.246.86.0;63.246.86.255;34.7872;-92.3968
63.246.87.0;63.246.87.255;43.1117;-88.4993
63.246.88.0;63.246.88.191;42.7891;-88.3886
63.246.88.192;63.246.90.59;34.7872;-92.3968
63.246.90.60;63.246.90.195;34.788;-92.3937
63.246.90.196;63.246.91.255;34.7872;-92.3968
63.246.92.0;63.246.92.255;34.788;-92.3937
63.246.93.0;63.246.93.255;34.7872;-92.3968
63.246.94.0;63.246.94.255;36.722;-86.579
63.246.95.0;63.246.95.255;46.7867;-92.1005
63.246.96.0;63.246.111.255;37.3048;-89.5403
63.246.112.0;63.246.112.255;59.3327;18.0656
63.246.113.0;63.246.113.255;53.3498;-6.26031
63.246.114.0;63.246.114.255;36.1427;-115.078
63.246.115.0;63.246.115.255;47.4815;-122.246
63.246.116.0;63.246.116.255;38.9547;-77.4043
63.246.117.0;63.246.117.255;40.7128;-74.006
63.246.118.0;63.246.118.255;19.1194;72.8905
63.246.119.0;63.246.119.255;39.0438;-77.4874
63.246.120.0;63.246.121.255;38.9029;-76.9898
63.246.122.0;63.246.123.255;38.9184;-77.0696
63.246.124.0;63.246.127.255;38.9547;-77.4043
63.246.128.0;63.246.133.255;39.0067;-77.4291
63.246.134.0;63.246.134.255;39.1911;-106.818
63.246.135.0;63.246.135.255;25.7617;-80.1918
63.246.136.0;63.246.137.255;39.0067;-77.4291
63.246.138.0;63.246.138.255;41.4412;-97.3677
63.246.139.0;63.246.139.255;39.0067;-77.4291
63.246.140.0;63.246.141.255;37.4529;-122.244
63.246.142.0;63.246.142.255;39.0067;-77.4291
63.246.143.0;63.246.143.255;40.3775;-105.52
63.246.144.0;63.246.144.255;37.3387;-121.885
63.246.145.0;63.246.145.255;34.0549;-118.243
63.246.146.0;63.246.148.255;39.0438;-77.4874
63.246.149.0;63.246.149.255;34.0549;-118.243
63.246.150.0;63.246.150.255;39.0067;-77.4291
63.246.151.0;63.246.152.255;39.0438;-77.4874
63.246.153.0;63.246.153.255;25.7824;-80.1931
63.246.154.0;63.246.154.255;54.352;18.6466
63.246.155.0;63.246.155.255;39.9749;-90.756
63.246.156.0;63.246.157.255;42.3601;-71.0589
63.246.158.0;63.246.158.255;40.7128;-74.006
63.246.159.0;63.246.159.255;39.0438;-77.4874
63.246.160.0;63.246.191.255;32.7913;-96.8036
63.246.192.0;63.246.192.255;34.7867;-92.3969
63.246.193.0;63.246.193.255;42.3547;-71.0602
63.246.194.0;63.246.195.7;34.7867;-92.3969
63.246.195.8;63.246.195.255;40.7128;-74.006
63.246.196.0;63.246.198.255;34.7867;-92.3969
63.246.199.0;63.246.199.247;44.4708;-73.1882
63.246.199.248;63.246.202.63;34.7867;-92.3969
63.246.202.64;63.246.202.255;42.2946;-71.4917
63.246.203.0;63.246.203.247;43.6458;-70.3584
63.246.203.248;63.246.204.255;34.7867;-92.3969
63.246.205.0;63.246.205.175;43.0383;-78.8044
63.246.205.176;63.246.207.15;34.7867;-92.3969
63.246.207.16;63.246.207.247;42.7964;-78.7506
63.246.207.248;63.246.210.39;34.7867;-92.3969
63.246.210.40;63.246.210.239;38.9072;-77.0369
63.246.210.240;63.246.212.255;34.7867;-92.3969
63.246.213.0;63.246.213.255;40.7063;-74.0125
63.246.214.0;63.246.215.55;34.7867;-92.3969
63.246.215.56;63.246.215.255;40.7081;-73.9571
63.246.216.0;63.246.216.255;42.3921;-71.0399
63.246.217.0;63.246.218.255;34.7867;-92.3969
63.246.219.0;63.246.219.247;42.5246;-71.1392
63.246.219.248;63.246.220.255;34.7867;-92.3969
63.246.221.0;63.246.221.255;40.7128;-74.006
63.246.222.0;63.246.223.255;34.7867;-92.3969
63.246.224.0;63.246.224.255;32.7767;-96.797
63.246.225.0;63.246.226.255;32.5126;-95.6429
63.246.227.0;63.246.227.255;32.7767;-96.797
63.246.228.0;63.246.228.255;32.5126;-95.6428
63.246.229.0;63.246.230.255;32.5126;-95.6429
63.246.231.0;63.246.231.255;32.7767;-96.797
63.246.232.0;63.246.234.255;32.5126;-95.6429
63.246.235.0;63.246.235.255;32.7767;-96.797
63.246.236.0;63.246.236.255;32.5126;-95.6429
63.246.237.0;63.246.237.255;32.6099;-95.9302
63.246.238.0;63.246.238.255;32.7767;-96.797
63.246.239.0;63.246.239.255;32.5126;-95.6429
63.246.240.0;63.246.240.255;36.1953;-83.3093
63.246.241.0;63.246.241.191;36.2006;-83.3148
63.246.241.192;63.246.242.255;36.1947;-83.3078
63.246.243.0;63.246.243.255;36.214;-83.2949
63.246.244.0;63.246.244.255;36.2208;-83.2688
63.246.245.0;63.246.245.255;36.1953;-83.3093
63.246.246.0;63.246.246.255;36.214;-83.2949
63.246.247.0;63.246.247.255;36.1953;-83.3093
63.246.248.0;63.246.249.255;36.1934;-83.3598
63.246.250.0;63.246.254.95;36.214;-83.2949
63.246.254.96;63.246.254.255;36.1076;-83.2868
63.246.255.0;63.246.255.255;36.214;-83.2949
63.247.0.0;63.247.0.255;32.7767;-96.797
63.247.1.0;63.247.1.255;34.0522;-118.244
63.247.2.0;63.247.9.255;32.7767;-96.797
63.247.10.0;63.247.11.255;45.1386;-90.3401
63.247.12.0;63.247.14.255;34.062;-118.201
63.247.15.0;63.247.16.255;45.1386;-90.3401
63.247.17.0;63.247.19.255;34.062;-118.201
63.247.20.0;63.247.20.255;32.7767;-96.797
63.247.21.0;63.247.21.255;34.062;-118.201
63.247.22.0;63.247.22.255;45.1386;-90.3401
63.247.23.0;63.247.23.255;34.062;-118.201
63.247.24.0;63.247.25.255;32.7767;-96.797
63.247.26.0;63.247.26.255;45.1386;-90.3401
63.247.27.0;63.247.28.255;32.7767;-96.797
63.247.29.0;63.247.29.255;41.8781;-87.6298
63.247.30.0;63.247.31.255;34.062;-118.201
63.247.32.0;63.247.32.255;44.3836;-89.8174
63.247.33.0;63.247.36.255;44.389;-89.8229
63.247.37.0;63.247.37.255;44.3836;-89.8174
63.247.38.0;63.247.39.255;44.389;-89.8229
63.247.40.0;63.247.40.255;44.2206;-89.8084
63.247.41.0;63.247.43.255;44.389;-89.8229
63.247.44.0;63.247.44.255;44.3125;-89.9043
63.247.45.0;63.247.47.255;44.389;-89.8229
63.247.48.0;63.247.52.255;43.6591;-70.2568
63.247.53.0;63.247.53.255;43.6532;-70.2764
63.247.54.0;63.247.54.255;43.6591;-70.2568
63.247.55.0;63.247.55.255;43.6532;-70.2764
63.247.56.0;63.247.57.255;43.6591;-70.2568
63.247.58.0;63.247.58.255;43.6532;-70.2764
63.247.59.0;63.247.60.255;43.6591;-70.2568
63.247.61.0;63.247.63.255;43.6532;-70.2764
63.247.64.0;63.247.65.7;33.7488;-84.3877
63.247.65.8;63.247.65.255;30.077;-95.4328
63.247.66.0;63.247.66.255;34.0549;-118.243
63.247.67.0;63.247.67.255;33.7488;-84.3877
63.247.68.0;63.247.68.127;30.066;-95.459
63.247.68.128;63.247.70.31;33.7488;-84.3877
63.247.70.32;63.247.70.191;30.066;-95.459
63.247.70.192;63.247.71.255;33.7488;-84.3877
63.247.72.0;63.247.75.63;30.066;-95.459
63.247.75.64;63.247.75.255;30.077;-95.4328
63.247.76.0;63.247.78.255;30.066;-95.459
63.247.79.0;63.247.79.255;40.0188;-105.256
63.247.80.0;63.247.82.255;30.066;-95.459
63.247.83.0;63.247.83.255;39.7545;-75.6273
63.247.84.0;63.247.91.255;30.066;-95.459
63.247.92.0;63.247.92.255;50.1109;8.68213
63.247.93.0;63.247.95.255;30.066;-95.459
63.247.96.0;63.247.102.255;29.7601;-95.3701
63.247.103.0;63.247.103.255;39.1031;-84.512
63.247.104.0;63.247.104.255;29.7601;-95.3701
63.247.105.0;63.247.105.255;39.1031;-84.512
63.247.106.0;63.247.111.255;29.7601;-95.3701
63.247.112.0;63.247.127.255;33.9094;-84.4311
63.247.128.0;63.247.143.255;40.6445;-111.867
63.247.144.0;63.247.159.255;26.6448;-81.8666
63.247.160.0;63.247.160.255;40.7812;-73.2462
63.247.161.0;63.247.161.255;41.1336;-73.3741
63.247.162.0;63.247.162.255;40.76;-73.5044
63.247.163.0;63.247.163.255;40.8859;-74.0435
63.247.164.0;63.247.164.255;40.7586;-73.4385
63.247.165.0;63.247.165.255;40.8595;-74.4147
63.247.166.0;63.247.166.255;40.8483;-74.0126
63.247.167.0;63.247.167.255;40.7903;-74.3852
63.247.168.0;63.247.168.255;40.5369;-74.5105
63.247.169.0;63.247.169.255;40.7536;-73.9805
63.247.170.0;63.247.170.255;41.0443;-74.0776
63.247.171.0;63.247.172.255;40.7478;-73.4823
63.247.173.0;63.247.173.255;40.8532;-74.1137
63.247.174.0;63.247.174.255;44.4759;-73.2121
63.247.175.0;63.247.175.255;40.5442;-74.3625
63.247.176.0;63.247.176.247;41.2729;-73.5524
63.247.176.248;63.247.177.255;40.7478;-73.4823
63.247.178.0;63.247.178.255;41.5356;-73.899
63.247.179.0;63.247.179.255;40.2204;-74.0121
63.247.180.0;63.247.180.255;40.6782;-73.9442
63.247.181.0;63.247.181.255;40.5754;-74.3224
63.247.182.0;63.247.182.255;40.7046;-74.0062
63.247.183.0;63.247.183.255;40.9771;-73.742
63.247.184.0;63.247.184.255;40.76;-73.5044
63.247.185.0;63.247.185.255;40.7051;-74.0067
63.247.186.0;63.247.186.255;40.7478;-73.4823
63.247.187.0;63.247.188.159;40.7626;-73.8314
63.247.188.160;63.247.188.255;41.0762;-73.8587
63.247.189.0;63.247.189.255;40.7908;-74.0485
63.247.190.0;63.247.190.247;41.0483;-73.8008
63.247.190.248;63.247.191.255;40.7478;-73.4823
63.247.192.0;63.247.192.255;51.5244;-0.11022
63.247.193.0;63.247.193.255;52.2297;21.0122
63.247.194.0;63.247.194.255;45.4642;9.18998
63.247.195.0;63.247.195.255;41.3888;2.15899
63.247.196.0;63.247.196.255;48.8566;2.35222
63.247.197.0;63.247.197.255;50.1109;8.68213
63.247.198.0;63.247.198.255;48.8566;2.35222
63.247.199.0;63.247.199.255;41.8631;1.87356
63.247.200.0;63.247.200.255;51.5074;-0.127758
63.247.201.0;63.247.201.255;52.3676;4.90414
63.247.202.0;63.247.202.255;48.7794;2.33729
63.247.203.0;63.247.203.255;52.2297;21.0122
63.247.204.0;63.247.204.255;51.5074;-0.127758
63.247.205.0;63.247.205.255;44.1575;12.4298
63.247.206.0;63.247.206.255;50.1109;8.68213
63.247.207.0;63.247.207.255;52.2297;21.0122
63.247.208.0;63.247.208.255;48.1833;13.7
63.247.209.0;63.247.209.255;47.8807;13.7299
63.247.210.0;63.247.210.255;47.9281;14.081
63.247.211.0;63.247.211.255;47.9333;14.6
63.247.212.0;63.247.212.255;48.2837;14.0306
63.247.213.0;63.247.213.255;48.2318;13.6662
63.247.214.0;63.247.214.255;47.2333;13.2
63.247.215.0;63.247.215.255;47.6425;13.6161
63.247.216.0;63.247.216.255;48.0244;13.7474
63.247.217.0;63.247.217.255;47.9281;14.081
63.247.218.0;63.247.218.255;48.4882;14.1304
63.247.219.0;63.247.219.255;48.2933;14.2915
63.247.220.0;63.247.220.255;48.0433;13.7898
63.247.221.0;63.247.221.255;48.5781;13.9914
63.247.222.0;63.247.222.255;48.0243;13.8217
63.247.223.0;63.247.223.255;48.2933;14.2915
63.247.224.0;63.247.255.255;40.9124;-73.903
63.248.0.0;63.248.0.255;40.7608;-111.891
63.248.1.0;63.248.1.255;42.0963;-111.877
63.248.2.0;63.248.2.255;41.8627;-111.991
63.248.3.0;63.248.3.255;41.9177;-111.942
63.248.4.0;63.248.4.255;41.7459;-111.928
63.248.5.0;63.248.5.255;41.7991;-111.819
63.248.6.0;63.248.7.255;41.6816;-111.823
63.248.8.0;63.248.8.255;41.8383;-111.833
63.248.9.0;63.248.10.255;39.5781;-104.856
63.248.11.0;63.248.11.255;40.7608;-111.891
63.248.12.0;63.248.12.255;39.5781;-104.856
63.248.13.0;63.248.13.255;42.0963;-111.877
63.248.14.0;63.248.15.255;39.5781;-104.856
63.248.16.0;63.248.16.255;41.7105;-112.09
63.248.17.0;63.248.17.255;41.7119;-112.166
63.248.18.0;63.248.19.255;41.5102;-112.016
63.248.20.0;63.248.20.255;39.5781;-104.856
63.248.21.0;63.248.21.255;42.1899;-112.008
63.248.22.0;63.248.22.255;42.0135;-111.807
63.248.23.0;63.248.23.255;42.0963;-111.877
63.248.24.0;63.248.27.255;41.7991;-111.819
63.248.28.0;63.248.28.255;42.113;-111.994
63.248.29.0;63.248.29.255;41.9755;-111.953
63.248.30.0;63.248.30.255;41.6905;-112.141
63.248.31.0;63.248.31.255;41.737;-111.834
63.248.32.0;63.248.32.255;39.5781;-104.856
63.248.33.0;63.248.35.255;42.0135;-111.807
63.248.36.0;63.248.36.255;42.0963;-111.877
63.248.37.0;63.248.37.255;41.8383;-111.833
63.248.38.0;63.248.38.255;41.4649;-112.032
63.248.39.0;63.248.39.255;41.9202;-112.05
63.248.40.0;63.248.40.255;41.6385;-111.934
63.248.41.0;63.248.41.255;41.5688;-111.838
63.248.42.0;63.248.43.255;41.6385;-111.934
63.248.44.0;63.248.46.63;42.0963;-111.877
63.248.46.64;63.248.46.127;41.3333;-111.827
63.248.46.128;63.248.47.255;39.5781;-104.856
63.248.48.0;63.248.49.255;41.7682;-111.981
63.248.50.0;63.248.50.255;41.741;-112.162
63.248.51.0;63.248.53.127;41.7119;-112.166
63.248.53.128;63.248.53.255;39.5781;-104.856
63.248.54.0;63.248.54.255;41.8781;-87.6298
63.248.55.0;63.248.55.255;39.7392;-104.99
63.248.56.0;63.248.56.255;39.5781;-104.856
63.248.57.0;63.248.57.255;39.7392;-104.99
63.248.58.0;63.248.59.255;39.5781;-104.856
63.248.60.0;63.248.61.255;41.737;-111.834
63.248.62.0;63.248.62.255;39.5781;-104.856
63.248.63.0;63.248.63.255;41.551;-112.11
63.248.64.0;63.248.64.255;39.5781;-104.856
63.248.65.0;63.248.65.255;40.7608;-111.891
63.248.66.0;63.248.67.255;39.7392;-104.99
63.248.68.0;63.248.69.255;39.5781;-104.856
63.248.70.0;63.248.70.255;39.7392;-104.99
63.248.71.0;63.248.72.255;39.5781;-104.856
63.248.73.0;63.248.73.255;39.7392;-104.99
63.248.74.0;63.248.74.255;39.5781;-104.856
63.248.75.0;63.248.75.255;40.7608;-111.891
63.248.76.0;63.248.76.255;40.9805;-111.887
63.248.77.0;63.248.77.255;40.7608;-111.891
63.248.78.0;63.248.78.255;41.143;-111.792
63.248.79.0;63.248.79.255;40.7608;-111.891
63.248.80.0;63.248.82.255;39.5781;-104.856
63.248.83.0;63.248.84.255;41.0894;-112.065
63.248.85.0;63.248.85.255;39.5781;-104.856
63.248.86.0;63.248.86.255;39.7392;-104.99
63.248.87.0;63.248.89.255;39.5781;-104.856
63.248.90.0;63.248.91.255;40.7608;-111.891
63.248.92.0;63.248.94.255;39.5781;-104.856
63.248.95.0;63.248.95.255;40.7608;-111.891
63.248.96.0;63.248.97.255;41.1397;-112.05
63.248.98.0;63.248.98.255;39.7392;-104.99
63.248.99.0;63.248.111.255;39.5781;-104.856
63.248.112.0;63.248.113.255;40.7608;-111.891
63.248.114.0;63.248.114.255;39.7392;-104.99
63.248.115.0;63.248.115.255;40.7608;-111.891
63.248.116.0;63.248.116.255;39.7392;-104.99
63.248.117.0;63.248.117.255;39.5781;-104.856
63.248.118.0;63.248.118.255;40.7608;-111.891
63.248.119.0;63.248.119.255;39.7392;-104.99
63.248.120.0;63.248.120.255;39.5781;-104.856
63.248.121.0;63.248.122.255;39.7392;-104.99
63.248.123.0;63.248.123.255;39.5781;-104.856
63.248.124.0;63.248.125.255;39.7392;-104.99
63.248.126.0;63.248.128.255;39.5781;-104.856
63.248.129.0;63.248.131.255;39.7392;-104.99
63.248.132.0;63.248.132.255;40.7608;-111.891
63.248.133.0;63.248.133.255;39.5781;-104.856
63.248.134.0;63.248.134.255;40.7608;-111.891
63.248.135.0;63.248.139.255;39.5781;-104.856
63.248.140.0;63.248.140.255;40.7608;-111.891
63.248.141.0;63.248.142.255;39.5781;-104.856
63.248.143.0;63.248.144.255;39.7392;-104.99
63.248.145.0;63.248.149.255;39.5781;-104.856
63.248.150.0;63.248.151.255;40.1302;-111.579
63.248.152.0;63.248.155.255;39.5781;-104.856
63.248.156.0;63.248.156.255;40.0444;-111.732
63.248.157.0;63.248.157.255;40.1302;-111.579
63.248.158.0;63.248.159.255;39.5781;-104.856
63.248.160.0;63.248.162.255;41.223;-111.974
63.248.163.0;63.248.163.255;39.5781;-104.856
63.248.164.0;63.248.165.255;41.3183;-111.992
63.248.166.0;63.248.167.255;41.3621;-112.035
63.248.168.0;63.248.169.255;39.5781;-104.856
63.248.170.0;63.248.171.255;41.3621;-112.035
63.248.172.0;63.248.172.255;41.223;-111.974
63.248.173.0;63.248.173.255;41.2972;-112.028
63.248.174.0;63.248.174.255;39.5781;-104.856
63.248.175.0;63.248.175.255;41.3333;-111.827
63.248.176.0;63.248.176.255;39.5781;-104.856
63.248.177.0;63.248.177.255;39.7392;-104.99
63.248.178.0;63.248.179.255;41.3072;-111.96
63.248.180.0;63.248.181.255;41.1638;-112.122
63.248.182.0;63.248.183.255;39.5781;-104.856
63.248.184.0;63.248.184.255;39.7392;-104.99
63.248.185.0;63.248.185.255;41.8781;-87.6298
63.248.186.0;63.248.186.255;41.203;-112.051
63.248.187.0;63.248.187.255;39.7392;-104.99
63.248.188.0;63.248.189.255;39.5781;-104.856
63.248.190.0;63.248.190.255;41.223;-111.974
63.248.191.0;63.248.191.255;41.2608;-111.77
63.248.192.0;63.248.193.255;40.6127;-112.304
63.248.194.0;63.248.196.255;39.5781;-104.856
63.248.197.0;63.248.197.255;40.7608;-111.891
63.248.198.0;63.248.202.255;39.5781;-104.856
63.248.203.0;63.248.203.255;39.7392;-104.99
63.248.204.0;63.248.204.255;40.6377;-112.296
63.248.205.0;63.248.205.255;40.7608;-111.891
63.248.206.0;63.248.207.255;40.5999;-112.464
63.248.208.0;63.248.208.255;41.2608;-111.77
63.248.209.0;63.248.210.255;39.5781;-104.856
63.248.211.0;63.248.211.255;40.7608;-111.891
63.248.212.0;63.248.212.255;41.9758;-111.856
63.248.213.0;63.248.213.255;39.7392;-104.99
63.248.214.0;63.248.215.255;39.5781;-104.856
63.248.216.0;63.248.216.255;41.223;-111.974
63.248.217.0;63.248.217.255;41.3336;-111.864
63.248.218.0;63.248.219.255;41.3333;-111.827
63.248.220.0;63.248.220.255;39.5781;-104.856
63.248.221.0;63.248.221.255;40.7608;-111.891
63.248.222.0;63.248.223.255;39.7392;-104.99
63.248.224.0;63.248.225.255;40.7608;-111.891
63.248.226.0;63.248.230.255;39.5781;-104.856
63.248.231.0;63.248.231.255;40.7608;-111.891
63.248.232.0;63.248.233.255;40.507;-111.413
63.248.234.0;63.248.237.255;39.5781;-104.856
63.248.238.0;63.248.238.255;39.7392;-104.99
63.248.239.0;63.248.239.255;40.7608;-111.891
63.248.240.0;63.248.242.255;39.5781;-104.856
63.248.243.0;63.248.243.255;39.7392;-104.99
63.248.244.0;63.248.245.255;40.4897;-111.939
63.248.246.0;63.248.246.255;39.5781;-104.856
63.248.247.0;63.248.247.255;40.3141;-112.007
63.248.248.0;63.248.249.255;39.5781;-104.856
63.248.250.0;63.248.250.255;41.8781;-87.6298
63.248.251.0;63.248.251.255;40.7608;-111.891
63.248.252.0;63.248.252.255;39.5781;-104.856
63.248.253.0;63.248.253.255;40.4733;-111.248
63.248.254.0;63.248.254.255;39.5781;-104.856
63.248.255.0;63.248.255.255;41.223;-111.974
63.249.0.0;63.249.3.255;48.6997;-122.911
63.249.4.0;63.249.4.255;47.5834;-122.034
63.249.5.0;63.249.12.255;48.6997;-122.911
63.249.13.0;63.249.23.255;47.6791;-122.317
63.249.24.0;63.249.24.255;48.6997;-122.911
63.249.25.0;63.249.25.255;47.6143;-122.339
63.249.26.0;63.249.29.255;48.6997;-122.911
63.249.30.0;63.249.30.255;47.49;-122.272
63.249.31.0;63.249.31.255;48.6997;-122.911
63.249.32.0;63.249.32.255;32.7767;-96.797
63.249.33.0;63.249.33.255;33.3246;-96.7844
63.249.34.0;63.249.35.127;32.7767;-96.797
63.249.35.128;63.249.35.255;33.5087;-96.6122
63.249.36.0;63.249.37.47;32.7767;-96.797
63.249.37.48;63.249.37.255;33.349;-96.5486
63.249.38.0;63.249.38.255;39.5781;-104.856
63.249.39.0;63.249.39.255;33.2979;-96.4016
63.249.40.0;63.249.40.255;32.9474;-96.7342
63.249.41.0;63.249.41.255;33.0843;-96.5767
63.249.42.0;63.249.43.31;32.9474;-96.7342
63.249.43.32;63.249.43.255;33.1634;-96.36
63.249.44.0;63.249.44.255;32.9474;-96.7342
63.249.45.0;63.249.45.255;33.0423;-96.3739
63.249.46.0;63.249.46.255;33.4479;-96.7475
63.249.47.0;63.249.47.255;33.3965;-96.9606
63.249.48.0;63.249.48.255;36.6591;-119.594
63.249.49.0;63.249.50.255;34.0549;-118.243
63.249.51.0;63.249.51.255;33.8358;-118.341
63.249.52.0;63.249.55.255;34.0549;-118.243
63.249.56.0;63.249.56.255;34.0522;-118.244
63.249.57.0;63.249.57.255;33.9375;-117.231
63.249.58.0;63.249.61.255;34.0549;-118.243
63.249.62.0;63.249.62.255;30.2672;-97.7431
63.249.63.0;63.249.63.255;33.4482;-112.078
63.249.64.0;63.249.67.167;36.9742;-122.028
63.249.67.168;63.249.67.175;37.0483;-122.017
63.249.67.176;63.249.71.255;36.9742;-122.028
63.249.72.0;63.249.72.255;36.9741;-122.031
63.249.73.0;63.249.79.255;36.9742;-122.028
63.249.80.0;63.249.80.39;36.9741;-122.031
63.249.80.40;63.249.83.255;37.3342;-121.892
63.249.84.0;63.249.91.255;36.9742;-122.028
63.249.92.0;63.249.95.255;37.3342;-121.892
63.249.96.0;63.249.100.15;36.9742;-122.028
63.249.100.16;63.249.100.31;36.9777;-122.023
63.249.100.32;63.249.123.255;36.9742;-122.028
63.249.124.0;63.249.124.255;36.9041;-121.749
63.249.125.0;63.249.127.255;36.9742;-122.028
63.249.128.0;63.249.176.253;47.4815;-122.246
63.249.176.254;63.249.176.254;38.9536;-77.4247
63.249.176.255;63.249.200.197;47.4815;-122.246
63.249.200.198;63.249.200.198;38.9536;-77.4247
63.249.200.199;63.249.255.255;47.4815;-122.246
63.250.0.0;63.250.0.255;25.7759;-80.1931
63.250.1.0;63.250.1.255;47.7511;-122.249
63.250.2.0;63.250.3.255;36.708;-119.556
63.250.4.0;63.250.5.255;38.7304;-75.136
63.250.6.0;63.250.7.255;25.7759;-80.1931
63.250.8.0;63.250.31.255;25.7152;-80.2755
63.250.32.0;63.250.47.255;34.0361;-118.443
63.250.48.0;63.250.48.255;54.8669;-66.7652
63.250.49.0;63.250.49.255;54.8633;-66.7624
63.250.50.0;63.250.51.255;54.8669;-66.7652
63.250.52.0;63.250.52.255;35.694;139.754
63.250.53.0;63.250.53.255;40.7128;-74.006
63.250.54.0;63.250.54.255;52.3676;4.90414
63.250.55.0;63.250.55.255;32.7767;-96.797
63.250.56.0;63.250.57.255;52.3563;4.95714
63.250.58.0;63.250.58.255;51.5098;-0.017595
63.250.59.0;63.250.60.255;50.1567;8.76813
63.250.61.0;63.250.61.255;32.0853;34.7818
63.250.62.0;63.250.63.255;32.0958;34.9522
63.250.64.0;63.250.95.255;39.1028;-84.5173
63.250.96.0;63.250.96.239;43.8086;-79.4683
63.250.96.240;63.250.97.255;43.4432;-80.5111
63.250.98.0;63.250.98.255;43.6456;-79.3861
63.250.99.0;63.250.99.255;43.7069;-79.3959
63.250.100.0;63.250.100.255;43.4432;-80.5111
63.250.101.0;63.250.101.255;43.6456;-79.3861
63.250.102.0;63.250.103.63;43.6447;-79.3841
63.250.103.64;63.250.103.255;43.589;-79.6441
63.250.104.0;63.250.105.87;43.6447;-79.3841
63.250.105.88;63.250.105.255;43.6532;-79.3832
63.250.106.0;63.250.107.63;43.6447;-79.3841
63.250.107.64;63.250.107.255;43.6469;-79.3897
63.250.108.0;63.250.109.63;43.6447;-79.3841
63.250.109.64;63.250.109.255;43.6456;-79.3861
63.250.110.0;63.250.111.255;43.6447;-79.3841
63.250.112.0;63.250.113.255;43.4432;-80.5111
63.250.114.0;63.250.114.255;43.6447;-79.3841
63.250.115.0;63.250.115.255;43.4432;-80.5111
63.250.116.0;63.250.117.71;43.6256;-79.6598
63.250.117.72;63.250.117.255;43.4432;-80.5111
63.250.118.0;63.250.118.223;43.6447;-79.3841
63.250.118.224;63.250.121.159;43.6256;-79.6598
63.250.121.160;63.250.121.255;43.6456;-79.3861
63.250.122.0;63.250.123.127;43.6256;-79.6598
63.250.123.128;63.250.123.255;43.6456;-79.3861
63.250.124.0;63.250.124.255;42.9834;-81.233
63.250.125.0;63.250.126.223;43.6256;-79.6598
63.250.126.224;63.250.126.255;43.6532;-79.3832
63.250.127.0;63.250.127.255;43.6459;-79.3853
63.250.128.0;63.250.131.255;41.8403;-87.6137
63.250.132.0;63.250.135.255;40.7218;-74.0094
63.250.136.0;63.250.139.255;33.7557;-84.3884
63.250.140.0;63.250.143.255;41.8403;-87.6137
63.250.144.0;63.250.144.255;-22.23;-45.9364
63.250.145.0;63.250.146.47;-23.6051;-46.6948
63.250.146.48;63.250.146.191;-23.0297;-46.9753
63.250.146.192;63.250.147.255;-23.6051;-46.6948
63.250.148.0;63.250.149.79;32.7863;-96.7962
63.250.149.80;63.250.149.255;29.7485;-95.4699
63.250.150.0;63.250.150.255;38.9943;-104.864
63.250.151.0;63.250.151.255;32.7863;-96.7962
63.250.152.0;63.250.152.255;40.7218;-74.0094
63.250.153.0;63.250.153.255;38.9187;-77.2311
63.250.154.0;63.250.155.255;40.7218;-74.0094
63.250.156.0;63.250.157.255;39.048;-77.4817
63.250.158.0;63.250.158.255;39.0148;-77.4577
63.250.159.0;63.250.159.255;39.048;-77.4817
63.250.160.0;63.250.163.255;43.646;-79.3876
63.250.164.0;63.250.164.255;37.3327;-121.892
63.250.165.0;63.250.165.255;33.9189;-118.388
63.250.166.0;63.250.166.255;29.7281;-95.4451
63.250.167.0;63.250.167.255;33.9189;-118.388
63.250.168.0;63.250.169.255;39.048;-77.4817
63.250.170.0;63.250.170.255;28.4572;-81.3915
63.250.171.0;63.250.171.255;39.048;-77.4817
63.250.172.0;63.250.172.255;40.7218;-74.0094
63.250.173.0;63.250.173.255;-23.6051;-46.6948
63.250.174.0;63.250.174.255;40.7218;-74.0094
63.250.175.0;63.250.175.255;33.9189;-118.388
63.250.176.0;63.250.179.255;34.0544;-118.267
63.250.180.0;63.250.183.255;37.3327;-121.892
63.250.184.0;63.250.184.255;26.0948;-80.2739
63.250.185.0;63.250.187.255;25.7617;-80.1918
63.250.188.0;63.250.188.255;33.9189;-118.388
63.250.189.0;63.250.189.255;-23.6051;-46.6948
63.250.190.0;63.250.190.255;33.9189;-118.388
63.250.191.0;63.250.191.255;25.7617;-80.1918
63.250.192.0;63.250.223.255;40.7307;-73.9915
63.250.224.0;63.250.224.255;40.7128;-74.006
63.250.225.0;63.250.225.255;41.8781;-87.6298
63.250.226.0;63.250.226.255;40.7128;-74.006
63.250.227.0;63.250.227.255;34.7872;-92.3968
63.250.228.0;63.250.228.255;41.8781;-87.6298
63.250.229.0;63.250.230.15;34.7872;-92.3968
63.250.230.16;63.250.230.255;40.7128;-74.006
63.250.231.0;63.250.231.159;41.8781;-87.6298
63.250.231.160;63.250.232.255;34.7872;-92.3968
63.250.233.0;63.250.233.255;41.8781;-87.6298
63.250.234.0;63.250.234.255;34.7872;-92.3968
63.250.235.0;63.250.235.255;40.7128;-74.006
63.250.236.0;63.250.236.195;41.8781;-87.6298
63.250.236.196;63.250.237.255;34.7872;-92.3968
63.250.238.0;63.250.238.255;41.8781;-87.6298
63.250.239.0;63.250.239.247;34.7872;-92.3968
63.250.239.248;63.250.240.235;40.7128;-74.006
63.250.240.236;63.250.242.11;34.7872;-92.3968
63.250.242.12;63.250.243.63;41.8781;-87.6298
63.250.243.64;63.250.244.35;34.7872;-92.3968
63.250.244.36;63.250.244.255;40.7128;-74.006
63.250.245.0;63.250.245.255;41.8781;-87.6298
63.250.246.0;63.250.246.251;34.7872;-92.3968
63.250.246.252;63.250.248.31;41.8781;-87.6298
63.250.248.32;63.250.248.255;34.7872;-92.3968
63.250.249.0;63.250.249.251;41.8089;-88.0112
63.250.249.252;63.250.250.255;41.8781;-87.6298
63.250.251.0;63.250.251.255;41.8372;-88.017
63.250.252.0;63.250.252.255;40.7895;-74.0565
63.250.253.0;63.250.253.247;41.8781;-87.6298
63.250.253.248;63.250.254.255;34.7872;-92.3968
63.250.255.0;63.250.255.255;40.7128;-74.006
63.251.0.0;63.251.1.255;41.8769;-87.6499
63.251.2.0;63.251.2.255;47.5825;-122.136
63.251.3.0;63.251.3.255;41.8769;-87.6499
63.251.4.0;63.251.5.255;39.9037;-75.5625
63.251.6.0;63.251.6.255;41.8769;-87.6499
63.251.7.0;63.251.7.255;47.4932;-122.294
63.251.8.0;63.251.9.255;41.8769;-87.6499
63.251.10.0;63.251.10.255;47.4379;-122.248
63.251.11.0;63.251.11.255;47.6062;-122.332
63.251.12.0;63.251.13.255;41.8769;-87.6499
63.251.14.0;63.251.15.255;33.9771;-84.212
63.251.16.0;63.251.19.31;39.7483;-75.5477
63.251.19.32;63.251.19.255;34.0243;-118.477
63.251.20.0;63.251.20.255;40.7047;-74.0115
63.251.21.0;63.251.26.31;39.7483;-75.5477
63.251.26.32;63.251.26.255;40.7046;-74.0112
63.251.27.0;63.251.27.255;40.7128;-74.006
63.251.28.0;63.251.28.255;37.448;-122.144
63.251.29.0;63.251.31.255;39.7483;-75.5477
63.251.32.0;63.251.32.255;38.6447;-90.5168
63.251.33.0;63.251.33.255;39.7483;-75.5477
63.251.34.0;63.251.34.255;37.3861;-122.084
63.251.35.0;63.251.35.255;38.9586;-77.357
63.251.36.0;63.251.36.255;40.3026;-74.5112
63.251.37.0;63.251.37.255;32.8825;-96.765
63.251.38.0;63.251.39.191;39.7483;-75.5477
63.251.39.192;63.251.39.255;33.0198;-96.6989
63.251.40.0;63.251.40.255;39.7483;-75.5477
63.251.41.0;63.251.41.255;29.6582;-95.476
63.251.42.0;63.251.42.255;32.7767;-96.797
63.251.43.0;63.251.44.31;39.7483;-75.5477
63.251.44.32;63.251.44.159;33.4942;-111.926
63.251.44.160;63.251.45.255;39.7483;-75.5477
63.251.46.0;63.251.47.255;37.3861;-122.084
63.251.48.0;63.251.48.255;37.3387;-121.885
63.251.49.0;63.251.49.255;37.4063;-121.977
63.251.50.0;63.251.50.255;37.3387;-121.885
63.251.51.0;63.251.51.63;37.8381;-122.301
63.251.51.64;63.251.54.127;37.3387;-121.885
63.251.54.128;63.251.54.255;37.7817;-122.391
63.251.55.0;63.251.55.255;37.7918;-122.394
63.251.56.0;63.251.56.255;37.7749;-122.419
63.251.57.0;63.251.57.255;37.3688;-122.036
63.251.58.0;63.251.59.255;37.896;-122.515
63.251.60.0;63.251.60.255;37.2539;-121.952
63.251.61.0;63.251.63.255;47.6143;-122.339
63.251.64.0;63.251.65.255;42.2793;-71.4162
63.251.66.0;63.251.71.255;39.0438;-77.4874
63.251.72.0;63.251.72.255;33.8769;-84.5196
63.251.73.0;63.251.73.255;26.5574;-81.8817
63.251.74.0;63.251.74.255;33.9351;-84.3389
63.251.75.0;63.251.75.255;48.5126;-122.613
63.251.76.0;63.251.76.255;42.3601;-71.0589
63.251.77.0;63.251.77.255;43.0335;-88.1408
63.251.78.0;63.251.78.255;33.9171;-84.3545
63.251.79.0;63.251.79.255;33.9659;-84.1198
63.251.80.0;63.251.80.255;39.7483;-75.5477
63.251.81.0;63.251.81.255;38.9477;-77.3482
63.251.82.0;63.251.82.255;33.9161;-118.381
63.251.83.0;63.251.83.255;39.7483;-75.5477
63.251.84.0;63.251.84.255;38.672;-77.2637
63.251.85.0;63.251.85.255;39.0438;-77.4874
63.251.86.0;63.251.87.255;33.9771;-84.212
63.251.88.0;63.251.88.255;41.8769;-87.6499
63.251.89.0;63.251.89.255;37.3683;-121.922
63.251.90.0;63.251.90.255;38.8766;-77.2358
63.251.91.0;63.251.91.255;26.3923;-80.1096
63.251.92.0;63.251.92.255;39.0132;-77.4313
63.251.93.0;63.251.93.255;38.9072;-77.0369
63.251.94.0;63.251.94.255;38.9648;-77.3821
63.251.95.0;63.251.95.255;38.7836;-77.5077
63.251.96.0;63.251.99.255;33.9771;-84.212
63.251.100.0;63.251.100.127;41.8769;-87.6499
63.251.100.128;63.251.101.255;37.7652;-122.404
63.251.102.0;63.251.102.255;37.3861;-122.084
63.251.103.0;63.251.103.255;41.8769;-87.6499
63.251.104.0;63.251.107.255;33.9771;-84.212
63.251.108.0;63.251.108.255;37.3387;-121.885
63.251.109.0;63.251.109.255;41.8769;-87.6499
63.251.110.0;63.251.111.255;1.35208;103.82
63.251.112.0;63.251.113.255;32.7767;-96.797
63.251.114.0;63.251.115.255;40.7357;-74.1724
63.251.116.0;63.251.116.255;41.8769;-87.6499
63.251.117.0;63.251.117.255;45.5019;-73.5674
63.251.118.0;63.251.119.255;41.8769;-87.6499
63.251.120.0;63.251.120.255;45.5152;-122.678
63.251.121.0;63.251.121.255;41.8769;-87.6499
63.251.122.0;63.251.122.255;41.3874;2.16857
63.251.123.0;63.251.123.255;41.8769;-87.6499
63.251.124.0;63.251.127.255;1.35208;103.82
63.251.128.0;63.251.130.27;42.3601;-71.0589
63.251.130.28;63.251.130.255;42.8033;-71.5491
63.251.131.0;63.251.132.15;42.3601;-71.0589
63.251.132.16;63.251.132.255;42.453;-71.1326
63.251.133.0;63.251.133.255;43.6415;-70.2409
63.251.134.0;63.251.135.159;42.3601;-71.0589
63.251.135.160;63.251.135.255;42.4573;-71.2953
63.251.136.0;63.251.139.255;42.7179;-73.7987
63.251.140.0;63.251.140.255;42.3128;-71.3902
63.251.141.0;63.251.142.255;42.3601;-71.0589
63.251.143.0;63.251.143.255;42.378;-71.0803
63.251.144.0;63.251.144.255;25.6847;-80.3155
63.251.145.0;63.251.145.255;42.3601;-71.0552
63.251.146.0;63.251.146.255;25.7617;-80.1918
63.251.147.0;63.251.147.255;25.7238;-80.3163
63.251.148.0;63.251.149.255;25.7617;-80.1918
63.251.150.0;63.251.150.255;25.7215;-80.2684
63.251.151.0;63.251.151.255;26.167;-80.2566
63.251.152.0;63.251.152.255;25.7722;-80.1868
63.251.153.0;63.251.153.255;25.7617;-80.1918
63.251.154.0;63.251.154.255;25.7675;-80.191
63.251.155.0;63.251.155.255;25.802;-80.3275
63.251.156.0;63.251.156.255;25.7215;-80.2684
63.251.157.0;63.251.157.255;38.627;-90.1994
63.251.158.0;63.251.158.255;19.2991;-81.3744
63.251.159.0;63.251.159.255;25.7617;-80.1918
63.251.160.0;63.251.161.255;47.6144;-122.339
63.251.162.0;63.251.162.255;37.4419;-122.143
63.251.163.0;63.251.163.255;47.6194;-122.348
63.251.164.0;63.251.164.255;47.6194;-122.348
63.251.165.0;63.251.165.255;47.6036;-122.215
63.251.166.0;63.251.166.255;47.5979;-122.329
63.251.167.0;63.251.167.255;47.6062;-122.332
63.251.168.0;63.251.168.255;47.6573;-122.206
63.251.169.0;63.251.169.255;47.6114;-122.333
63.251.170.0;63.251.170.255;47.674;-122.122
63.251.171.0;63.251.173.127;47.6062;-122.332
63.251.173.128;63.251.173.191;47.6194;-122.348
63.251.173.192;63.251.175.255;47.6062;-122.332
63.251.176.0;63.251.176.255;39.7483;-75.5477
63.251.177.0;63.251.177.255;39.5977;-104.893
63.251.178.0;63.251.178.255;39.7483;-75.5477
63.251.179.0;63.251.179.255;38.9677;-119.927
63.251.180.0;63.251.180.255;37.5994;-122.369
63.251.181.0;63.251.181.255;47.6144;-122.339
63.251.182.0;63.251.182.255;33.6218;-111.909
63.251.183.0;63.251.185.255;39.7483;-75.5477
63.251.186.0;63.251.187.255;41.8781;-87.6298
63.251.188.0;63.251.189.255;39.7483;-75.5477
63.251.190.0;63.251.190.255;32.9925;-96.659
63.251.191.0;63.251.191.255;39.7483;-75.5477
63.251.192.0;63.251.192.255;41.0603;-73.5097
63.251.193.0;63.251.193.255;34.0195;-118.491
63.251.194.0;63.251.194.255;34.0504;-118.261
63.251.195.0;63.251.195.255;39.7483;-75.5477
63.251.196.0;63.251.196.255;33.9463;-118.388
63.251.197.0;63.251.200.63;39.7483;-75.5477
63.251.200.64;63.251.200.255;40.1337;-75.3308
63.251.201.0;63.251.201.255;44.5257;-109.06
63.251.202.0;63.251.202.255;34.1531;-118.466
63.251.203.0;63.251.203.255;34.0195;-118.491
63.251.204.0;63.251.204.255;42.3601;-71.0589
63.251.205.0;63.251.205.255;34.0441;-118.468
63.251.206.0;63.251.207.143;39.7483;-75.5477
63.251.207.144;63.251.207.255;33.8933;-118.287
63.251.208.0;63.251.210.63;39.7483;-75.5477
63.251.210.64;63.251.210.255;42.3601;-71.0589
63.251.211.0;63.251.211.255;34.154;-118.647
63.251.212.0;63.251.212.255;34.0135;-117.846
63.251.213.0;63.251.217.255;39.7483;-75.5477
63.251.218.0;63.251.218.255;34.1596;-118.26
63.251.219.0;63.251.219.255;34.0549;-118.243
63.251.220.0;63.251.220.255;44.5257;-109.06
63.251.221.0;63.251.223.255;39.7483;-75.5477
63.251.224.0;63.251.227.255;33.9771;-84.212
63.251.228.0;63.251.228.255;41.8769;-87.6499
63.251.229.0;63.251.229.255;45.5214;-122.681
63.251.230.0;63.251.231.255;41.8769;-87.6499
63.251.232.0;63.251.235.255;52.3676;4.90414
63.251.236.0;63.251.236.255;42.8865;-78.8784
63.251.237.0;63.251.237.255;42.8985;-78.865
63.251.238.0;63.251.239.255;33.9771;-84.212
63.251.240.0;63.251.240.255;37.3387;-121.885
63.251.241.0;63.251.243.255;33.7615;-84.3914
63.251.244.0;63.251.247.255;41.8769;-87.6499
63.251.248.0;63.251.248.175;37.7928;-122.398
63.251.248.176;63.251.249.255;37.3387;-121.885
63.251.250.0;63.251.250.255;32.9996;-96.7981
63.251.251.0;63.251.251.255;37.4063;-121.977
63.251.252.0;63.251.255.255;33.9771;-84.212
63.252.0.0;63.252.0.255;39.7635;-86.1474
63.252.1.0;63.252.2.255;41.9151;-91.6411
63.252.3.0;63.252.3.255;34.7867;-92.3969
63.252.4.0;63.252.4.239;44.9403;-93.1385
63.252.4.240;63.252.5.255;34.7867;-92.3969
63.252.6.0;63.252.6.231;41.9861;-87.6596
63.252.6.232;63.252.7.255;34.7867;-92.3969
63.252.8.0;63.252.8.255;41.6923;-91.5678
63.252.9.0;63.252.9.255;44.9847;-93.2551
63.252.10.0;63.252.10.255;44.9764;-93.2751
63.252.11.0;63.252.12.255;34.7867;-92.3969
63.252.13.0;63.252.13.255;44.8991;-93.2153
63.252.14.0;63.252.14.255;41.8762;-87.6315
63.252.15.0;63.252.19.255;34.7867;-92.3969
63.252.20.0;63.252.20.255;43.108;-87.8951
63.252.21.0;63.252.21.255;41.9151;-91.6411
63.252.22.0;63.252.22.255;34.7867;-92.3969
63.252.23.0;63.252.23.255;41.8884;-87.6355
63.252.24.0;63.252.25.255;34.7867;-92.3969
63.252.26.0;63.252.26.255;40.1356;-87.6447
63.252.27.0;63.252.27.255;34.7867;-92.3969
63.252.28.0;63.252.28.255;41.9417;-88.1543
63.252.29.0;63.252.29.255;42.0507;-92.9168
63.252.30.0;63.252.31.19;34.7867;-92.3969
63.252.31.20;63.252.31.255;42.499;-83.3677
63.252.32.0;63.252.33.31;42.6857;-71.2087
63.252.33.32;63.252.34.63;34.7867;-92.3969
63.252.34.64;63.252.34.151;34.7872;-92.3968
63.252.34.152;63.252.35.255;34.7867;-92.3969
63.252.36.0;63.252.37.255;42.6857;-71.2087
63.252.38.0;63.252.38.255;34.7867;-92.3969
63.252.39.0;63.252.39.255;42.6857;-71.2087
63.252.40.0;63.252.40.255;40.7407;-73.1931
63.252.41.0;63.252.41.255;40.6991;-74.1877
63.252.42.0;63.252.42.255;43.0359;-77.4551
63.252.43.0;63.252.43.255;40.7432;-73.9865
63.252.44.0;63.252.45.255;34.7867;-92.3969
63.252.46.0;63.252.46.255;40.0826;-83.1348
63.252.47.0;63.252.47.255;40.0535;-82.9162
63.252.48.0;63.252.50.23;34.7867;-92.3969
63.252.50.24;63.252.50.235;34.7872;-92.3968
63.252.50.236;63.252.55.255;34.7867;-92.3969
63.252.56.0;63.252.57.7;34.7872;-92.3968
63.252.57.8;63.252.57.255;40.7128;-74.006
63.252.58.0;63.252.58.255;41.4195;-81.7847
63.252.59.0;63.252.59.255;41.7004;-81.3091
63.252.60.0;63.252.60.191;39.9612;-82.9988
63.252.60.192;63.252.62.39;34.7867;-92.3969
63.252.62.40;63.252.62.255;41.1008;-81.5865
63.252.63.0;63.252.71.255;34.7867;-92.3969
63.252.72.0;63.252.73.255;40.0617;-88.2519
63.252.74.0;63.252.76.255;34.7867;-92.3969
63.252.77.0;63.252.77.255;40.0955;-88.1911
63.252.78.0;63.252.78.255;40.1164;-88.2939
63.252.79.0;63.252.79.255;34.7867;-92.3969
63.252.80.0;63.252.80.255;39.8015;-89.6497
63.252.81.0;63.252.81.255;34.7867;-92.3969
63.252.82.0;63.252.82.255;39.7699;-89.6935
63.252.83.0;63.252.83.255;40.1106;-88.2073
63.252.84.0;63.252.85.35;34.7867;-92.3969
63.252.85.36;63.252.85.247;39.8737;-88.9558
63.252.85.248;63.252.86.255;34.7867;-92.3969
63.252.87.0;63.252.87.255;39.8394;-88.9526
63.252.88.0;63.252.88.255;34.7867;-92.3969
63.252.89.0;63.252.89.255;40.6994;-89.6059
63.252.90.0;63.252.91.35;34.7867;-92.3969
63.252.91.36;63.252.91.251;34.7872;-92.3968
63.252.91.252;63.252.92.255;34.7867;-92.3969
63.252.93.0;63.252.93.255;40.134;-88.2402
63.252.94.0;63.252.94.255;34.7867;-92.3969
63.252.95.0;63.252.95.255;34.7872;-92.3968
63.252.96.0;63.252.96.255;38.7052;-90.2242
63.252.97.0;63.252.97.255;38.6407;-90.2588
63.252.98.0;63.252.98.247;38.6497;-90.5404
63.252.98.248;63.252.99.255;34.7867;-92.3969
63.252.100.0;63.252.100.199;38.6367;-90.2138
63.252.100.200;63.252.101.255;34.7867;-92.3969
63.252.102.0;63.252.102.231;38.9258;-90.1528
63.252.102.232;63.252.104.23;34.7867;-92.3969
63.252.104.24;63.252.104.31;39.7684;-86.1581
63.252.104.32;63.252.105.255;34.7867;-92.3969
63.252.106.0;63.252.106.255;40.7831;-73.9713
63.252.107.0;63.252.107.255;39.7351;-86.262
63.252.108.0;63.252.108.239;38.6825;-90.3901
63.252.108.240;63.252.109.255;34.7867;-92.3969
63.252.110.0;63.252.110.255;38.7157;-90.3753
63.252.111.0;63.252.111.207;38.6476;-90.3355
63.252.111.208;63.252.113.55;34.7867;-92.3969
63.252.113.56;63.252.113.195;37.1753;-113.29
63.252.113.196;63.252.115.7;34.7867;-92.3969
63.252.115.8;63.252.115.239;38.6757;-90.1549
63.252.115.240;63.252.117.7;34.7867;-92.3969
63.252.117.8;63.252.117.255;38.6791;-90.3052
63.252.118.0;63.252.118.255;38.5883;-89.956
63.252.119.0;63.252.119.255;38.5407;-90.4597
63.252.120.0;63.252.120.255;30.4466;-84.261
63.252.121.0;63.252.121.255;38.6234;-90.2747
63.252.122.0;63.252.122.255;36.9521;-76.3096
63.252.123.0;63.252.123.255;34.7867;-92.3969
63.252.124.0;63.252.124.167;38.5287;-90.2654
63.252.124.168;63.252.126.123;34.7867;-92.3969
63.252.126.124;63.252.126.235;37.6895;-97.3216
63.252.126.236;63.252.127.255;34.7867;-92.3969
63.252.128.0;63.252.142.255;41.8762;-87.6315
63.252.143.0;63.252.143.255;34.7867;-92.3969
63.252.144.0;63.252.144.255;29.4278;-98.493
63.252.145.0;63.252.145.255;29.6752;-95.4377
63.252.146.0;63.252.146.255;34.7867;-92.3969
63.252.147.0;63.252.147.255;29.9415;-95.4164
63.252.148.0;63.252.148.243;30.2716;-97.7974
63.252.148.244;63.252.149.255;34.7867;-92.3969
63.252.150.0;63.252.150.231;29.5764;-95.1397
63.252.150.232;63.252.152.75;34.7867;-92.3969
63.252.152.76;63.252.152.227;29.8092;-95.4693
63.252.152.228;63.252.154.75;34.7867;-92.3969
63.252.154.76;63.252.154.243;32.4336;-94.932
63.252.154.244;63.252.156.23;34.7867;-92.3969
63.252.156.24;63.252.156.247;30.1866;-97.7709
63.252.156.248;63.252.159.19;34.7867;-92.3969
63.252.159.20;63.252.159.215;29.4774;-98.5849
63.252.159.216;63.252.161.39;34.7867;-92.3969
63.252.161.40;63.252.161.239;44.4976;-88.1221
63.252.161.240;63.252.163.15;34.7867;-92.3969
63.252.163.16;63.252.163.255;40.7128;-74.006
63.252.164.0;63.252.164.255;41.5039;-81.6946
63.252.165.0;63.252.165.255;34.7867;-92.3969
63.252.166.0;63.252.167.255;41.8416;-90.188
63.252.168.0;63.252.168.255;34.7867;-92.3969
63.252.169.0;63.252.169.255;41.6435;-91.5274
63.252.170.0;63.252.171.11;34.7867;-92.3969
63.252.171.12;63.252.171.239;40.7128;-74.006
63.252.171.240;63.252.173.83;34.7867;-92.3969
63.252.173.84;63.252.173.243;39.92;-86.2203
63.252.173.244;63.252.176.63;34.7867;-92.3969
63.252.176.64;63.252.176.243;34.7872;-92.3968
63.252.176.244;63.252.179.15;34.7867;-92.3969
63.252.179.16;63.252.179.251;39.776;-86.1611
63.252.179.252;63.252.182.31;34.7867;-92.3969
63.252.182.32;63.252.182.255;39.9784;-86.118
63.252.183.0;63.252.184.255;34.7867;-92.3969
63.252.185.0;63.252.185.255;44.8825;-93.2839
63.252.186.0;63.252.187.255;34.7867;-92.3969
63.252.188.0;63.252.188.255;41.5668;-90.5686
63.252.189.0;63.252.189.255;42.6055;-83.0307
63.252.190.0;63.252.190.199;39.805;-86.0456
63.252.190.200;63.252.192.7;34.7867;-92.3969
63.252.192.8;63.252.193.255;38.5858;-89.9666
63.252.194.0;63.252.197.79;34.7867;-92.3969
63.252.197.80;63.252.197.223;38.3173;-88.9031
63.252.197.224;63.252.199.11;34.7867;-92.3969
63.252.199.12;63.252.199.255;38.7674;-90.4752
63.252.200.0;63.252.200.255;38.8823;-76.7217
63.252.201.0;63.252.201.211;39.0032;-76.9719
63.252.201.212;63.252.204.255;34.7867;-92.3969
63.252.205.0;63.252.205.255;42.0821;-71.0156
63.252.206.0;63.252.208.15;34.7867;-92.3969
63.252.208.16;63.252.208.223;38.5841;-90.4067
63.252.208.224;63.252.210.3;34.7867;-92.3969
63.252.210.4;63.252.210.255;38.9506;-92.2962
63.252.211.0;63.252.211.255;38.9239;-90.1842
63.252.212.0;63.252.214.23;34.7867;-92.3969
63.252.214.24;63.252.214.239;43.6007;-116.385
63.252.214.240;63.252.221.47;34.7867;-92.3969
63.252.221.48;63.252.221.55;33.5564;-111.898
63.252.221.56;63.252.223.255;34.7867;-92.3969
63.252.224.0;63.252.224.255;41.9151;-91.6411
63.252.225.0;63.252.226.255;40.1671;-87.6308
63.252.227.0;63.252.227.255;34.7867;-92.3969
63.252.228.0;63.252.230.255;41.8781;-87.6298
63.252.231.0;63.252.231.255;38.5816;-121.494
63.252.232.0;63.252.235.255;41.8781;-87.6298
63.252.236.0;63.252.236.255;40.6751;-89.568
63.252.237.0;63.252.237.255;34.7867;-92.3969
63.252.238.0;63.252.239.255;41.9151;-91.6411
63.252.240.0;63.252.247.255;41.8781;-87.6298
63.252.248.0;63.252.249.15;34.7867;-92.3969
63.252.249.16;63.252.249.207;40.6929;-89.5921
63.252.249.208;63.252.252.15;34.7867;-92.3969
63.252.252.16;63.252.252.223;41.9772;-91.6659
63.252.252.224;63.252.253.255;34.7867;-92.3969
63.252.254.0;63.252.254.255;34.1031;-84.2401
63.252.255.0;63.252.255.255;39.8002;-89.6476
63.253.0.0;63.253.0.207;45.5246;-122.68
63.253.0.208;63.253.2.7;34.7867;-92.3969
63.253.2.8;63.253.2.255;47.2343;-122.365
63.253.3.0;63.253.3.255;34.7867;-92.3969
63.253.4.0;63.253.4.255;47.6871;-117.255
63.253.5.0;63.253.6.11;34.7867;-92.3969
63.253.6.12;63.253.6.255;45.4889;-122.674
63.253.7.0;63.253.8.7;34.7867;-92.3969
63.253.8.8;63.253.8.247;45.5268;-122.682
63.253.8.248;63.253.10.35;34.7867;-92.3969
63.253.10.36;63.253.10.247;45.5187;-122.611
63.253.10.248;63.253.12.111;34.7867;-92.3969
63.253.12.112;63.253.12.247;47.6181;-122.201
63.253.12.248;63.253.13.255;34.7867;-92.3969
63.253.14.0;63.253.14.231;47.6078;-122.335
63.253.14.232;63.253.19.7;34.7867;-92.3969
63.253.19.8;63.253.19.255;45.4503;-122.788
63.253.20.0;63.253.21.255;34.7867;-92.3969
63.253.22.0;63.253.22.255;47.6491;-122.355
63.253.23.0;63.253.23.255;34.7867;-92.3969
63.253.24.0;63.253.24.255;46.1127;-122.904
63.253.25.0;63.253.25.255;47.3986;-122.227
63.253.26.0;63.253.27.191;34.7867;-92.3969
63.253.27.192;63.253.27.255;43.0358;-77.455
63.253.28.0;63.253.29.135;34.7867;-92.3969
63.253.29.136;63.253.29.247;47.4185;-122.245
63.253.29.248;63.253.31.31;34.7867;-92.3969
63.253.31.32;63.253.31.255;40.7128;-74.006
63.253.32.0;63.253.32.255;41.9151;-91.6411
63.253.33.0;63.253.33.255;40.669;-111.825
63.253.34.0;63.253.34.255;34.7867;-92.3969
63.253.35.0;63.253.35.255;43.5788;-116.213
63.253.36.0;63.253.36.255;34.7867;-92.3969
63.253.37.0;63.253.37.239;40.6861;-111.857
63.253.37.240;63.253.39.7;34.7867;-92.3969
63.253.39.8;63.253.39.231;40.6732;-111.865
63.253.39.232;63.253.41.47;34.7867;-92.3969
63.253.41.48;63.253.41.251;40.5348;-112.343
63.253.41.252;63.253.42.255;34.7867;-92.3969
63.253.43.0;63.253.43.255;40.648;-111.903
63.253.44.0;63.253.45.63;34.7867;-92.3969
63.253.45.64;63.253.45.255;41.737;-111.834
63.253.46.0;63.253.46.255;40.6568;-111.906
63.253.47.0;63.253.47.255;41.31;-112.017
63.253.48.0;63.253.48.255;43.5903;-116.227
63.253.49.0;63.253.49.255;40.3648;-111.715
63.253.50.0;63.253.50.255;40.6157;-112
63.253.51.0;63.253.51.255;44.0793;-117.066
63.253.52.0;63.253.53.11;34.7867;-92.3969
63.253.53.12;63.253.53.255;37.11;-113.583
63.253.54.0;63.253.56.23;34.7867;-92.3969
63.253.56.24;63.253.56.255;40.7628;-111.867
63.253.57.0;63.253.57.255;40.6251;-111.841
63.253.58.0;63.253.59.7;34.7867;-92.3969
63.253.59.8;63.253.59.247;32.8666;-97.3657
63.253.59.248;63.253.61.255;34.7867;-92.3969
63.253.62.0;63.253.62.255;40.7408;-111.953
63.253.63.0;63.253.63.255;34.7867;-92.3969
63.253.64.0;63.253.64.255;40.5327;-105.073
63.253.65.0;63.253.66.255;34.7867;-92.3969
63.253.67.0;63.253.67.248;39.754;-104.754
63.253.67.249;63.253.69.31;34.7867;-92.3969
63.253.69.32;63.253.69.255;39.5432;-104.863
63.253.70.0;63.253.70.255;34.7867;-92.3969
63.253.71.0;63.253.71.199;39.7135;-105.138
63.253.71.200;63.253.72.255;34.7867;-92.3969
63.253.73.0;63.253.73.239;34.7872;-92.3968
63.253.73.240;63.253.79.47;34.7867;-92.3969
63.253.79.48;63.253.79.255;39.7862;-105.087
63.253.80.0;63.253.80.255;39.709;-105.116
63.253.81.0;63.253.82.23;34.7867;-92.3969
63.253.82.24;63.253.82.255;39.7886;-104.987
63.253.83.0;63.253.84.255;34.7867;-92.3969
63.253.85.0;63.253.85.255;39.7474;-104.992
63.253.86.0;63.253.86.247;40.4081;-105.023
63.253.86.248;63.253.88.31;34.7867;-92.3969
63.253.88.32;63.253.88.251;39.7555;-105.221
63.253.88.252;63.253.90.15;34.7867;-92.3969
63.253.90.16;63.253.90.255;39.7457;-104.993
63.253.91.0;63.253.91.247;38.8084;-104.821
63.253.91.248;63.253.93.7;34.7867;-92.3969
63.253.93.8;63.253.93.255;39.6394;-105.081
63.253.94.0;63.253.94.239;40.5751;-105.004
63.253.94.240;63.253.96.7;34.7867;-92.3969
63.253.96.8;63.253.96.247;40.019;-105.273
63.253.96.248;63.253.98.55;34.7867;-92.3969
63.253.98.56;63.253.98.255;38.333;-104.621
63.253.99.0;63.253.99.255;39.5624;-104.876
63.253.100.0;63.253.100.207;39.7661;-105.077
63.253.100.208;63.253.101.255;34.7867;-92.3969
63.253.102.0;63.253.102.255;39.743;-104.986
63.253.103.0;63.253.103.255;39.7672;-105.104
63.253.104.0;63.253.104.255;34.7867;-92.3969
63.253.105.0;63.253.105.223;39.7282;-104.987
63.253.105.224;63.253.107.119;34.7867;-92.3969
63.253.107.120;63.253.107.255;39.6084;-104.895
63.253.108.0;63.253.108.255;40.4223;-105.095
63.253.109.0;63.253.109.255;39.5752;-104.997
63.253.110.0;63.253.110.239;39.5912;-104.864
63.253.110.240;63.253.112.15;34.7867;-92.3969
63.253.112.16;63.253.112.231;41.807;-88.1068
63.253.112.232;63.253.113.255;34.7867;-92.3969
63.253.114.0;63.253.114.255;40.5881;-105.043
63.253.115.0;63.253.115.255;41.9151;-91.6411
63.253.116.0;63.253.117.59;34.7867;-92.3969
63.253.117.60;63.253.117.235;38.7916;-104.86
63.253.117.236;63.253.119.11;34.7867;-92.3969
63.253.119.12;63.253.119.243;34.7872;-92.3968
63.253.119.244;63.253.120.255;34.7867;-92.3969
63.253.121.0;63.253.121.199;38.6672;-89.9951
63.253.121.200;63.253.126.31;34.7867;-92.3969
63.253.126.32;63.253.126.255;38.8886;-104.756
63.253.127.0;63.253.127.255;38.8324;-104.815
63.253.128.0;63.253.128.7;35.1437;-106.551
63.253.128.8;63.253.129.255;34.7867;-92.3969
63.253.130.0;63.253.130.239;42.5923;-83.1661
63.253.130.240;63.253.132.3;34.7867;-92.3969
63.253.132.4;63.253.132.255;34.7872;-92.3968
63.253.133.0;63.253.133.255;35.1021;-106.655
63.253.134.0;63.253.135.39;34.7867;-92.3969
63.253.135.40;63.253.135.255;35.3657;-106.112
63.253.136.0;63.253.136.255;35.6888;-105.938
63.253.137.0;63.253.138.23;34.7867;-92.3969
63.253.138.24;63.253.138.255;35.1537;-106.523
63.253.139.0;63.253.141.31;34.7867;-92.3969
63.253.141.32;63.253.141.255;35.0844;-106.65
63.253.142.0;63.253.142.247;33.4509;-112.202
63.253.142.248;63.253.144.23;34.7867;-92.3969
63.253.144.24;63.253.144.247;33.2911;-111.841
63.253.144.248;63.253.145.255;34.7867;-92.3969
63.253.146.0;63.253.146.231;33.4518;-112.355
63.253.146.232;63.253.148.127;34.7867;-92.3969
63.253.148.128;63.253.148.131;33.4356;-112.35
63.253.148.132;63.253.150.175;34.7867;-92.3969
63.253.150.176;63.253.150.255;33.48;-111.996
63.253.151.0;63.253.151.255;32.3416;-110.976
63.253.152.0;63.253.152.255;33.5082;-112.095
63.253.153.0;63.253.153.255;35.1273;-106.62
63.253.154.0;63.253.155.7;34.7867;-92.3969
63.253.155.8;63.253.155.247;33.4229;-112.026
63.253.155.248;63.253.157.31;34.7867;-92.3969
63.253.157.32;63.253.157.255;33.6317;-111.903
63.253.158.0;63.253.158.255;33.5345;-111.927
63.253.159.0;63.253.161.7;34.7867;-92.3969
63.253.161.8;63.253.161.255;35.1027;-106.6
63.253.162.0;63.253.162.255;41.4697;-87.0616
63.253.163.0;63.253.163.255;35.103;-106.707
63.253.164.0;63.253.164.255;33.4001;-111.859
63.253.165.0;63.253.165.255;33.4657;-112.081
63.253.166.0;63.253.166.255;35.1227;-106.634
63.253.167.0;63.253.168.7;34.7867;-92.3969
63.253.168.8;63.253.168.239;33.6389;-111.892
63.253.168.240;63.253.170.19;34.7867;-92.3969
63.253.170.20;63.253.170.255;33.2763;-111.839
63.253.171.0;63.253.171.207;33.4482;-112.078
63.253.171.208;63.253.172.255;34.7867;-92.3969
63.253.173.0;63.253.173.255;35.1005;-106.667
63.253.174.0;63.253.174.255;33.6033;-112.263
63.253.175.0;63.253.178.63;34.7867;-92.3969
63.253.178.64;63.253.178.223;37.3371;-121.889
63.253.178.224;63.253.180.63;34.7867;-92.3969
63.253.180.64;63.253.180.255;35.114;-106.614
63.253.181.0;63.253.181.255;35.112;-106.63
63.253.182.0;63.253.182.251;35.1218;-106.641
63.253.182.252;63.253.184.63;34.7867;-92.3969
63.253.184.64;63.253.184.255;35.0844;-106.65
63.253.185.0;63.253.185.255;35.1707;-106.589
63.253.186.0;63.253.186.255;34.7867;-92.3969
63.253.187.0;63.253.187.231;35.0534;-106.623
63.253.187.232;63.253.190.27;34.7867;-92.3969
63.253.190.28;63.253.190.227;35.6866;-105.955
63.253.190.228;63.253.192.15;34.7867;-92.3969
63.253.192.16;63.253.192.255;41.6398;-81.4065
63.253.193.0;63.253.193.255;40.0545;-83.1325
63.253.194.0;63.253.194.255;34.7867;-92.3969
63.253.195.0;63.253.195.255;41.3951;-81.4619
63.253.196.0;63.253.196.255;34.7867;-92.3969
63.253.197.0;63.253.197.255;43.0359;-77.4551
63.253.198.0;63.253.200.39;34.7867;-92.3969
63.253.200.40;63.253.200.255;41.6731;-81.3647
63.253.201.0;63.253.202.155;34.7867;-92.3969
63.253.202.156;63.253.202.255;34.7872;-92.3968
63.253.203.0;63.253.203.255;41.4195;-81.7847
63.253.204.0;63.253.204.255;34.7867;-92.3969
63.253.205.0;63.253.205.251;39.9975;-83.0073
63.253.205.252;63.253.211.255;34.7867;-92.3969
63.253.212.0;63.253.212.255;39.8229;-86.2235
63.253.213.0;63.253.215.3;34.7867;-92.3969
63.253.215.4;63.253.215.247;41.6898;-81.2873
63.253.215.248;63.253.219.19;34.7867;-92.3969
63.253.219.20;63.253.219.255;34.788;-92.3937
63.253.220.0;63.253.220.255;41.9151;-91.6411
63.253.221.0;63.253.223.7;34.7867;-92.3969
63.253.223.8;63.253.223.223;43.0417;-83.309
63.253.223.224;63.253.225.15;34.7867;-92.3969
63.253.225.16;63.253.225.255;41.4477;-81.8171
63.253.226.0;63.253.226.255;34.7867;-92.3969
63.253.227.0;63.253.227.159;41.4685;-81.9064
63.253.227.160;63.253.229.47;34.7867;-92.3969
63.253.229.48;63.253.229.191;40.0015;-82.8483
63.253.229.192;63.253.230.255;34.7867;-92.3969
63.253.231.0;63.253.231.247;41.4394;-81.8006
63.253.231.248;63.253.233.127;34.7867;-92.3969
63.253.233.128;63.253.233.191;43.0359;-77.4551
63.253.233.192;63.253.234.255;34.7867;-92.3969
63.253.235.0;63.253.235.255;41.3933;-81.6592
63.253.236.0;63.253.236.255;41.6619;-81.359
63.253.237.0;63.253.238.23;34.7867;-92.3969
63.253.238.24;63.253.238.255;39.985;-83.0235
63.253.239.0;63.253.239.255;41.4948;-81.463
63.253.240.0;63.253.241.255;34.7867;-92.3969
63.253.242.0;63.253.242.255;39.7232;-104.823
63.253.243.0;63.253.244.87;34.7867;-92.3969
63.253.244.88;63.253.244.255;39.7513;-104.993
63.253.245.0;63.253.245.255;39.7041;-104.827
63.253.246.0;63.253.246.255;43.615;-116.202
63.253.247.0;63.253.248.107;34.7867;-92.3969
63.253.248.108;63.253.248.255;39.6787;-104.941
63.253.249.0;63.253.249.255;39.623;-104.896
63.253.250.0;63.253.250.255;40.0141;-105.127
63.253.251.0;63.253.251.223;40.5301;-104.982
63.253.251.224;63.253.253.255;34.7867;-92.3969
63.253.254.0;63.253.254.255;39.5687;-104.966
63.253.255.0;63.254.0.47;34.7867;-92.3969
63.254.0.48;63.254.0.255;40.7128;-74.006
63.254.1.0;63.254.1.255;41.6457;-93.7649
63.254.2.0;63.254.4.255;34.7867;-92.3969
63.254.5.0;63.254.5.255;44.8897;-93.35
63.254.6.0;63.254.7.255;34.7867;-92.3969
63.254.8.0;63.254.8.179;43.5515;-96.7251
63.254.8.180;63.254.11.255;34.7867;-92.3969
63.254.12.0;63.254.12.255;34.7872;-92.3968
63.254.13.0;63.254.13.255;34.7867;-92.3969
63.254.14.0;63.254.14.255;35.2518;-90.7769
63.254.15.0;63.254.15.255;34.7867;-92.3969
63.254.16.0;63.254.16.255;41.262;-96.1876
63.254.17.0;63.254.17.253;32.9101;-96.9267
63.254.17.254;63.254.18.255;32.7782;-96.7989
63.254.19.0;63.254.19.255;33.5922;-102.368
63.254.20.0;63.254.20.251;41.266;-96.1377
63.254.20.252;63.254.22.3;34.7867;-92.3969
63.254.22.4;63.254.22.255;41.6459;-93.7748
63.254.23.0;63.254.23.255;41.57;-97.8647
63.254.24.0;63.254.24.255;40.0919;-83.109
63.254.25.0;63.254.26.255;34.7867;-92.3969
63.254.27.0;63.254.27.255;41.5143;-81.6678
63.254.28.0;63.254.28.255;25.7514;-80.2623
63.254.29.0;63.254.29.255;34.7867;-92.3969
63.254.30.0;63.254.30.127;28.429;-81.4086
63.254.30.128;63.254.32.255;34.7867;-92.3969
63.254.33.0;63.254.33.223;44.9737;-93.2474
63.254.33.224;63.254.35.79;34.7867;-92.3969
63.254.35.80;63.254.35.255;44.9688;-93.3453
63.254.36.0;63.254.37.55;34.7867;-92.3969
63.254.37.56;63.254.37.255;44.9571;-93.1042
63.254.38.0;63.254.39.15;34.7867;-92.3969
63.254.39.16;63.254.39.255;45.02;-93.1913
63.254.40.0;63.254.41.63;34.7867;-92.3969
63.254.41.64;63.254.41.255;41.9151;-91.6411
63.254.42.0;63.254.42.255;34.7867;-92.3969
63.254.43.0;63.254.43.255;45.013;-93.1814
63.254.44.0;63.254.44.255;41.9151;-91.6411
63.254.45.0;63.254.45.247;45.0201;-93.2093
63.254.45.248;63.254.46.255;34.7867;-92.3969
63.254.47.0;63.254.47.255;46.9088;-98.7085
63.254.48.0;63.254.49.47;34.7867;-92.3969
63.254.49.48;63.254.49.255;45.197;-93.3497
63.254.50.0;63.254.51.23;34.7867;-92.3969
63.254.51.24;63.254.51.251;44.9242;-93.4118
63.254.51.252;63.254.52.255;34.7867;-92.3969
63.254.53.0;63.254.53.255;44.9781;-93.2668
63.254.54.0;63.254.54.247;44.8535;-93.3567
63.254.54.248;63.254.58.255;34.7867;-92.3969
63.254.59.0;63.254.59.255;44.8941;-93.0337
63.254.60.0;63.254.61.7;34.7867;-92.3969
63.254.61.8;63.254.61.235;41.4718;-90.4422
63.254.61.236;63.254.64.255;34.7867;-92.3969
63.254.65.0;63.254.65.255;42.0079;-93.6155
63.254.66.0;63.254.66.255;38.9555;-94.6701
63.254.67.0;63.254.68.255;34.7867;-92.3969
63.254.69.0;63.254.69.255;44.9781;-93.2668
63.254.70.0;63.254.70.255;38.8475;-94.7242
63.254.71.0;63.254.73.127;34.7867;-92.3969
63.254.73.128;63.254.73.199;39.1286;-94.5653
63.254.73.200;63.254.75.71;34.7867;-92.3969
63.254.75.72;63.254.75.255;38.9249;-94.6283
63.254.76.0;63.254.76.255;39.0795;-94.5837
63.254.77.0;63.254.77.255;39.1346;-94.6127
63.254.78.0;63.254.78.255;38.5929;-89.9328
63.254.79.0;63.254.80.23;34.7867;-92.3969
63.254.80.24;63.254.80.215;41.933;-91.7196
63.254.80.216;63.254.82.15;34.7867;-92.3969
63.254.82.16;63.254.82.255;41.976;-91.6645
63.254.83.0;63.254.83.255;34.7867;-92.3969
63.254.84.0;63.254.85.255;41.6785;-91.5943
63.254.86.0;63.254.86.255;34.7867;-92.3969
63.254.87.0;63.254.87.255;41.5788;-90.5602
63.254.88.0;63.254.89.7;34.7867;-92.3969
63.254.89.8;63.254.89.255;41.6907;-91.6029
63.254.90.0;63.254.91.255;41.6785;-91.5943
63.254.92.0;63.254.98.255;34.7867;-92.3969
63.254.99.0;63.254.99.255;41.4652;-90.4728
63.254.100.0;63.254.100.255;34.7867;-92.3969
63.254.101.0;63.254.101.255;41.4906;-90.4758
63.254.102.0;63.254.102.255;42.7334;-92.5036
63.254.103.0;63.254.103.255;41.4895;-90.4817
63.254.104.0;63.254.104.255;34.7867;-92.3969
63.254.105.0;63.254.105.255;34.7872;-92.3968
63.254.106.0;63.254.106.191;41.5365;-90.5701
63.254.106.192;63.254.108.39;34.7867;-92.3969
63.254.108.40;63.254.108.255;42.4704;-92.3553
63.254.109.0;63.254.109.255;34.7867;-92.3969
63.254.110.0;63.254.111.255;41.6785;-91.5943
63.254.112.0;63.254.112.255;47.3168;-122.311
63.254.113.0;63.254.113.255;47.6142;-122.335
63.254.114.0;63.254.114.255;34.7867;-92.3969
63.254.115.0;63.254.115.255;47.0591;-122.769
63.254.116.0;63.254.117.7;34.7867;-92.3969
63.254.117.8;63.254.117.255;47.0607;-122.769
63.254.118.0;63.254.118.231;47.6308;-117.59
63.254.118.232;63.254.119.255;34.7867;-92.3969
63.254.120.0;63.254.120.63;47.605;-122.334
63.254.120.64;63.254.122.19;34.7867;-92.3969
63.254.122.20;63.254.122.247;43.6488;-116.656
63.254.122.248;63.254.124.3;34.7867;-92.3969
63.254.124.4;63.254.124.255;45.616;-122.628
63.254.125.0;63.254.125.247;47.476;-122.257
63.254.125.248;63.254.126.255;34.7867;-92.3969
63.254.127.0;63.254.127.255;47.4357;-122.236
63.254.128.0;63.254.130.31;34.788;-92.3937
63.254.130.32;63.254.130.255;42.502;-90.6675
63.254.131.0;63.254.131.255;34.788;-92.3937
63.254.132.0;63.254.132.255;41.6383;-93.7751
63.254.133.0;63.254.135.255;34.788;-92.3937
63.254.136.0;63.254.136.231;43.5664;-96.7108
63.254.136.232;63.254.139.255;34.788;-92.3937
63.254.140.0;63.254.140.254;41.6457;-93.7649
63.254.140.255;63.254.143.7;34.788;-92.3937
63.254.143.8;63.254.143.255;42.4584;-92.3756
63.254.144.0;63.254.151.255;47.4815;-122.246
63.254.152.0;63.254.155.255;42.6569;-71.1408
63.254.156.0;63.254.159.255;40.099;-75.4691
63.254.160.0;63.254.160.255;30.3607;-97.6879
63.254.161.0;63.254.161.255;30.3866;-97.7146
63.254.162.0;63.254.162.247;29.6603;-95.5712
63.254.162.248;63.254.163.255;34.7867;-92.3969
63.254.164.0;63.254.164.255;29.5359;-98.2488
63.254.165.0;63.254.166.7;34.7867;-92.3969
63.254.166.8;63.254.166.255;29.6756;-95.4942
63.254.167.0;63.254.169.31;34.7867;-92.3969
63.254.169.32;63.254.169.255;29.3552;-98.5302
63.254.170.0;63.254.170.255;29.8241;-95.4067
63.254.171.0;63.254.172.63;34.7867;-92.3969
63.254.172.64;63.254.173.227;41.9151;-91.6411
63.254.173.228;63.254.176.15;34.7867;-92.3969
63.254.176.16;63.254.176.247;29.8409;-95.396
63.254.176.248;63.254.178.95;34.7867;-92.3969
63.254.178.96;63.254.178.255;30.2758;-97.7653
63.254.179.0;63.254.179.255;29.5715;-98.5985
63.254.180.0;63.254.181.31;34.7867;-92.3969
63.254.181.32;63.254.181.255;30.1591;-95.47
63.254.182.0;63.254.183.47;34.7867;-92.3969
63.254.183.48;63.254.183.227;30.341;-97.7045
63.254.183.228;63.254.185.255;34.7867;-92.3969
63.254.186.0;63.254.186.255;29.9868;-95.4894
63.254.187.0;63.254.187.255;29.2927;-98.5488
63.254.188.0;63.254.188.255;34.7867;-92.3969
63.254.189.0;63.254.189.255;29.8649;-95.5802
63.254.190.0;63.254.191.255;34.7867;-92.3969
63.254.192.0;63.254.207.255;43.0359;-77.4551
63.254.208.0;63.254.208.255;34.7872;-92.3968
63.254.209.0;63.254.209.251;41.0821;-81.5147
63.254.209.252;63.254.211.63;34.7872;-92.3968
63.254.211.64;63.254.211.175;41.3957;-81.6422
63.254.211.176;63.254.212.255;34.7872;-92.3968
63.254.213.0;63.254.213.243;38.4783;-89.9404
63.254.213.244;63.254.214.255;34.7872;-92.3968
63.254.215.0;63.254.215.255;40.7128;-74.006
63.254.216.0;63.254.218.255;34.7872;-92.3968
63.254.219.0;63.254.219.127;38.542;-90.02
63.254.219.128;63.254.220.255;34.7872;-92.3968
63.254.221.0;63.254.221.255;38.5254;-90.3339
63.254.222.0;63.254.222.255;37.971;-87.7266
63.254.223.0;63.254.223.255;38.5481;-89.9848
63.254.224.0;63.254.224.255;39.9376;-86.0273
63.254.225.0;63.254.225.255;34.7872;-92.3968
63.254.226.0;63.254.227.255;40.3019;-88.1594
63.254.228.0;63.254.229.7;34.7872;-92.3968
63.254.229.8;63.254.229.255;39.9738;-82.8967
63.254.230.0;63.254.230.255;41.4333;-81.7986
63.254.231.0;63.254.231.255;39.8223;-86.1503
63.254.232.0;63.254.232.239;39.9359;-86.0266
63.254.232.240;63.254.234.7;34.7872;-92.3968
63.254.234.8;63.254.234.255;40.4764;-86.1149
63.254.235.0;63.254.235.255;34.7872;-92.3968
63.254.236.0;63.254.236.255;41.4588;-81.4874
63.254.237.0;63.254.238.151;34.7872;-92.3968
63.254.238.152;63.254.238.255;39.9134;-86.0757
63.254.239.0;63.254.239.255;40.2279;-85.3897
63.254.240.0;63.254.240.255;39.7825;-105.062
63.254.241.0;63.254.241.223;39.7237;-104.894
63.254.241.224;63.254.242.255;34.7872;-92.3968
63.254.243.0;63.254.243.255;38.8812;-104.718
63.254.244.0;63.254.245.35;34.7872;-92.3968
63.254.245.36;63.254.245.235;39.7392;-104.99
63.254.245.236;63.254.247.47;34.7872;-92.3968
63.254.247.48;63.254.247.255;40.1475;-105.124
63.254.248.0;63.254.248.255;34.7872;-92.3968
63.254.249.0;63.254.249.255;39.8079;-104.971
63.254.250.0;63.254.251.15;34.7872;-92.3968
63.254.251.16;63.254.251.255;39.7185;-104.952
63.254.252.0;63.254.252.255;38.8887;-104.794
63.254.253.0;63.254.253.255;34.7872;-92.3968
63.254.254.0;63.254.254.255;39.7184;-105.132
63.254.255.0;63.254.255.255;39.6915;-104.941
63.255.0.0;63.255.0.255;39.6796;-104.959
63.255.1.0;63.255.2.255;41.9151;-91.6411
63.255.3.0;63.255.3.255;39.662;-104.848
63.255.4.0;63.255.4.255;38.7811;-90.3297
63.255.5.0;63.255.6.15;34.7872;-92.3968
63.255.6.16;63.255.6.255;39.7396;-105.117
63.255.7.0;63.255.8.3;34.7872;-92.3968
63.255.8.4;63.255.8.255;39.5974;-104.878
63.255.9.0;63.255.9.255;39.7387;-105.084
63.255.10.0;63.255.11.7;34.7872;-92.3968
63.255.11.8;63.255.11.255;39.9135;-104.943
63.255.12.0;63.255.12.255;39.8008;-104.975
63.255.13.0;63.255.14.15;34.7872;-92.3968
63.255.14.16;63.255.14.255;40.015;-105.271
63.255.15.0;63.255.15.255;39.7392;-104.99
63.255.16.0;63.255.16.231;40.4318;-105.077
63.255.16.232;63.255.18.19;34.7872;-92.3968
63.255.18.20;63.255.18.251;39.6054;-104.893
63.255.18.252;63.255.19.255;34.7872;-92.3968
63.255.20.0;63.255.20.255;39.585;-104.88
63.255.21.0;63.255.21.255;34.7872;-92.3968
63.255.22.0;63.255.22.255;39.5962;-105.109
63.255.23.0;63.255.23.247;38.8878;-104.793
63.255.23.248;63.255.25.3;34.7872;-92.3968
63.255.25.4;63.255.25.255;39.7392;-104.99
63.255.26.0;63.255.26.255;39.6991;-104.986
63.255.27.0;63.255.27.211;39.7129;-105.135
63.255.27.212;63.255.29.15;34.7872;-92.3968
63.255.29.16;63.255.29.247;39.6557;-104.903
63.255.29.248;63.255.30.255;34.7872;-92.3968
63.255.31.0;63.255.31.255;39.4006;-104.88
63.255.32.0;63.255.34.255;34.7872;-92.3968
63.255.35.0;63.255.36.3;40.7128;-74.006
63.255.36.4;63.255.36.255;34.788;-92.3937
63.255.37.0;63.255.38.11;34.7872;-92.3968
63.255.38.12;63.255.38.255;38.905;-104.826
63.255.39.0;63.255.39.247;38.2706;-104.61
63.255.39.248;63.255.41.19;34.7872;-92.3968
63.255.41.20;63.255.41.239;38.8339;-104.821
63.255.41.240;63.255.43.3;34.7872;-92.3968
63.255.43.4;63.255.43.255;38.9976;-104.794
63.255.44.0;63.255.44.243;38.323;-104.613
63.255.44.244;63.255.45.255;34.7872;-92.3968
63.255.46.0;63.255.46.255;38.323;-104.613
63.255.47.0;63.255.47.255;34.7872;-92.3968
63.255.48.0;63.255.48.251;41.8781;-87.6298
63.255.48.252;63.255.49.255;34.7872;-92.3968
63.255.50.0;63.255.50.231;41.8781;-87.6298
63.255.50.232;63.255.51.255;34.7872;-92.3968
63.255.52.0;63.255.52.255;42.3826;-87.8591
63.255.53.0;63.255.54.23;34.7872;-92.3968
63.255.54.24;63.255.54.255;42.1806;-87.9348
63.255.55.0;63.255.55.255;41.8822;-87.6302
63.255.56.0;63.255.56.255;34.7872;-92.3968
63.255.57.0;63.255.57.255;40.7631;-73.9791
63.255.58.0;63.255.60.255;34.7872;-92.3968
63.255.61.0;63.255.61.255;38.3077;-104.661
63.255.62.0;63.255.63.31;34.7872;-92.3968
63.255.63.32;63.255.63.255;38.2706;-104.61
63.255.64.0;63.255.64.255;35.1476;-106.549
63.255.65.0;63.255.65.255;35.1637;-106.599
63.255.66.0;63.255.66.255;34.7872;-92.3968
63.255.67.0;63.255.67.255;35.1247;-106.587
63.255.68.0;63.255.68.255;35.0844;-106.65
63.255.69.0;63.255.71.255;34.7872;-92.3968
63.255.72.0;63.255.72.255;39.1354;-94.5817
63.255.73.0;63.255.73.255;38.8833;-94.7948
63.255.74.0;63.255.75.7;34.7872;-92.3968
63.255.75.8;63.255.75.255;39.0212;-94.2852
63.255.76.0;63.255.77.255;34.7872;-92.3968
63.255.78.0;63.255.78.255;35.0844;-106.65
63.255.79.0;63.255.79.255;35.0935;-106.569
63.255.80.0;63.255.80.255;35.107;-106.595
63.255.81.0;63.255.81.255;34.7872;-92.3968
63.255.82.0;63.255.83.3;29.7621;-95.4621
63.255.83.4;63.255.83.247;29.4671;-98.6259
63.255.83.248;63.255.85.7;34.7872;-92.3968
63.255.85.8;63.255.85.255;32.7767;-96.797
63.255.86.0;63.255.86.255;34.7872;-92.3968
63.255.87.0;63.255.87.255;29.6375;-98.4508
63.255.88.0;63.255.88.215;44.9616;-93.2763
63.255.88.216;63.255.89.255;34.7872;-92.3968
63.255.90.0;63.255.90.255;34.7867;-92.3969
63.255.91.0;63.255.91.255;35.0844;-106.65
63.255.92.0;63.255.93.255;34.7872;-92.3968
63.255.94.0;63.255.94.255;34.7867;-92.3969
63.255.95.0;63.255.95.255;34.7872;-92.3968
63.255.96.0;63.255.96.255;33.4028;-112.006
63.255.97.0;63.255.97.255;41.9151;-91.6411
63.255.98.0;63.255.98.255;34.7872;-92.3968
63.255.99.0;63.255.99.255;32.7767;-96.797
63.255.100.0;63.255.100.251;33.4413;-112.177
63.255.100.252;63.255.102.7;34.7872;-92.3968
63.255.102.8;63.255.102.255;32.7767;-96.797
63.255.103.0;63.255.103.255;33.5319;-112.264
63.255.104.0;63.255.104.255;34.7872;-92.3968
63.255.105.0;63.255.105.247;33.3214;-111.978
63.255.105.248;63.255.106.255;34.7872;-92.3968
63.255.107.0;63.255.107.255;33.4462;-112.175
63.255.108.0;63.255.108.255;34.0549;-118.243
63.255.109.0;63.255.109.255;33.3947;-111.876
63.255.110.0;63.255.112.7;34.7872;-92.3968
63.255.112.8;63.255.112.255;33.4255;-111.94
63.255.113.0;63.255.113.255;33.3774;-111.908
63.255.114.0;63.255.114.255;33.6434;-111.901
63.255.115.0;63.255.116.19;34.7872;-92.3968
63.255.116.20;63.255.116.215;33.4807;-111.944
63.255.116.216;63.255.118.23;34.7872;-92.3968
63.255.118.24;63.255.118.231;33.4664;-111.908
63.255.118.232;63.255.120.7;34.7872;-92.3968
63.255.120.8;63.255.120.215;32.7767;-96.797
63.255.120.216;63.255.122.35;34.7872;-92.3968
63.255.122.36;63.255.122.247;33.7488;-84.3877
63.255.122.248;63.255.123.255;34.7872;-92.3968
63.255.124.0;63.255.124.255;34.7867;-92.3969
63.255.125.0;63.255.126.7;34.7872;-92.3968
63.255.126.8;63.255.126.255;33.4447;-111.957
63.255.127.0;63.255.127.255;33.7488;-84.3877
63.255.128.0;63.255.128.251;47.6062;-122.332
63.255.128.252;63.255.129.255;34.7872;-92.3968
63.255.130.0;63.255.130.255;34.788;-92.3937
63.255.131.0;63.255.131.255;34.0549;-118.243
63.255.132.0;63.255.132.255;34.788;-92.3937
63.255.133.0;63.255.133.255;46.1309;-122.935
63.255.134.0;63.255.134.255;34.7867;-92.3969
63.255.135.0;63.255.136.7;34.7872;-92.3968
63.255.136.8;63.255.137.3;41.8781;-87.6298
63.255.137.4;63.255.137.255;34.7872;-92.3968
63.255.138.0;63.255.138.255;41.8781;-87.6298
63.255.139.0;63.255.139.255;47.0341;-122.931
63.255.140.0;63.255.140.247;44.0879;-93.226
63.255.140.248;63.255.141.255;34.7872;-92.3968
63.255.142.0;63.255.142.255;34.7867;-92.3969
63.255.143.0;63.255.143.255;47.1905;-122.392
63.255.144.0;63.255.145.3;34.7872;-92.3968
63.255.145.4;63.255.145.255;34.7867;-92.3969
63.255.146.0;63.255.146.255;45.5334;-122.871
63.255.147.0;63.255.147.255;45.6695;-122.624
63.255.148.0;63.255.148.255;45.5177;-122.678
63.255.149.0;63.255.149.255;45.5321;-122.657
63.255.150.0;63.255.151.191;34.7872;-92.3968
63.255.151.192;63.255.151.255;40.7128;-74.006
63.255.152.0;63.255.152.255;34.7872;-92.3968
63.255.153.0;63.255.153.175;43.1485;-93.2053
63.255.153.176;63.255.154.255;34.7872;-92.3968
63.255.155.0;63.255.155.255;34.788;-92.3937
63.255.156.0;63.255.156.239;37.7009;-85.8676
63.255.156.240;63.255.157.255;38.0406;-84.5037
63.255.158.0;63.255.158.255;34.7872;-92.3968
63.255.159.0;63.255.159.255;38.0654;-84.478
63.255.160.0;63.255.160.255;41.9151;-91.6411
63.255.161.0;63.255.161.231;40.7128;-74.006
63.255.161.232;63.255.162.255;34.7872;-92.3968
63.255.163.0;63.255.163.251;40.672;-111.842
63.255.163.252;63.255.164.255;34.7872;-92.3968
63.255.165.0;63.255.165.255;40.7669;-111.889
63.255.166.0;63.255.167.23;34.7872;-92.3968
63.255.167.24;63.255.167.239;40.7128;-74.006
63.255.167.240;63.255.169.3;34.7872;-92.3968
63.255.169.4;63.255.169.247;40.7128;-74.006
63.255.169.248;63.255.170.255;34.7872;-92.3968
63.255.171.0;63.255.171.255;34.7867;-92.3969
63.255.172.0;63.255.172.255;40.6315;-111.869
63.255.173.0;63.255.173.255;34.7872;-92.3968
63.255.174.0;63.255.174.255;34.7867;-92.3969
63.255.175.0;63.255.175.255;43.4812;-116.234
63.255.176.0;63.255.176.255;34.7872;-92.3968
63.255.177.0;63.255.177.255;40.7608;-111.891
63.255.178.0;63.255.179.15;34.7872;-92.3968
63.255.179.16;63.255.179.235;40.7128;-74.006
63.255.179.236;63.255.181.3;34.7872;-92.3968
63.255.181.4;63.255.181.247;34.788;-92.3937
63.255.181.248;63.255.183.3;34.7872;-92.3968
63.255.183.4;63.255.183.255;41.223;-111.974
63.255.184.0;63.255.184.255;34.7872;-92.3968
63.255.185.0;63.255.185.255;40.0601;-105.283
63.255.186.0;63.255.186.255;38.9126;-104.785
63.255.187.0;63.255.187.255;34.7872;-92.3968
63.255.188.0;63.255.188.247;40.7128;-74.006
63.255.188.248;63.255.190.7;34.7872;-92.3968
63.255.190.8;63.255.190.255;43.6036;-116.272
63.255.191.0;63.255.191.255;40.5251;-111.865
63.255.192.0;63.255.192.255;34.7867;-92.3969
63.255.193.0;63.255.193.255;34.7872;-92.3968
63.255.194.0;63.255.194.255;40.207;-111.629
63.255.195.0;63.255.196.3;34.7872;-92.3968
63.255.196.4;63.255.196.255;34.7867;-92.3969
63.255.197.0;63.255.197.247;34.788;-92.3937
63.255.197.248;63.255.199.23;34.7872;-92.3968
63.255.199.24;63.255.199.255;34.788;-92.3937
63.255.200.0;63.255.200.235;40.7128;-74.006
63.255.200.236;63.255.202.19;34.7872;-92.3968
63.255.202.20;63.255.202.251;34.788;-92.3937
63.255.202.252;63.255.204.107;34.7872;-92.3968
63.255.204.108;63.255.204.179;34.788;-92.3937
63.255.204.180;63.255.206.227;34.7872;-92.3968
63.255.206.228;63.255.206.235;40.7128;-74.006
63.255.206.236;63.255.207.255;34.7872;-92.3968
63.255.208.0;63.255.208.247;34.7867;-92.3969
63.255.208.248;63.255.209.255;35.0458;-85.3094
63.255.210.0;63.255.210.255;39.9526;-75.1652
63.255.211.0;63.255.211.255;36.5736;-83.6534
63.255.212.0;63.255.212.255;43.0358;-77.455
63.255.213.0;63.255.213.95;39.2914;-76.6122
63.255.213.96;63.255.214.255;34.7872;-92.3968
63.255.215.0;63.255.215.255;40.7128;-74.006
63.255.216.0;63.255.216.255;34.7867;-92.3969
63.255.217.0;63.255.217.255;34.7872;-92.3968
63.255.218.0;63.255.218.255;34.7867;-92.3969
63.255.219.0;63.255.219.255;43.0358;-77.455
63.255.220.0;63.255.221.255;34.7867;-92.3969
63.255.222.0;63.255.222.255;39.9495;-75.1674
63.255.223.0;63.255.224.55;34.7867;-92.3969
63.255.224.56;63.255.224.239;40.7251;-89.5576
63.255.224.240;63.255.226.3;34.7872;-92.3968
63.255.226.4;63.255.226.255;40.7325;-89.5735
63.255.227.0;63.255.227.255;34.7872;-92.3968
63.255.228.0;63.255.228.255;34.7867;-92.3969
63.255.229.0;63.255.229.255;38.8429;-104.794
63.255.230.0;63.255.230.255;42.0027;-88.0928
63.255.231.0;63.255.231.191;39.7817;-89.6501
63.255.231.192;63.255.233.3;34.7872;-92.3968
63.255.233.4;63.255.233.255;34.788;-92.3937
63.255.234.0;63.255.234.255;43.54;-96.7308
63.255.235.0;63.255.235.255;42.4662;-92.3235
63.255.236.0;63.255.236.255;40.9246;-90.6471
63.255.237.0;63.255.237.255;40.073;-88.2494
63.255.238.0;63.255.238.255;34.7872;-92.3968
63.255.239.0;63.255.239.255;39.8454;-89.0249
63.255.240.0;63.255.240.255;40.7128;-74.006
63.255.241.0;63.255.241.255;34.7872;-92.3968
63.255.242.0;63.255.243.255;34.7867;-92.3969
63.255.244.0;63.255.244.255;38.0406;-84.5037
63.255.245.0;63.255.245.255;34.9387;-82.2271
63.255.246.0;63.255.246.255;34.7867;-92.3969
63.255.247.0;63.255.247.247;36.0999;-80.2442
63.255.247.248;63.255.248.255;34.7867;-92.3969
63.255.249.0;63.255.249.255;40.7128;-74.006
63.255.250.0;63.255.250.255;34.7872;-92.3968
63.255.251.0;63.255.251.255;34.7867;-92.3969
63.255.252.0;63.255.252.239;40.1044;-74.9832
63.255.252.240;63.255.253.255;34.7867;-92.3969
63.255.254.0;63.255.254.239;39.8609;-75.6869
63.255.254.240;63.255.255.255;34.7872;-92.3968